	Opt.	CR	FP
X^0	1	11	2
X^1	1	10	2
X^2	1	8	2
X^3	1	5	1
X^4	0	7	2

X^0	5	36	19
X^1	12	43	26
X^2	1	34	18
X^3	0	20	18
X^4	1	19	13

X^0	3	36	33
X^1	0	32	29
X^2	1	30	27
X^3	2	28	25
X^4	0	31	28

X^0	4	7	4
X^1	3	7	3
X^2	5	8	5
X^3	4	7	4
X^4	1	12	8

X^0	2	2	2
X^1	0	0	0
X^2	0	0	0
X^3	1	1	1
X^4	1	1	1

X^0	1	12	6
X^1	1	14	5
X^2	1	10	4
X^3	2	11	5
X^4	8	17	13

X^0	4	8	4
X^1	0	7	4
X^2	1	7	4
X^3	0	9	5
X^4	0	10	6

X^0	1	18	4
X^1	1	18	9
X^2	1	18	9
X^3	1	10	7
X^4	0	9	3

X^0	1	23	10
X^1	5	27	15
X^2	2	19	12
X^3	1	11	5
X^4	1	7	1

X^0	2	10	9
X^1	0	9	8
X^2	0	6	2
X^3	2	7	5
X^4	0	7	3

X^0	1	41	19
X^1	1	47	20
X^2	0	43	12
X^3	3	37	35
X^4	0	32	28

X^0	2	4	2
X^1	2	3	2
X^2	2	3	2
X^3	1	3	1
X^4	0	0	0

X^0	2	15	6
X^1	2	10	2
X^2	2	12	8
X^3	2	11	6
X^4	2	5	2

X^0	2	4	2
X^1	2	5	2
X^2	0	3	0
X^3	0	2	0
X^4	0	0	0

X^0	2	47	30
X^1	2	32	29
X^2	2	27	15
X^3	2	10	9
X^4	3	20	19

X^0	2	23	8
X^1	2	28	10
X^2	5	33	21
X^3	1	24	18
X^4	0	15	9

X^0	4	25	12
X^1	4	19	10
X^2	4	17	4
X^3	2	15	8
X^4	0	21	6

X^0	1	184	92
X^1	1	184	92
X^2	2	184	93
X^3	2	95	93
X^4	0	91	89

X^0	6	20	7
X^1	6	18	6
X^2	6	19	8
X^3	6	11	6
X^4	2	15	8

X^0	3	109	65
X^1	3	44	41
X^2	3	89	49
X^3	1	38	34
X^4	1	61	57

X^0	1	11	5
X^1	2	7	3
X^2	3	5	3
X^3	0	5	3
X^4	1	5	1

X^0	12	17	12
X^1	2	4	2
X^2	0	1	0
X^3	0	2	0
X^4	0	1	0

X^0	1	303	176
X^1	1	308	182
X^2	1	246	120
X^3	1	126	63
X^4	0	186	116

X^0	3	19	13
X^1	3	10	7
X^2	3	3	3
X^3	3	3	3
X^4	1	3	1

X^0	2	6	2
X^1	1	6	4
X^2	1	5	1
X^3	1	4	2
X^4	1	4	1

X^0	0	8	6
X^1	0	9	6
X^2	1	8	4
X^3	0	6	4
X^4	0	1	0

X^0	2	52	32
X^1	2	54	34
X^2	2	40	24
X^3	1	37	21
X^4	2	19	2

X^0	4	9	4
X^1	4	8	4
X^2	4	14	6
X^3	4	7	4
X^4	4	5	4

X^0	1	11	2
X^1	1	11	5
X^2	3	12	5
X^3	3	11	5
X^4	0	4	0

X^0	1	34	28
X^1	0	31	22
X^2	0	31	18
X^3	0	5	0
X^4	1	31	16

X^0	3	9	3
X^1	2	9	2
X^2	1	9	3
X^3	2	12	2
X^4	2	12	6

X^0	2	17	7
X^1	1	13	7
X^2	0	13	4
X^3	0	10	4
X^4	0	8	2

X^0	2	4	2
X^1	2	6	3
X^2	1	6	2
X^3	2	3	2
X^4	0	4	1

X^0	1	26	20
X^1	1	32	20
X^2	1	32	14
X^3	0	23	17
X^4	0	23	11

X^0	1	4	1
X^1	0	1	0
X^2	0	2	0
X^3	0	1	0
X^4	0	0	0

X^0	1	19	11
X^1	2	23	13
X^2	2	20	13
X^3	2	17	11
X^4	1	13	7

X^0	2	141	93
X^1	3	134	101
X^2	0	130	121
X^3	0	108	108
X^4	0	137	105

X^0	5	10	5
X^1	5	6	5
X^2	5	11	5
X^3	2	10	5
X^4	1	9	4

X^0	1	70	49
X^1	1	64	43
X^2	2	46	24
X^3	0	29	8
X^4	0	44	23

X^0	4	8	4
X^1	2	8	6
X^2	2	5	2
X^3	2	5	2
X^4	0	3	0

X^0	1	11	5
X^1	4	14	8
X^2	1	11	5
X^3	0	10	3
X^4	0	1	0

X^0	3	28	23
X^1	4	25	22
X^2	2	21	19
X^3	2	21	19
X^4	2	10	6

X^0	2	10	6
X^1	2	10	5
X^2	2	9	4
X^3	0	4	0
X^4	2	8	3

X^0	6	41	25
X^1	2	35	14
X^2	1	34	18
X^3	0	16	14
X^4	2	21	19

X^0	3	26	12
X^1	4	24	13
X^2	2	18	9
X^3	2	15	9
X^4	0	9	1

X^0	1	3	1
X^1	1	3	1
X^2	6	8	6
X^3	0	3	0
X^4	1	4	1

X^0	1	28	25
X^1	1	25	22
X^2	2	27	23
X^3	0	25	21
X^4	0	27	23

X^0	1	119	115
X^1	1	113	111
X^2	1	114	113
X^3	1	113	111
X^4	1	1	1

X^0	2	58	26
X^1	2	60	24
X^2	2	48	30
X^3	2	48	25
X^4	1	38	8

X^0	2	34	32
X^1	2	33	27
X^2	2	29	25
X^3	2	18	16
X^4	1	30	28

X^0	4	8	4
X^1	4	12	8
X^2	4	10	5
X^3	0	2	0
X^4	1	7	3

X^0	1	6	1
X^1	1	6	4
X^2	1	5	3
X^3	1	1	1
X^4	1	5	3

X^0	2	173	87
X^1	1	171	83
X^2	1	171	84
X^3	0	92	88
X^4	0	85	79

X^0	1	10	3
X^1	2	12	8
X^2	5	17	12
X^3	3	14	11
X^4	3	11	7

X^0	1	8	2
X^1	2	5	3
X^2	1	5	3
X^3	1	1	1
X^4	1	9	7

X^0	3	66	47
X^1	1	64	43
X^2	1	66	47
X^3	1	38	35
X^4	0	24	21

X^0	2	14	6
X^1	2	15	8
X^2	3	17	10
X^3	6	17	13
X^4	0	9	4

X^0	1	10	2
X^1	1	11	4
X^2	1	9	5
X^3	5	13	9
X^4	1	8	4

X^0	5	54	24
X^1	0	27	16
X^2	3	39	9
X^3	1	34	29
X^4	0	4	1

X^0	2	12	10
X^1	0	12	8
X^2	1	7	6
X^3	0	0	0
X^4	1	7	1

X^0	4	14	4
X^1	3	13	4
X^2	3	10	3
X^3	3	3	3
X^4	0	10	0

X^0	1	14	1
X^1	1	18	7
X^2	1	15	7
X^3	3	14	7
X^4	0	12	3

X^0	0	7	2
X^1	2	6	2
X^2	3	8	3
X^3	1	5	1
X^4	2	4	2

X^0	1	313	162
X^1	4	317	166
X^2	2	328	177
X^3	1	171	165
X^4	1	159	155

X^0	2	27	21
X^1	1	23	21
X^2	2	26	20
X^3	0	22	19
X^4	3	17	15

X^0	1	25	18
X^1	4	24	20
X^2	2	18	12
X^3	3	13	10
X^4	3	3	3

X^0	3	15	8
X^1	2	16	8
X^2	3	15	8
X^3	2	14	10
X^4	3	14	8

X^0	7	10	8
X^1	1	1	1
X^2	1	1	1
X^3	1	2	1
X^4	1	1	1

X^0	2	35	21
X^1	1	39	21
X^2	1	37	21
X^3	1	30	20
X^4	1	22	13

X^0	4	146	74
X^1	4	144	72
X^2	1	139	74
X^3	4	73	69
X^4	5	79	75

X^0	3	42	18
X^1	4	42	16
X^2	6	43	19
X^3	1	21	15
X^4	1	24	19

X^0	2	17	7
X^1	3	12	4
X^2	6	17	8
X^3	4	11	7
X^4	1	8	4

X^0	2	38	19
X^1	4	45	26
X^2	7	32	29
X^3	1	17	13
X^4	1	2	1

X^0	2	9	3
X^1	5	10	5
X^2	1	5	1
X^3	2	5	2
X^4	0	3	0

X^0	2	58	36
X^1	2	58	28
X^2	2	45	27
X^3	2	32	29
X^4	1	30	24

X^0	4	322	164
X^1	3	321	163
X^2	0	317	161
X^3	0	163	159
X^4	0	156	154

X^0	1	20	2
X^1	2	18	2
X^2	0	17	4
X^3	2	17	12
X^4	0	20	9

X^0	6	52	46
X^1	6	41	35
X^2	6	43	32
X^3	6	41	32
X^4	0	27	20

X^0	3	13	3
X^1	3	9	3
X^2	0	10	2
X^3	1	9	2
X^4	1	12	6

X^0	3	3	3
X^1	5	6	5
X^2	1	1	1
X^3	1	1	1
X^4	0	0	0

X^0	3	20	9
X^1	1	18	8
X^2	0	12	6
X^3	2	13	8
X^4	0	0	0

X^0	3	3	3
X^1	3	4	3
X^2	3	3	3
X^3	2	2	2
X^4	2	2	2

X^0	1	15	11
X^1	1	17	11
X^2	0	24	18
X^3	0	15	14
X^4	1	11	2

X^0	2	2	2
X^1	2	5	2
X^2	1	5	2
X^3	1	3	1
X^4	0	4	1

X^0	6	21	12
X^1	7	21	14
X^2	10	21	15
X^3	6	14	9
X^4	1	8	3

X^0	1	18	13
X^1	1	6	1
X^2	0	5	2
X^3	1	13	12
X^4	1	3	1

X^0	1	5	4
X^1	0	0	0
X^2	4	4	4
X^3	1	1	1
X^4	3	4	4

X^0	2	2	2
X^1	2	2	2
X^2	0	3	0
X^3	0	0	0
X^4	0	5	1

X^0	5	7	5
X^1	1	2	1
X^2	1	1	1
X^3	0	0	0
X^4	1	2	1

X^0	6	11	7
X^1	2	5	2
X^2	2	6	2
X^3	3	9	5
X^4	1	6	1

X^0	6	27	27
X^1	0	12	10
X^2	2	23	23
X^3	0	6	2
X^4	0	23	23

X^0	2	18	12
X^1	2	17	12
X^2	2	11	6
X^3	2	2	2
X^4	2	2	2

X^0	2	12	8
X^1	0	10	7
X^2	0	9	6
X^3	0	12	4
X^4	3	9	6

X^0	2	2	2
X^1	2	2	2
X^2	2	2	2
X^3	1	1	1
X^4	2	2	2

X^0	3	105	67
X^1	3	106	71
X^2	3	104	70
X^3	1	71	70
X^4	4	72	38

X^0	2	5	2
X^1	2	3	2
X^2	2	2	2
X^3	0	2	0
X^4	0	2	0

X^0	4	6	4
X^1	1	4	1
X^2	2	5	2
X^3	3	6	3
X^4	1	1	1

X^0	2	4	2
X^1	2	4	2
X^2	1	4	1
X^3	1	4	1
X^4	0	5	0

X^0	2	47	31
X^1	2	28	14
X^2	2	30	18
X^3	0	31	17
X^4	0	10	0

X^0	4	12	8
X^1	4	11	7
X^2	4	13	9
X^3	4	5	4
X^4	1	12	5

X^0	2	6	2
X^1	2	3	2
X^2	0	3	0
X^3	3	6	3
X^4	0	2	0

X^0	5	35	16
X^1	1	34	16
X^2	5	34	14
X^3	1	25	15
X^4	1	21	10

X^0	2	22	14
X^1	3	24	16
X^2	2	21	16
X^3	0	13	8
X^4	0	11	3

X^0	5	26	16
X^1	1	23	12
X^2	1	25	12
X^3	2	16	14
X^4	1	13	10

X^0	4	113	106
X^1	4	112	107
X^2	4	113	108
X^3	2	112	109
X^4	4	101	96

X^0	2	2	2
X^1	2	2	2
X^2	3	4	3
X^3	2	3	2
X^4	2	2	2

X^0	1	32	18
X^1	0	34	15
X^2	3	28	18
X^3	0	9	3
X^4	2	23	15

X^0	3	11	3
X^1	1	13	7
X^2	2	15	7
X^3	0	8	7
X^4	0	8	5

X^0	4	21	12
X^1	3	17	11
X^2	5	21	14
X^3	1	17	11
X^4	0	8	2

X^0	1	20	17
X^1	1	19	16
X^2	0	19	16
X^3	0	20	20
X^4	1	19	16

X^0	0	186	95
X^1	0	183	92
X^2	1	178	91
X^3	1	93	90
X^4	0	87	85

X^0	7	18	8
X^1	5	19	8
X^2	4	14	9
X^3	4	10	5
X^4	1	6	1

X^0	2	4	2
X^1	7	10	7
X^2	4	6	4
X^3	1	1	1
X^4	1	5	2

X^0	3	20	9
X^1	0	19	11
X^2	3	18	12
X^3	3	8	3
X^4	1	12	8

X^0	3	4	3
X^1	3	5	3
X^2	3	3	3
X^3	3	10	5
X^4	3	3	3

X^0	0	9	3
X^1	0	7	1
X^2	2	2	2
X^3	2	7	2
X^4	0	0	0

X^0	2	2	2
X^1	2	2	2
X^2	2	2	2
X^3	2	2	2
X^4	0	0	0

X^0	2	31	18
X^1	4	31	18
X^2	3	23	7
X^3	2	24	18
X^4	0	17	9

X^0	2	9	5
X^1	3	10	4
X^2	4	10	6
X^3	2	7	5
X^4	1	3	1

X^0	2	9	2
X^1	2	7	2
X^2	2	3	2
X^3	2	2	2
X^4	0	3	0

X^0	3	39	32
X^1	3	39	32
X^2	2	38	31
X^3	2	16	8
X^4	0	38	32

X^0	1	34	18
X^1	2	34	18
X^2	1	30	13
X^3	1	14	12
X^4	0	13	9

X^0	0	19	4
X^1	2	21	10
X^2	1	17	5
X^3	0	0	0
X^4	0	17	5

X^0	1	13	7
X^1	3	17	12
X^2	4	16	7
X^3	0	8	4
X^4	0	6	5

X^0	1	12	10
X^1	1	13	8
X^2	1	12	7
X^3	1	12	11
X^4	2	15	10

X^0	3	5	3
X^1	3	4	3
X^2	3	5	3
X^3	1	3	1
X^4	0	2	0

X^0	1	74	42
X^1	1	81	47
X^2	0	84	58
X^3	0	53	35
X^4	2	57	39

X^0	6	18	7
X^1	7	17	8
X^2	4	13	6
X^3	2	12	4
X^4	2	9	2

X^0	4	11	6
X^1	4	7	4
X^2	4	5	4
X^3	4	4	4
X^4	4	4	4

X^0	8	10	8
X^1	8	12	8
X^2	8	8	8
X^3	2	8	2
X^4	1	7	2

X^0	2	193	93
X^1	2	194	93
X^2	2	129	92
X^3	3	101	95
X^4	0	99	94

X^0	1	45	31
X^1	1	41	31
X^2	0	32	25
X^3	4	22	21
X^4	1	6	3

X^0	3	11	6
X^1	8	16	8
X^2	3	8	4
X^3	3	5	3
X^4	1	3	1

X^0	1	18	13
X^1	3	25	20
X^2	1	14	9
X^3	4	21	11
X^4	1	19	14

X^0	2	50	44
X^1	6	57	54
X^2	7	59	56
X^3	6	55	47
X^4	4	55	51

X^0	0	5	0
X^1	1	6	5
X^2	0	6	4
X^3	0	7	6
X^4	0	4	3

X^0	3	18	14
X^1	1	17	13
X^2	5	18	13
X^3	0	10	5
X^4	2	14	10

X^0	2	8	2
X^1	1	5	1
X^2	1	6	2
X^3	0	5	0
X^4	0	4	0

X^0	4	11	4
X^1	4	8	4
X^2	0	4	3
X^3	1	4	3
X^4	0	0	0

X^0	2	44	25
X^1	1	47	27
X^2	1	36	32
X^3	1	18	17
X^4	2	20	15

X^0	2	53	26
X^1	2	48	26
X^2	1	47	26
X^3	1	29	22
X^4	1	29	18

X^0	1	9	5
X^1	0	7	5
X^2	1	4	1
X^3	0	0	0
X^4	1	4	3

X^0	3	51	45
X^1	3	57	54
X^2	3	52	43
X^3	3	42	34
X^4	0	47	44

X^0	2	55	46
X^1	3	71	53
X^2	1	68	50
X^3	0	47	45
X^4	1	45	24

X^0	1	67	44
X^1	1	67	49
X^2	0	67	49
X^3	0	51	46
X^4	1	47	32

X^0	1	114	71
X^1	1	119	77
X^2	1	115	78
X^3	1	76	73
X^4	0	75	37

X^0	1	12	11
X^1	1	8	7
X^2	1	1	1
X^3	1	1	1
X^4	1	1	1

X^0	3	3	3
X^1	2	9	5
X^2	2	2	2
X^3	2	2	2
X^4	0	9	5

X^0	1	7	5
X^1	1	8	6
X^2	2	5	3
X^3	2	3	2
X^4	0	4	1

X^0	2	15	6
X^1	2	3	2
X^2	2	13	5
X^3	2	2	2
X^4	2	10	2

X^0	5	5	5
X^1	5	5	5
X^2	9	10	9
X^3	6	10	6
X^4	0	4	0

X^0	0	5	3
X^1	0	9	3
X^2	0	5	2
X^3	0	3	2
X^4	0	1	0

X^0	2	181	176
X^1	2	169	165
X^2	4	142	135
X^3	2	174	169
X^4	0	174	170

X^0	4	60	28
X^1	4	55	26
X^2	4	60	28
X^3	4	31	27
X^4	3	34	29

X^0	1	6	5
X^1	3	12	11
X^2	1	7	5
X^3	0	0	0
X^4	3	5	4

X^0	3	17	11
X^1	3	15	7
X^2	3	13	9
X^3	0	11	9
X^4	3	8	3

X^0	4	17	5
X^1	1	13	7
X^2	1	10	7
X^3	0	6	3
X^4	0	3	0

X^0	2	44	24
X^1	1	43	23
X^2	1	43	18
X^3	1	25	24
X^4	0	21	20

X^0	3	21	14
X^1	3	19	16
X^2	3	20	15
X^3	3	19	16
X^4	3	4	3

X^0	0	15	11
X^1	4	20	15
X^2	0	16	7
X^3	0	12	11
X^4	0	11	3

X^0	3	126	77
X^1	3	110	62
X^2	3	123	68
X^3	3	48	42
X^4	0	78	75

X^0	3	9	3
X^1	2	9	5
X^2	1	5	1
X^3	1	3	1
X^4	0	7	2

X^0	0	97	95
X^1	0	98	96
X^2	0	96	91
X^3	0	90	87
X^4	0	95	93

X^0	3	9	3
X^1	3	5	3
X^2	3	3	3
X^3	3	3	3
X^4	0	6	1

X^0	1	19	18
X^1	2	20	19
X^2	1	18	16
X^3	0	20	20
X^4	1	17	17

X^0	3	13	3
X^1	3	7	3
X^2	3	8	3
X^3	4	4	4
X^4	2	9	2

X^0	2	2	2
X^1	2	2	2
X^2	2	2	2
X^3	0	0	0
X^4	2	3	2

X^0	2	2	2
X^1	1	3	1
X^2	3	3	3
X^3	0	0	0
X^4	1	1	1

X^0	2	5	2
X^1	1	1	1
X^2	1	1	1
X^3	1	1	1
X^4	0	0	0

X^0	1	10	3
X^1	1	15	8
X^2	1	16	9
X^3	1	11	7
X^4	0	8	3

X^0	2	352	198
X^1	1	315	190
X^2	3	315	174
X^3	3	156	154
X^4	0	141	139

X^0	0	7	0
X^1	1	9	5
X^2	0	7	4
X^3	2	7	3
X^4	0	4	0

X^0	2	10	6
X^1	1	13	9
X^2	1	13	8
X^3	1	8	6
X^4	0	7	5

X^0	1	9	6
X^1	2	10	10
X^2	2	8	8
X^3	2	7	7
X^4	2	6	3

X^0	5	10	5
X^1	6	10	6
X^2	6	10	6
X^3	4	10	4
X^4	4	4	4

X^0	2	3	2
X^1	3	3	3
X^2	3	4	3
X^3	2	3	2
X^4	1	2	1

X^0	2	9	5
X^1	0	8	2
X^2	2	7	2
X^3	2	5	2
X^4	0	5	2

X^0	3	13	4
X^1	0	14	0
X^2	5	14	7
X^3	0	10	5
X^4	0	0	0

X^0	1	3	1
X^1	1	3	2
X^2	2	5	2
X^3	1	3	1
X^4	1	1	1

X^0	3	137	69
X^1	3	136	67
X^2	3	136	85
X^3	3	92	89
X^4	1	62	48

X^0	1	14	5
X^1	1	16	7
X^2	1	18	9
X^3	1	12	8
X^4	0	9	5

X^0	3	42	21
X^1	2	39	21
X^2	1	26	18
X^3	1	25	10
X^4	1	12	1

X^0	2	10	4
X^1	1	10	5
X^2	1	10	2
X^3	0	9	6
X^4	0	8	4

X^0	1	14	13
X^1	1	14	7
X^2	1	2	1
X^3	0	1	0
X^4	2	13	11

X^0	2	35	18
X^1	2	35	20
X^2	0	32	17
X^3	0	15	11
X^4	0	20	17

X^0	5	53	46
X^1	3	51	42
X^2	3	47	43
X^3	3	36	32
X^4	0	46	42

X^0	3	16	8
X^1	6	23	9
X^2	0	12	2
X^3	0	1	0
X^4	0	12	6

X^0	1	59	47
X^1	1	39	36
X^2	2	23	17
X^3	1	16	4
X^4	2	2	2

X^0	2	17	13
X^1	2	12	9
X^2	2	14	9
X^3	2	12	7
X^4	0	11	7

X^0	1	11	7
X^1	1	6	1
X^2	2	4	2
X^3	3	5	3
X^4	1	2	1

X^0	2	42	39
X^1	3	43	41
X^2	3	44	40
X^3	2	43	36
X^4	2	44	40

X^0	2	3	2
X^1	1	3	1
X^2	2	5	2
X^3	4	9	5
X^4	1	1	1

X^0	5	5	5
X^1	10	10	10
X^2	0	0	0
X^3	0	0	0
X^4	0	0	0

X^0	3	15	7
X^1	5	17	9
X^2	1	7	3
X^3	1	7	2
X^4	0	11	7

X^0	1	8	7
X^1	0	4	4
X^2	1	1	1
X^3	0	0	0
X^4	3	6	5

X^0	2	37	26
X^1	1	29	17
X^2	0	29	17
X^3	0	31	11
X^4	0	22	10

X^0	2	27	15
X^1	2	26	14
X^2	2	22	18
X^3	0	13	8
X^4	0	4	0

X^0	3	12	9
X^1	8	30	27
X^2	1	12	8
X^3	1	19	16
X^4	1	1	1

X^0	3	14	9
X^1	2	13	6
X^2	1	8	5
X^3	4	10	5
X^4	0	0	0

X^0	1	11	10
X^1	1	11	10
X^2	1	9	8
X^3	0	4	3
X^4	0	0	0

X^0	3	10	5
X^1	2	11	5
X^2	2	13	7
X^3	1	7	7
X^4	0	6	4

X^0	3	3	3
X^1	2	2	2
X^2	2	2	2
X^3	1	3	1
X^4	2	2	2

X^0	3	21	17
X^1	3	17	10
X^2	3	22	18
X^3	3	12	7
X^4	1	14	9

X^0	0	21	19
X^1	0	22	19
X^2	0	21	19
X^3	0	21	19
X^4	0	20	18

X^0	1	32	17
X^1	1	28	16
X^2	0	19	16
X^3	0	12	9
X^4	0	0	0

X^0	1	12	8
X^1	1	9	5
X^2	1	6	5
X^3	1	4	3
X^4	1	1	1

X^0	4	15	11
X^1	7	19	17
X^2	5	16	13
X^3	0	12	10
X^4	0	12	8

X^0	2	5	2
X^1	2	5	2
X^2	2	3	2
X^3	2	4	2
X^4	2	2	2

X^0	3	11	6
X^1	1	10	5
X^2	2	15	7
X^3	1	8	7
X^4	1	1	1

X^0	2	9	5
X^1	2	11	7
X^2	1	2	1
X^3	0	0	0
X^4	0	0	0

X^0	1	105	100
X^1	2	108	100
X^2	3	105	100
X^3	3	105	100
X^4	0	85	80

X^0	3	38	23
X^1	3	34	26
X^2	3	24	21
X^3	1	22	16
X^4	1	1	1

X^0	3	12	3
X^1	4	12	6
X^2	2	9	5
X^3	2	9	5
X^4	1	6	1

X^0	1	2	1
X^1	1	2	1
X^2	2	2	2
X^3	2	2	2
X^4	0	1	0

X^0	0	39	22
X^1	4	42	25
X^2	4	28	24
X^3	0	17	14
X^4	1	17	14

X^0	3	5	3
X^1	3	8	3
X^2	4	9	5
X^3	0	4	0
X^4	0	1	0

X^0	3	101	50
X^1	3	101	50
X^2	1	104	55
X^3	1	58	55
X^4	0	49	46

X^0	6	17	10
X^1	6	13	6
X^2	5	16	8
X^3	5	13	6
X^4	2	14	5

X^0	1	17	10
X^1	4	16	10
X^2	1	6	1
X^3	1	1	1
X^4	2	11	3

X^0	4	4	4
X^1	4	4	4
X^2	1	5	1
X^3	1	1	1
X^4	1	5	1

X^0	1	24	8
X^1	5	31	16
X^2	1	27	13
X^3	1	22	18
X^4	0	0	0

X^0	2	4	2
X^1	2	3	2
X^2	2	3	2
X^3	3	3	3
X^4	2	7	3

X^0	3	9	3
X^1	3	11	5
X^2	2	8	2
X^3	2	5	2
X^4	0	3	0

X^0	5	13	6
X^1	4	12	4
X^2	2	8	2
X^3	2	2	2
X^4	0	8	0

X^0	2	4	2
X^1	0	4	0
X^2	0	2	0
X^3	0	4	0
X^4	0	0	0

X^0	2	2	2
X^1	2	4	2
X^2	2	3	2
X^3	5	5	5
X^4	0	5	3

X^0	3	12	6
X^1	4	13	6
X^2	3	11	7
X^3	1	1	1
X^4	1	9	5

X^0	3	451	224
X^1	5	447	225
X^2	1	438	218
X^3	1	219	215
X^4	0	226	218

X^0	1	62	51
X^1	1	63	51
X^2	2	61	51
X^3	2	52	40
X^4	0	48	39

X^0	5	10	5
X^1	2	7	2
X^2	4	7	4
X^3	4	4	4
X^4	1	1	1

X^0	1	23	15
X^1	1	23	15
X^2	2	17	15
X^3	0	9	7
X^4	1	11	9

X^0	1	2	1
X^1	1	1	1
X^2	2	3	2
X^3	1	1	1
X^4	0	3	0

X^0	2	32	13
X^1	2	23	11
X^2	2	23	8
X^3	1	21	14
X^4	2	17	13

X^0	1	20	8
X^1	3	23	15
X^2	0	12	9
X^3	0	10	8
X^4	0	0	0

X^0	1	8	2
X^1	2	8	3
X^2	1	1	1
X^3	2	8	5
X^4	0	0	0

X^0	3	25	17
X^1	3	33	25
X^2	3	16	7
X^3	0	9	1
X^4	4	24	16

X^0	3	12	5
X^1	1	13	8
X^2	1	11	8
X^3	2	14	12
X^4	0	9	7

X^0	1	69	35
X^1	0	67	33
X^2	0	62	33
X^3	3	41	37
X^4	0	34	32

X^0	0	24	11
X^1	0	21	11
X^2	0	14	8
X^3	0	8	2
X^4	0	5	0

X^0	2	12	8
X^1	2	9	5
X^2	2	12	8
X^3	2	3	2
X^4	2	14	10

X^0	4	210	138
X^1	3	219	138
X^2	2	217	138
X^3	2	145	140
X^4	2	139	73

X^0	1	3	2
X^1	1	2	1
X^2	1	2	1
X^3	1	1	1
X^4	0	0	0

X^0	4	7	4
X^1	5	9	5
X^2	1	4	1
X^3	2	3	2
X^4	2	8	2

X^0	4	23	15
X^1	2	22	13
X^2	1	15	6
X^3	0	13	5
X^4	0	2	0

X^0	4	14	10
X^1	3	10	5
X^2	3	9	4
X^3	3	7	3
X^4	3	4	3

X^0	4	49	25
X^1	1	46	19
X^2	2	47	19
X^3	1	26	21
X^4	0	24	18

X^0	4	340	335
X^1	2	343	339
X^2	1	340	334
X^3	1	340	337
X^4	0	338	334

X^0	0	5	4
X^1	0	4	2
X^2	0	1	0
X^3	0	0	0
X^4	1	4	3

X^0	1	2	1
X^1	2	3	2
X^2	0	2	0
X^3	2	5	4
X^4	0	3	0

X^0	4	4	4
X^1	4	4	4
X^2	1	1	1
X^3	1	1	1
X^4	1	1	1

X^0	3	13	7
X^1	3	10	4
X^2	3	11	7
X^3	3	12	8
X^4	1	8	4

X^0	1	249	239
X^1	3	248	246
X^2	4	245	244
X^3	4	244	243
X^4	1	242	241

X^0	2	82	77
X^1	2	82	78
X^2	2	82	79
X^3	3	105	101
X^4	2	81	77

X^0	1	6	3
X^1	4	8	4
X^2	1	6	3
X^3	3	7	3
X^4	1	2	1

X^0	1	3	1
X^1	0	2	0
X^2	3	4	3
X^3	2	4	2
X^4	2	2	2

X^0	2	13	2
X^1	0	17	9
X^2	0	16	11
X^3	1	16	16
X^4	0	0	0

X^0	5	12	6
X^1	3	14	5
X^2	3	15	10
X^3	1	10	8
X^4	0	4	2

X^0	1	3	1
X^1	2	4	2
X^2	2	2	2
X^3	0	0	0
X^4	1	1	1

X^0	2	5	3
X^1	5	6	5
X^2	1	4	1
X^3	1	2	1
X^4	3	6	3

X^0	3	61	33
X^1	2	59	33
X^2	2	55	35
X^3	2	36	34
X^4	0	32	16

X^0	3	100	56
X^1	4	99	53
X^2	2	85	56
X^3	1	90	57
X^4	0	91	39

X^0	2	34	18
X^1	2	32	16
X^2	2	31	14
X^3	1	22	19
X^4	0	19	15

X^0	2	6	3
X^1	2	6	3
X^2	2	6	2
X^3	3	7	3
X^4	5	10	5

X^0	3	4	3
X^1	3	3	3
X^2	3	5	3
X^3	3	3	3
X^4	3	5	3

X^0	1	7	4
X^1	2	8	5
X^2	1	2	1
X^3	1	1	1
X^4	0	6	4

X^0	3	16	12
X^1	3	17	14
X^2	3	14	11
X^3	3	17	11
X^4	1	10	7

X^0	1	264	183
X^1	1	263	180
X^2	1	255	150
X^3	1	184	181
X^4	1	184	109

X^0	1	71	31
X^1	1	72	31
X^2	1	65	33
X^3	0	40	28
X^4	1	50	25

X^0	1	8	3
X^1	1	4	1
X^2	1	2	1
X^3	1	1	1
X^4	1	2	1

X^0	3	6	3
X^1	3	6	3
X^2	3	6	3
X^3	3	5	3
X^4	1	4	1

X^0	4	29	21
X^1	4	29	21
X^2	4	26	20
X^3	4	29	23
X^4	4	4	4

X^0	2	2	2
X^1	6	6	6
X^2	1	1	1
X^3	1	1	1
X^4	0	1	0

X^0	5	24	14
X^1	4	23	11
X^2	1	10	7
X^3	4	12	9
X^4	1	7	4

X^0	1	44	32
X^1	0	43	33
X^2	0	42	33
X^3	0	37	28
X^4	0	30	22

X^0	5	9	5
X^1	2	2	2
X^2	3	3	3
X^3	2	2	2
X^4	0	3	0

X^0	1	9	1
X^1	0	12	5
X^2	1	13	6
X^3	1	10	7
X^4	1	8	5

X^0	2	3	2
X^1	1	2	1
X^2	1	3	1
X^3	1	1	1
X^4	0	5	1

X^0	1	11068	500
X^1	7	11068	500
X^2	7	11068	500
X^3	3	11068	500
X^4	0	11670	500

X^0	4	19	14
X^1	2	19	15
X^2	2	19	15
X^3	2	19	15
X^4	0	13	8

X^0	2	2	2
X^1	2	2	2
X^2	2	2	2
X^3	2	2	2
X^4	1	1	1

X^0	1	4	2
X^1	1	2	1
X^2	0	0	0
X^3	0	1	0
X^4	0	0	0

X^0	1	48	22
X^1	1	49	23
X^2	1	49	25
X^3	1	24	24
X^4	0	22	21

X^0	3	9	3
X^1	5	15	9
X^2	2	11	8
X^3	1	9	8
X^4	2	7	5

X^0	5	11	8
X^1	3	6	3
X^2	1	3	1
X^3	1	1	1
X^4	4	4	4

X^0	1	12	3
X^1	2	13	9
X^2	1	12	11
X^3	0	10	9
X^4	0	8	6

X^0	4	12	7
X^1	6	8	6
X^2	1	2	1
X^3	1	1	1
X^4	2	4	2

X^0	2	29	14
X^1	2	31	16
X^2	3	23	8
X^3	0	11	0
X^4	2	22	7

X^0	8	330	321
X^1	8	311	305
X^2	8	301	292
X^3	3	300	298
X^4	1	302	299

X^0	3	11	5
X^1	3	12	6
X^2	3	13	8
X^3	3	8	3
X^4	3	3	3

X^0	1	27	11
X^1	1	25	9
X^2	0	22	9
X^3	1	17	5
X^4	0	14	2

X^0	1	6	3
X^1	1	3	1
X^2	3	7	4
X^3	1	2	1
X^4	2	4	3

X^0	1	20	12
X^1	1	19	9
X^2	1	12	6
X^3	5	17	14
X^4	0	6	2

X^0	3	16	12
X^1	1	17	15
X^2	1	13	11
X^3	0	11	8
X^4	0	3	0

X^0	1	2	1
X^1	1	5	3
X^2	3	8	6
X^3	0	5	2
X^4	0	2	0

X^0	3	28	14
X^1	1	25	14
X^2	0	25	13
X^3	0	33	28
X^4	1	24	17

X^0	3	227	115
X^1	3	228	117
X^2	3	216	113
X^3	3	116	113
X^4	0	103	100

X^0	1	26	11
X^1	1	20	3
X^2	1	21	4
X^3	2	21	15
X^4	2	24	12

X^0	2	12	4
X^1	1	7	3
X^2	1	1	1
X^3	1	1	1
X^4	0	6	2

X^0	2	6	4
X^1	2	6	3
X^2	2	5	2
X^3	2	2	2
X^4	1	6	3

X^0	1	12	9
X^1	1	15	10
X^2	3	18	9
X^3	1	10	10
X^4	0	10	5

X^0	1	5	1
X^1	1	6	4
X^2	0	8	6
X^3	1	6	4
X^4	0	0	0

X^0	2	25	20
X^1	1	18	17
X^2	0	5	2
X^3	3	9	5
X^4	0	17	16

X^0	1	2	1
X^1	2	2	2
X^2	2	2	2
X^3	1	2	1
X^4	0	2	0

X^0	1	63	57
X^1	1	64	58
X^2	1	61	50
X^3	0	23	18
X^4	1	61	47

X^0	7	28	19
X^1	7	28	12
X^2	7	33	17
X^3	7	24	16
X^4	3	21	14

X^0	1	2	1
X^1	1	1	1
X^2	3	3	3
X^3	5	5	5
X^4	2	3	2

X^0	1	165	76
X^1	5	168	82
X^2	2	164	81
X^3	2	88	79
X^4	0	9	0

X^0	3	41	17
X^1	3	37	17
X^2	3	37	17
X^3	3	19	16
X^4	0	21	17

X^0	2	5	3
X^1	2	5	2
X^2	1	3	1
X^3	0	2	0
X^4	0	3	0

X^0	5	48	31
X^1	2	47	30
X^2	2	48	25
X^3	0	32	31
X^4	3	29	19

X^0	4	4	4
X^1	7	7	7
X^2	1	2	1
X^3	3	4	3
X^4	6	6	6

X^0	3	7	3
X^1	3	6	3
X^2	5	7	6
X^3	11	11	11
X^4	0	0	0

X^0	1	7	5
X^1	1	10	8
X^2	1	9	5
X^3	0	7	7
X^4	1	8	5

X^0	3	63	30
X^1	3	63	26
X^2	3	35	28
X^3	3	32	27
X^4	3	3	3

X^0	5	63	38
X^1	1	66	40
X^2	2	67	41
X^3	1	33	31
X^4	3	36	34

X^0	2	11	5
X^1	2	11	4
X^2	4	9	4
X^3	1	7	4
X^4	1	1	1

X^0	1	5	4
X^1	1	5	4
X^2	1	2	1
X^3	0	0	0
X^4	0	0	0

X^0	3	5	3
X^1	1	2	1
X^2	2	2	2
X^3	1	1	1
X^4	0	4	2

X^0	2	249	245
X^1	1	251	244
X^2	1	246	242
X^3	1	246	242
X^4	0	286	284

X^0	2	64	40
X^1	1	66	42
X^2	1	61	37
X^3	1	24	21
X^4	0	39	33

X^0	5	11	5
X^1	2	9	2
X^2	1	7	4
X^3	1	1	1
X^4	1	6	3

X^0	1	2	1
X^1	1	1	1
X^2	1	2	1
X^3	1	1	1
X^4	1	1	1

X^0	2	25	18
X^1	1	22	15
X^2	0	16	11
X^3	0	14	10
X^4	0	10	8

X^0	4	86	84
X^1	2	77	72
X^2	2	83	80
X^3	2	77	75
X^4	4	87	85

X^0	1	4	1
X^1	0	2	0
X^2	0	1	0
X^3	0	0	0
X^4	0	1	0

X^0	2	80	39
X^1	2	80	40
X^2	1	70	38
X^3	1	40	35
X^4	0	42	29

X^0	1	132	120
X^1	0	131	121
X^2	0	114	113
X^3	0	105	104
X^4	0	124	123

X^0	2	23	19
X^1	1	22	16
X^2	1	15	12
X^3	1	20	17
X^4	1	5	2

X^0	3	21	11
X^1	3	23	13
X^2	2	15	13
X^3	2	10	8
X^4	2	2	2

X^0	1	6	2
X^1	1	5	1
X^2	3	8	5
X^3	0	1	0
X^4	0	4	1

X^0	4	52	30
X^1	4	51	30
X^2	4	46	33
X^3	6	37	33
X^4	15	43	29

X^0	2	26	23
X^1	2	26	23
X^2	2	2	2
X^3	3	3	3
X^4	1	27	25

X^0	2	8	6
X^1	2	4	2
X^2	4	6	4
X^3	0	2	0
X^4	0	8	0

X^0	4	64	34
X^1	1	64	37
X^2	3	63	36
X^3	0	27	21
X^4	2	39	34

X^0	2	9	5
X^1	2	8	6
X^2	2	8	5
X^3	1	4	2
X^4	0	2	0

X^0	3	14	7
X^1	1	15	9
X^2	3	16	8
X^3	0	10	8
X^4	3	10	7

X^0	2	118	57
X^1	3	123	62
X^2	1	122	61
X^3	1	64	56
X^4	1	8	1

X^0	1	15	4
X^1	1	15	8
X^2	2	14	8
X^3	0	8	5
X^4	1	11	4

X^0	2	44	42
X^1	2	44	42
X^2	2	46	43
X^3	2	44	43
X^4	1	48	47

X^0	2	47	26
X^1	2	52	16
X^2	1	62	28
X^3	1	34	16
X^4	0	42	25

X^0	1	12	3
X^1	1	9	1
X^2	1	6	2
X^3	1	2	1
X^4	1	6	2

X^0	1	3	1
X^1	1	3	1
X^2	0	3	1
X^3	0	3	2
X^4	2	6	4

X^0	0	52	34
X^1	2	39	22
X^2	1	49	30
X^3	0	17	11
X^4	1	33	32

X^0	4	31	25
X^1	1	33	29
X^2	2	32	29
X^3	2	25	21
X^4	2	31	25

X^0	1	10	1
X^1	1	8	4
X^2	1	2	1
X^3	1	1	1
X^4	0	2	0

X^0	2	26	22
X^1	3	19	14
X^2	2	5	2
X^3	2	2	2
X^4	3	19	15

X^0	3	28	15
X^1	3	27	14
X^2	3	19	6
X^3	3	9	6
X^4	2	13	7

X^0	4	34	15
X^1	4	34	13
X^2	4	31	13
X^3	1	17	12
X^4	0	20	15

X^0	7	13	9
X^1	3	9	5
X^2	1	4	1
X^3	3	7	3
X^4	5	13	8

X^0	3	48	44
X^1	11	56	52
X^2	1	47	44
X^3	1	47	46
X^4	0	38	34

X^0	0	7	4
X^1	0	6	3
X^2	1	10	8
X^3	2	9	7
X^4	3	8	4

X^0	4	16	10
X^1	4	19	14
X^2	2	17	10
X^3	0	15	12
X^4	0	16	9

X^0	2	32	18
X^1	2	29	16
X^2	3	26	16
X^3	3	17	14
X^4	0	9	5

X^0	0	503	254
X^1	3	494	255
X^2	0	474	242
X^3	0	231	225
X^4	2	251	243

X^0	1	1	1
X^1	1	1	1
X^2	1	1	1
X^3	1	1	1
X^4	0	0	0

X^0	2	14	5
X^1	2	6	4
X^2	2	14	8
X^3	2	6	2
X^4	0	7	3

X^0	4	20	18
X^1	2	17	15
X^2	2	17	14
X^3	0	15	12
X^4	0	16	13

X^0	4	10	6
X^1	3	7	4
X^2	1	4	1
X^3	1	1	1
X^4	1	5	1

X^0	2	166	159
X^1	4	169	162
X^2	2	160	153
X^3	1	158	151
X^4	0	161	155

X^0	2	12	11
X^1	5	15	11
X^2	1	11	5
X^3	3	12	11
X^4	2	7	6

X^0	1	16	11
X^1	1	18	15
X^2	5	20	15
X^3	0	9	4
X^4	4	16	11

X^0	1	5	2
X^1	1	4	1
X^2	1	3	1
X^3	3	4	3
X^4	0	0	0

X^0	4	126	113
X^1	4	125	121
X^2	4	118	112
X^3	2	77	73
X^4	0	122	117

X^0	4	92	55
X^1	3	86	47
X^2	1	79	42
X^3	1	44	28
X^4	0	3	0

X^0	1	4	2
X^1	1	1	1
X^2	1	1	1
X^3	3	3	3
X^4	0	0	0

X^0	3	59	38
X^1	3	59	35
X^2	3	56	22
X^3	3	37	31
X^4	0	40	33

X^0	4	18	10
X^1	1	16	5
X^2	1	15	9
X^3	1	10	6
X^4	2	14	7

X^0	3	6	3
X^1	1	2	1
X^2	0	0	0
X^3	1	1	1
X^4	1	1	1

X^0	1	15	7
X^1	0	16	7
X^2	0	13	7
X^3	2	14	9
X^4	3	12	7

X^0	4	9	4
X^1	4	11	4
X^2	4	8	4
X^3	3	11	7
X^4	3	12	7

X^0	2	19	8
X^1	3	19	8
X^2	1	18	7
X^3	1	11	7
X^4	0	12	7

X^0	2	4	2
X^1	2	3	2
X^2	2	3	2
X^3	4	7	4
X^4	2	2	2

X^0	6	312	163
X^1	6	314	162
X^2	1	315	159
X^3	1	156	152
X^4	0	169	159

X^0	3	11	4
X^1	4	7	4
X^2	4	6	4
X^3	4	6	4
X^4	4	4	4

X^0	2	40	23
X^1	2	26	21
X^2	2	28	10
X^3	2	19	16
X^4	1	16	11

X^0	3	17	6
X^1	3	20	10
X^2	1	17	5
X^3	0	14	8
X^4	0	11	2

X^0	2	19	16
X^1	2	19	15
X^2	2	19	16
X^3	2	20	17
X^4	0	20	17

X^0	1	14	7
X^1	0	14	7
X^2	0	12	3
X^3	0	12	6
X^4	0	11	5

X^0	2	9	5
X^1	1	6	3
X^2	1	4	1
X^3	0	6	2
X^4	0	0	0

X^0	1	18	9
X^1	2	30	17
X^2	1	21	13
X^3	1	17	11
X^4	5	19	12

X^0	0	9	2
X^1	1	8	1
X^2	0	5	0
X^3	0	4	1
X^4	0	1	0

X^0	2	20	13
X^1	2	20	17
X^2	2	24	22
X^3	2	24	20
X^4	0	19	15

X^0	7	30	20
X^1	2	19	12
X^2	1	10	3
X^3	0	0	0
X^4	0	5	0

X^0	3	48	26
X^1	3	48	29
X^2	3	48	30
X^3	3	31	28
X^4	1	24	13

X^0	2	2	2
X^1	1	2	1
X^2	1	1	1
X^3	3	3	3
X^4	0	0	0

X^0	1	12	7
X^1	1	9	2
X^2	1	7	2
X^3	0	8	2
X^4	0	2	0

X^0	3	6	3
X^1	3	7	3
X^2	3	3	3
X^3	3	6	3
X^4	3	3	3

X^0	4	58	31
X^1	6	41	33
X^2	0	25	12
X^3	0	4	0
X^4	1	25	12

X^0	2	10	5
X^1	4	15	9
X^2	2	7	2
X^3	2	6	3
X^4	0	4	1

X^0	1	72	46
X^1	1	70	46
X^2	1	49	47
X^3	1	24	15
X^4	1	1	1

X^0	3	5	3
X^1	2	6	2
X^2	2	2	2
X^3	1	1	1
X^4	2	2	2

X^0	3	3	3
X^1	0	0	0
X^2	0	0	0
X^3	1	1	1
X^4	0	0	0

X^0	2	6	2
X^1	2	6	2
X^2	1	5	2
X^3	1	4	1
X^4	0	4	0

X^0	2	154	93
X^1	2	157	97
X^2	2	149	88
X^3	3	95	90
X^4	0	99	96

X^0	1	29	25
X^1	1	30	21
X^2	2	32	29
X^3	1	32	29
X^4	0	28	22

X^0	3	8	3
X^1	3	5	3
X^2	1	1	1
X^3	1	3	1
X^4	0	2	0

X^0	5	47	28
X^1	5	45	27
X^2	5	39	22
X^3	5	26	21
X^4	0	21	12

X^0	0	9	5
X^1	0	11	6
X^2	1	8	3
X^3	0	9	4
X^4	1	9	5

X^0	1	9	4
X^1	0	11	5
X^2	1	11	5
X^3	0	6	0
X^4	3	11	7

X^0	2	30	14
X^1	3	32	17
X^2	3	26	14
X^3	6	25	17
X^4	2	12	4

X^0	2	10	7
X^1	0	8	6
X^2	0	3	2
X^3	0	0	0
X^4	2	2	2

X^0	2	27	10
X^1	4	36	20
X^2	1	27	13
X^3	1	15	12
X^4	1	9	2

X^0	2	51	26
X^1	1	55	29
X^2	1	51	27
X^3	5	35	32
X^4	2	27	24

X^0	1	14	7
X^1	1	13	6
X^2	0	9	1
X^3	0	3	0
X^4	2	9	2

X^0	1	17	9
X^1	1	11	9
X^2	1	7	1
X^3	1	1	1
X^4	1	8	5

X^0	1	5	2
X^1	3	5	3
X^2	1	7	4
X^3	0	8	5
X^4	0	0	0

X^0	2	2	2
X^1	1	2	1
X^2	5	7	5
X^3	1	2	1
X^4	0	3	1

X^0	2	30	13
X^1	2	39	22
X^2	1	36	22
X^3	0	22	17
X^4	0	19	17

X^0	3	13	11
X^1	5	15	10
X^2	3	11	5
X^3	3	8	3
X^4	0	5	0

X^0	3	3	3
X^1	3	3	3
X^2	5	5	5
X^3	1	1	1
X^4	0	0	0

X^0	1	32	23
X^1	0	32	23
X^2	0	28	19
X^3	0	29	19
X^4	2	23	14

X^0	6	12	6
X^1	3	10	4
X^2	3	9	3
X^3	3	9	3
X^4	3	5	3

X^0	1	6	4
X^1	1	1	1
X^2	0	2	0
X^3	7	11	7
X^4	0	1	0

X^0	1	141	70
X^1	4	146	74
X^2	1	138	70
X^3	2	75	69
X^4	0	7	0

X^0	1	88	61
X^1	6	93	66
X^2	1	86	60
X^3	1	61	58
X^4	0	54	29

X^0	2	8	3
X^1	3	9	3
X^2	2	8	2
X^3	0	6	2
X^4	0	5	1

X^0	2	34	12
X^1	2	28	8
X^2	2	25	5
X^3	2	18	8
X^4	2	26	12

X^0	1	7	3
X^1	4	7	4
X^2	1	6	3
X^3	1	7	1
X^4	3	6	3

X^0	2	31	14
X^1	2	23	15
X^2	1	14	5
X^3	1	7	1
X^4	5	15	6

X^0	3	11	5
X^1	4	12	6
X^2	1	6	4
X^3	4	8	6
X^4	1	1	1

X^0	4	17	6
X^1	4	14	4
X^2	4	10	4
X^3	4	4	4
X^4	0	12	3

X^0	0	17	6
X^1	1	21	11
X^2	3	21	13
X^3	0	13	12
X^4	1	13	8

X^0	1	12	6
X^1	0	10	6
X^2	1	8	2
X^3	0	1	0
X^4	4	11	7

X^0	1	9	5
X^1	1	9	4
X^2	1	9	1
X^3	1	10	5
X^4	4	11	6

X^0	2	13	2
X^1	2	9	2
X^2	2	7	2
X^3	1	1	1
X^4	1	9	3

X^0	1	21	17
X^1	1	20	13
X^2	1	19	13
X^3	1	13	8
X^4	0	16	13

X^0	4	5	4
X^1	4	4	4
X^2	1	1	1
X^3	0	0	0
X^4	0	9	8

X^0	1	6	5
X^1	1	3	2
X^2	0	4	2
X^3	1	3	2
X^4	0	3	2

X^0	2	11	5
X^1	3	13	11
X^2	2	8	6
X^3	2	2	2
X^4	1	13	11

X^0	2	13	7
X^1	2	14	8
X^2	0	17	11
X^3	1	11	7
X^4	0	10	7

X^0	1	23	14
X^1	1	19	9
X^2	0	17	10
X^3	0	10	3
X^4	0	17	10

X^0	2	176	113
X^1	2	179	117
X^2	2	171	114
X^3	2	113	106
X^4	0	112	55

X^0	2	4	2
X^1	6	9	6
X^2	1	5	3
X^3	6	18	17
X^4	0	5	2

X^0	1	55	52
X^1	1	59	56
X^2	1	56	54
X^3	1	56	53
X^4	1	29	25

X^0	2	25	17
X^1	2	23	16
X^2	0	20	14
X^3	2	19	13
X^4	3	3	3

X^0	4	14	9
X^1	3	12	6
X^2	3	11	9
X^3	4	9	6
X^4	2	2	2

X^0	3	10	5
X^1	4	12	6
X^2	3	10	6
X^3	0	8	4
X^4	0	6	0

X^0	1	3	1
X^1	1	7	6
X^2	1	1	1
X^3	4	10	8
X^4	0	0	0

X^0	2	58	32
X^1	2	54	31
X^2	2	48	28
X^3	2	36	24
X^4	0	30	13

X^0	0	240	125
X^1	4	243	125
X^2	4	238	120
X^3	4	126	103
X^4	4	4	4

X^0	1	1	1
X^1	1	1	1
X^2	1	1	1
X^3	1	1	1
X^4	0	4	0

X^0	5	30	21
X^1	3	28	18
X^2	4	29	18
X^3	3	26	18
X^4	1	5	1

X^0	5	27	17
X^1	5	29	18
X^2	5	24	18
X^3	5	18	13
X^4	0	10	5

X^0	3	5	3
X^1	0	5	2
X^2	6	10	7
X^3	2	6	3
X^4	3	6	3

X^0	2	74	37
X^1	1	67	36
X^2	1	57	30
X^3	1	27	24
X^4	0	44	30

X^0	2	297	293
X^1	1	295	290
X^2	1	294	290
X^3	1	292	289
X^4	1	292	289

X^0	3	19	8
X^1	5	24	13
X^2	2	18	11
X^3	2	13	8
X^4	4	13	8

X^0	2	7	4
X^1	2	5	4
X^2	3	6	4
X^3	1	4	3
X^4	0	3	0

X^0	6	52	30
X^1	4	46	28
X^2	0	38	24
X^3	0	28	26
X^4	0	13	10

X^0	1	4	1
X^1	0	4	0
X^2	2	5	2
X^3	1	3	1
X^4	0	0	0

X^0	4	25	18
X^1	6	31	22
X^2	3	30	17
X^3	1	16	11
X^4	0	2	0

X^0	4	62	38
X^1	1	60	36
X^2	2	59	33
X^3	2	39	37
X^4	0	29	19

X^0	5	81	45
X^1	5	81	44
X^2	2	79	47
X^3	2	32	30
X^4	2	62	57

X^0	3	27	24
X^1	3	29	24
X^2	0	23	17
X^3	0	20	15
X^4	0	20	16

X^0	2	22	20
X^1	1	22	18
X^2	2	18	16
X^3	0	4	2
X^4	3	19	16

X^0	4	14	7
X^1	5	10	6
X^2	1	6	1
X^3	0	5	0
X^4	0	5	0

X^0	7	21	8
X^1	7	20	7
X^2	11	23	11
X^3	0	18	4
X^4	0	15	1

X^0	3	6	3
X^1	1	3	1
X^2	1	2	1
X^3	1	3	1
X^4	1	4	1

X^0	4	831	426
X^1	3	828	410
X^2	2	828	413
X^3	2	415	411
X^4	0	483	414

X^0	3	99	49
X^1	2	99	50
X^2	0	95	49
X^3	3	52	50
X^4	0	5	2

X^0	3	6	3
X^1	4	10	4
X^2	0	5	0
X^3	0	0	0
X^4	2	6	2

X^0	1	37	19
X^1	1	27	13
X^2	1	17	3
X^3	0	0	0
X^4	1	27	13

X^0	0	32	16
X^1	0	31	16
X^2	4	33	17
X^3	1	21	20
X^4	3	17	12

X^0	1	8	1
X^1	0	5	2
X^2	0	2	0
X^3	0	2	0
X^4	2	5	2

X^0	4	5	4
X^1	1	2	1
X^2	1	2	1
X^3	3	4	3
X^4	1	2	1

X^0	2	10	2
X^1	2	10	2
X^2	2	5	2
X^3	3	3	3
X^4	1	9	4

X^0	4	8	4
X^1	4	8	4
X^2	4	7	4
X^3	4	4	4
X^4	0	5	2

X^0	1	7	3
X^1	0	5	2
X^2	2	6	2
X^3	1	4	2
X^4	0	3	1

X^0	1	21	18
X^1	1	22	19
X^2	2	26	21
X^3	0	23	22
X^4	4	25	24

X^0	8	19	8
X^1	6	17	6
X^2	0	13	0
X^3	0	0	0
X^4	0	13	0

X^0	1	12	4
X^1	1	11	6
X^2	5	12	6
X^3	0	10	3
X^4	2	9	4

X^0	1	34	17
X^1	4	20	19
X^2	0	12	0
X^3	0	16	16
X^4	0	16	16

X^0	4	214	108
X^1	4	111	107
X^2	4	107	8
X^3	4	99	97
X^4	1	105	103

X^0	2	2	2
X^1	1	1	1
X^2	1	1	1
X^3	2	2	2
X^4	1	1	1

X^0	1	27	15
X^1	4	23	19
X^2	0	12	8
X^3	1	10	7
X^4	0	0	0

X^0	1	54	32
X^1	1	52	31
X^2	1	47	25
X^3	0	25	15
X^4	1	31	22

X^0	6	6	6
X^1	6	6	6
X^2	6	6	6
X^3	6	6	6
X^4	2	2	2

X^0	4	14	12
X^1	2	19	16
X^2	2	20	16
X^3	2	21	20
X^4	1	10	4

X^0	5	42	33
X^1	4	39	33
X^2	3	39	28
X^3	2	29	26
X^4	1	37	25

X^0	6	19	16
X^1	4	17	14
X^2	0	14	13
X^3	3	16	14
X^4	0	20	17

X^0	5	15	14
X^1	1	11	9
X^2	1	6	1
X^3	1	7	5
X^4	0	14	11

X^0	1	12	4
X^1	3	10	3
X^2	1	8	1
X^3	1	10	3
X^4	1	1	1

X^0	3	11	5
X^1	1	9	1
X^2	1	3	1
X^3	3	10	4
X^4	0	0	0

X^0	2	4	2
X^1	2	3	2
X^2	2	4	2
X^3	2	2	2
X^4	1	1	1

X^0	3	60	37
X^1	1	70	40
X^2	6	71	46
X^3	1	49	41
X^4	1	43	19

X^0	1	3	1
X^1	1	3	1
X^2	5	10	7
X^3	1	6	6
X^4	0	2	0

X^0	0	4	4
X^1	0	3	2
X^2	0	2	2
X^3	4	7	7
X^4	0	2	2

X^0	1	18	12
X^1	1	15	12
X^2	1	20	12
X^3	1	13	12
X^4	1	13	12

X^0	5	12	10
X^1	2	4	2
X^2	2	15	10
X^3	2	7	4
X^4	1	13	11

X^0	2	16	9
X^1	1	18	11
X^2	0	12	6
X^3	0	8	6
X^4	0	6	3

X^0	2	49	27
X^1	1	50	25
X^2	4	54	44
X^3	0	25	22
X^4	1	42	31

X^0	11	12	11
X^1	6	6	6
X^2	2	2	2
X^3	1	1	1
X^4	0	2	0

X^0	4	10	6
X^1	3	7	4
X^2	3	7	3
X^3	2	4	2
X^4	1	5	1

X^0	3	3	3
X^1	3	11	8
X^2	1	9	6
X^3	2	2	2
X^4	2	11	10

X^0	1	28	18
X^1	1	30	17
X^2	1	24	18
X^3	0	14	10
X^4	0	7	1

X^0	1	36	18
X^1	1	34	11
X^2	1	28	10
X^3	1	18	3
X^4	1	3	1

X^0	2	15	10
X^1	0	13	7
X^2	0	14	8
X^3	0	11	6
X^4	1	12	7

X^0	1	1	1
X^1	2	3	2
X^2	2	4	2
X^3	0	2	1
X^4	3	5	3

X^0	5	16	12
X^1	4	15	9
X^2	2	12	8
X^3	1	8	5
X^4	0	6	2

X^0	1	4	2
X^1	3	6	3
X^2	1	3	1
X^3	3	5	4
X^4	1	1	1

X^0	1	4	1
X^1	1	3	2
X^2	2	3	2
X^3	0	1	0
X^4	0	1	0

X^0	1	10	5
X^1	1	10	6
X^2	1	10	5
X^3	2	10	5
X^4	0	6	2

X^0	3	6	3
X^1	2	3	2
X^2	2	2	2
X^3	2	2	2
X^4	1	1	1

X^0	2	37	22
X^1	2	27	22
X^2	1	15	10
X^3	0	1	0
X^4	1	15	12

X^0	2	22	10
X^1	2	22	11
X^2	2	20	14
X^3	2	14	13
X^4	1	12	11

X^0	0	19	7
X^1	0	20	8
X^2	1	15	6
X^3	0	13	6
X^4	0	0	0

X^0	5	41	29
X^1	1	34	18
X^2	1	30	20
X^3	0	20	18
X^4	1	21	11

X^0	2	564	366
X^1	2	560	366
X^2	2	557	366
X^3	1	373	364
X^4	2	372	184

X^0	3	17	8
X^1	3	17	5
X^2	1	17	8
X^3	0	10	6
X^4	3	11	8

X^0	2	10	8
X^1	1	5	3
X^2	0	3	1
X^3	3	3	3
X^4	0	0	0

X^0	0	8	7
X^1	0	8	7
X^2	0	8	4
X^3	8	9	8
X^4	4	12	10

X^0	2	31	14
X^1	2	25	10
X^2	1	22	1
X^3	0	9	2
X^4	0	5	0

X^0	13	43	27
X^1	1	28	14
X^2	1	20	13
X^3	3	14	7
X^4	1	4	1

X^0	2	58	25
X^1	2	57	23
X^2	2	55	23
X^3	2	31	22
X^4	2	34	26

X^0	1	11	6
X^1	2	13	6
X^2	0	11	6
X^3	0	10	7
X^4	0	8	3

X^0	1	9	5
X^1	2	11	9
X^2	1	7	3
X^3	1	5	1
X^4	1	1	1

X^0	0	7	5
X^1	1	6	5
X^2	1	3	1
X^3	2	6	4
X^4	3	8	6

X^0	5	16	11
X^1	5	17	12
X^2	5	15	10
X^3	5	17	10
X^4	0	18	13

X^0	2	381	377
X^1	2	381	379
X^2	2	381	379
X^3	2	389	384
X^4	0	392	388

X^0	1	29	12
X^1	1	28	15
X^2	1	23	10
X^3	1	7	1
X^4	0	21	0

X^0	2	2	2
X^1	4	4	4
X^2	1	1	1
X^3	0	0	0
X^4	0	0	0

X^0	2	117	66
X^1	1	96	47
X^2	1	96	48
X^3	1	49	47
X^4	0	49	48

X^0	5	75	41
X^1	5	66	36
X^2	5	58	28
X^3	5	28	25
X^4	0	30	30

X^0	3	56	35
X^1	1	44	26
X^2	1	39	16
X^3	1	22	14
X^4	1	1	1

X^0	3	47	41
X^1	1	43	39
X^2	1	42	40
X^3	1	38	28
X^4	0	0	0

X^0	1	16	13
X^1	1	16	11
X^2	0	12	9
X^3	2	15	9
X^4	0	3	0

X^0	1	72	71
X^1	1	72	71
X^2	1	71	70
X^3	1	58	57
X^4	0	60	59

X^0	4	8	4
X^1	1	6	3
X^2	1	5	2
X^3	1	9	6
X^4	0	0	0

X^0	1	171	90
X^1	1	166	80
X^2	1	162	80
X^3	1	81	76
X^4	0	83	78

X^0	3	5	3
X^1	0	4	1
X^2	0	5	0
X^3	0	0	0
X^4	2	2	2

X^0	1	30	22
X^1	1	26	22
X^2	0	22	17
X^3	0	17	14
X^4	0	18	9

X^0	1	17	6
X^1	0	15	5
X^2	2	15	7
X^3	0	11	9
X^4	0	12	8

X^0	0	76	74
X^1	0	76	72
X^2	7	82	82
X^3	0	74	73
X^4	0	77	77

X^0	1	3	2
X^1	1	2	1
X^2	1	1	1
X^3	1	1	1
X^4	1	1	1

X^0	1	58	32
X^1	2	57	33
X^2	2	55	21
X^3	0	26	25
X^4	0	25	17

X^0	2	8	4
X^1	4	12	8
X^2	2	2	2
X^3	2	2	2
X^4	1	7	4

X^0	3	3	3
X^1	3	6	3
X^2	3	3	3
X^3	2	6	3
X^4	0	0	0

X^0	3	11	3
X^1	3	8	3
X^2	2	7	2
X^3	2	2	2
X^4	0	11	5

X^0	3	47	39
X^1	1	45	34
X^2	1	45	38
X^3	0	39	39
X^4	2	36	34

X^0	3	27	19
X^1	6	26	21
X^2	5	10	5
X^3	5	5	5
X^4	1	10	2

X^0	1	3	2
X^1	1	4	1
X^2	2	5	2
X^3	3	23	22
X^4	2	4	2

X^0	1	51	42
X^1	1	54	44
X^2	0	50	43
X^3	1	49	41
X^4	2	50	43

X^0	7	14	7
X^1	7	9	7
X^2	7	10	7
X^3	8	12	8
X^4	7	7	7

X^0	1	81	52
X^1	1	83	49
X^2	6	87	53
X^3	4	50	48
X^4	0	43	34

X^0	2	2	2
X^1	2	2	2
X^2	0	1	0
X^3	0	0	0
X^4	0	3	0

X^0	6	25	13
X^1	9	28	16
X^2	4	23	11
X^3	2	12	2
X^4	1	18	9

X^0	3	21	9
X^1	4	16	12
X^2	2	8	5
X^3	2	7	3
X^4	0	4	1

X^0	2	3	2
X^1	3	4	3
X^2	5	5	5
X^3	1	1	1
X^4	0	0	0

X^0	1	33	19
X^1	4	37	23
X^2	3	29	22
X^3	0	21	13
X^4	0	12	7

X^0	2	9	4
X^1	2	9	2
X^2	6	14	11
X^3	1	9	8
X^4	0	11	7

X^0	3	7	3
X^1	3	4	3
X^2	3	3	3
X^3	0	2	0
X^4	0	0	0

X^0	3	17	11
X^1	2	9	2
X^2	2	5	2
X^3	2	7	2
X^4	0	10	2

X^0	0	15	7
X^1	1	19	6
X^2	1	16	8
X^3	0	15	7
X^4	0	15	5

X^0	2	83	68
X^1	2	83	68
X^2	1	80	66
X^3	1	81	74
X^4	0	78	60

X^0	1	63	34
X^1	4	61	32
X^2	4	44	22
X^3	4	29	22
X^4	0	22	15

X^0	2	10	6
X^1	2	7	4
X^2	4	10	6
X^3	0	5	2
X^4	0	3	0

X^0	5	16	11
X^1	1	8	2
X^2	2	7	2
X^3	4	4	4
X^4	0	9	3

X^0	3	5	3
X^1	3	5	3
X^2	3	6	3
X^3	3	7	4
X^4	0	6	3

X^0	1	8	2
X^1	2	9	2
X^2	1	6	1
X^3	0	1	0
X^4	0	3	0

X^0	1	4	3
X^1	1	4	3
X^2	5	6	5
X^3	0	0	0
X^4	2	3	2

X^0	3	18	8
X^1	5	21	9
X^2	1	19	5
X^3	1	10	5
X^4	1	14	9

X^0	1	21	15
X^1	1	24	16
X^2	1	24	16
X^3	0	15	12
X^4	0	15	9

X^0	9	13	9
X^1	3	3	3
X^2	3	3	3
X^3	3	4	3
X^4	0	4	0

X^0	1	32	31
X^1	1	31	27
X^2	1	39	34
X^3	1	37	31
X^4	0	36	29

X^0	2	12	6
X^1	2	13	8
X^2	2	12	5
X^3	0	7	3
X^4	3	10	7

X^0	3	3	3
X^1	3	3	3
X^2	3	3	3
X^3	2	2	2
X^4	0	2	0

X^0	2	12	9
X^1	0	9	6
X^2	0	0	0
X^3	0	0	0
X^4	1	9	6

X^0	1	1	1
X^1	1	1	1
X^2	0	0	0
X^3	0	1	0
X^4	2	7	6

X^0	3	29	17
X^1	0	23	11
X^2	0	20	5
X^3	1	13	6
X^4	0	4	0

X^0	1	22	11
X^1	1	20	6
X^2	1	16	4
X^3	1	16	4
X^4	1	14	2

X^0	3	87	53
X^1	3	85	53
X^2	3	60	30
X^3	3	30	3
X^4	3	3	3

X^0	2	13	9
X^1	2	16	12
X^2	3	16	14
X^3	1	9	6
X^4	1	2	1

X^0	1	84	59
X^1	4	88	58
X^2	1	55	54
X^3	2	33	32
X^4	0	31	29

X^0	1	21	10
X^1	0	21	10
X^2	0	21	9
X^3	0	21	10
X^4	0	16	3

X^0	3	4	3
X^1	2	3	2
X^2	5	6	5
X^3	2	3	2
X^4	0	0	0

X^0	2	13	6
X^1	2	11	3
X^2	2	14	2
X^3	2	12	5
X^4	2	9	2

X^0	3	98	45
X^1	4	95	44
X^2	1	95	43
X^3	1	61	51
X^4	0	50	41

X^0	3	16	7
X^1	3	15	12
X^2	3	20	18
X^3	3	22	18
X^4	0	13	10

X^0	1	10	7
X^1	1	11	7
X^2	1	8	7
X^3	1	4	3
X^4	5	8	7

X^0	6	19	14
X^1	1	8	6
X^2	1	6	2
X^3	1	3	2
X^4	0	4	2

X^0	10	29	18
X^1	2	27	14
X^2	2	24	14
X^3	2	18	15
X^4	2	17	9

X^0	1	198	181
X^1	2	200	182
X^2	2	187	182
X^3	2	182	179
X^4	2	2	2

X^0	5	18	7
X^1	2	16	5
X^2	2	16	6
X^3	2	15	12
X^4	1	12	9

X^0	4	9	4
X^1	1	6	1
X^2	3	7	3
X^3	2	7	2
X^4	0	0	0

X^0	1	4	2
X^1	1	3	1
X^2	0	2	0
X^3	0	1	0
X^4	0	2	0

X^0	2	9	5
X^1	1	8	4
X^2	1	8	5
X^3	0	6	3
X^4	0	7	4

X^0	1	2	1
X^1	5	5	5
X^2	0	1	0
X^3	1	1	1
X^4	1	1	1

X^0	1	11	1
X^1	1	9	1
X^2	2	12	3
X^3	0	7	2
X^4	0	1	0

X^0	5	55	32
X^1	3	48	23
X^2	3	42	18
X^3	3	22	17
X^4	0	28	21

X^0	2	2	2
X^1	1	1	1
X^2	1	1	1
X^3	1	1	1
X^4	0	0	0

X^0	2	112	61
X^1	1	112	61
X^2	1	112	62
X^3	3	97	91
X^4	0	66	44

X^0	2	24	22
X^1	2	27	25
X^2	1	18	12
X^3	0	0	0
X^4	0	20	16

X^0	1	18	6
X^1	1	15	8
X^2	1	13	6
X^3	1	10	2
X^4	1	1	1

X^0	4	23	16
X^1	3	19	3
X^2	3	25	15
X^3	3	10	7
X^4	0	17	12

X^0	3	3	3
X^1	1	1	1
X^2	1	1	1
X^3	1	1	1
X^4	0	1	0

X^0	1	12	5
X^1	2	13	5
X^2	0	10	2
X^3	2	10	9
X^4	0	6	0

X^0	5	17	10
X^1	2	5	2
X^2	1	3	1
X^3	3	3	3
X^4	0	9	4

X^0	4	144	76
X^1	2	142	72
X^2	2	87	70
X^3	1	100	70
X^4	2	54	11

X^0	1	8	4
X^1	1	9	5
X^2	1	6	1
X^3	1	3	1
X^4	1	1	1

X^0	4	14	10
X^1	1	13	5
X^2	0	8	5
X^3	0	8	3
X^4	0	1	0

X^0	0	18	13
X^1	4	19	14
X^2	2	19	6
X^3	0	12	8
X^4	1	18	14

X^0	2	5	2
X^1	1	2	1
X^2	2	2	2
X^3	1	2	1
X^4	0	0	0

X^0	1	4	1
X^1	0	8	1
X^2	1	6	3
X^3	7	13	9
X^4	0	0	0

X^0	5	25	13
X^1	1	21	8
X^2	2	19	8
X^3	1	10	7
X^4	2	10	9

X^0	2	9	7
X^1	2	5	3
X^2	1	4	1
X^3	1	8	6
X^4	0	5	1

X^0	2	22	8
X^1	1	20	7
X^2	0	18	10
X^3	0	12	10
X^4	1	11	6

X^0	4	20	7
X^1	1	23	11
X^2	1	22	12
X^3	2	19	12
X^4	3	25	11

X^0	3	31	14
X^1	3	32	18
X^2	1	29	19
X^3	1	21	19
X^4	0	24	15

X^0	2	35	26
X^1	2	35	27
X^2	1	32	24
X^3	1	7	3
X^4	1	3	1

X^0	1	7	1
X^1	4	9	4
X^2	4	9	4
X^3	3	7	3
X^4	0	4	1

X^0	2	8	6
X^1	3	8	6
X^2	3	13	5
X^3	3	9	6
X^4	7	12	9

X^0	4	17	10
X^1	1	15	8
X^2	1	12	8
X^3	1	11	7
X^4	2	9	5

X^0	2	25	12
X^1	8	36	21
X^2	0	27	13
X^3	0	15	9
X^4	0	2	0

X^0	2	172	165
X^1	2	172	171
X^2	0	172	171
X^3	0	168	163
X^4	0	172	171

X^0	0	45	29
X^1	0	50	27
X^2	0	50	27
X^3	1	31	25
X^4	0	30	20

X^0	2	63	43
X^1	2	61	43
X^2	2	56	42
X^3	2	51	45
X^4	0	57	39

X^0	5	43	24
X^1	3	43	21
X^2	2	48	26
X^3	5	35	30
X^4	2	25	21

X^0	2	9	3
X^1	4	13	4
X^2	2	10	8
X^3	0	7	4
X^4	0	0	0

X^0	7	291	147
X^1	7	291	147
X^2	7	291	147
X^3	7	147	136
X^4	1	155	148

X^0	4	5	4
X^1	1	3	2
X^2	2	3	2
X^3	0	5	4
X^4	0	0	0

X^0	4	25	14
X^1	2	21	10
X^2	2	25	12
X^3	2	20	10
X^4	0	15	7

X^0	1	43	30
X^1	0	45	25
X^2	3	44	28
X^3	0	26	21
X^4	0	21	11

X^0	7	12	7
X^1	2	7	2
X^2	2	5	2
X^3	2	4	2
X^4	2	2	2

X^0	3	3	3
X^1	3	3	3
X^2	4	6	4
X^3	1	1	1
X^4	1	3	1

X^0	1	37	17
X^1	1	39	18
X^2	0	43	24
X^3	0	30	20
X^4	2	25	21

X^0	2	9	2
X^1	2	7	2
X^2	5	8	5
X^3	3	3	3
X^4	2	8	4

X^0	0	30	21
X^1	0	19	12
X^2	0	18	9
X^3	0	11	1
X^4	0	18	8

X^0	2	21	9
X^1	6	26	12
X^2	1	18	6
X^3	0	14	3
X^4	1	18	5

X^0	2	67	35
X^1	2	62	32
X^2	2	65	35
X^3	2	38	31
X^4	0	30	20

X^0	2	4	2
X^1	1	4	2
X^2	1	4	2
X^3	1	1	1
X^4	1	1	1

X^0	2	24	7
X^1	2	20	8
X^2	1	20	16
X^3	0	11	7
X^4	0	14	10

X^0	1	4	1
X^1	1	3	1
X^2	0	3	0
X^3	1	3	2
X^4	0	0	0

X^0	3	78	38
X^1	3	75	33
X^2	3	70	30
X^3	3	39	27
X^4	1	41	30

X^0	3	10	5
X^1	3	6	3
X^2	3	5	3
X^3	0	4	0
X^4	0	0	0

X^0	3	35	30
X^1	3	35	31
X^2	3	35	31
X^3	3	7	3
X^4	4	37	32

X^0	3	200	197
X^1	3	198	195
X^2	3	195	190
X^3	4	196	192
X^4	0	195	185

X^0	2	52	32
X^1	1	53	33
X^2	3	56	36
X^3	0	35	31
X^4	0	36	16

X^0	1	29	17
X^1	1	29	17
X^2	1	26	15
X^3	1	23	15
X^4	1	22	6

X^0	3	10	3
X^1	3	8	3
X^2	3	15	9
X^3	3	3	3
X^4	3	18	12

X^0	1	10	9
X^1	0	10	8
X^2	1	10	9
X^3	0	5	4
X^4	1	10	6

X^0	4	34	18
X^1	3	27	17
X^2	2	26	17
X^3	2	31	29
X^4	2	29	24

X^0	0	2	0
X^1	0	2	0
X^2	1	3	1
X^3	0	0	0
X^4	4	8	6

X^0	2	2	2
X^1	0	0	0
X^2	0	0	0
X^3	0	0	0
X^4	0	0	0

X^0	7	19	10
X^1	6	19	8
X^2	6	17	8
X^3	10	18	14
X^4	0	12	5

X^0	2	15	7
X^1	2	11	7
X^2	2	12	4
X^3	2	8	4
X^4	1	9	1

X^0	1	2	1
X^1	1	5	1
X^2	1	3	1
X^3	1	2	1
X^4	1	1	1

X^0	1	20	12
X^1	1	15	13
X^2	1	8	6
X^3	1	1	1
X^4	0	8	4

X^0	6	35	16
X^1	6	40	17
X^2	6	39	20
X^3	6	28	16
X^4	1	20	7

X^0	0	6	3
X^1	0	7	4
X^2	0	8	5
X^3	0	3	2
X^4	0	0	0

X^0	3	16	9
X^1	4	20	12
X^2	1	14	7
X^3	1	9	2
X^4	0	6	2

X^0	4	8	4
X^1	4	6	4
X^2	1	8	4
X^3	0	8	3
X^4	0	0	0

X^0	0	1478	500
X^1	1	1479	500
X^2	1	1476	500
X^3	1	735	500
X^4	0	742	498

X^0	9	24	9
X^1	8	30	11
X^2	2	28	13
X^3	6	22	13
X^4	0	20	1

X^0	3	382	344
X^1	2	383	340
X^2	2	379	345
X^3	2	347	344
X^4	1	337	305

X^0	2	20	16
X^1	0	16	9
X^2	0	7	2
X^3	0	4	0
X^4	0	7	3

X^0	1	19	8
X^1	1	18	12
X^2	2	16	10
X^3	0	13	5
X^4	0	12	3

X^0	1	22	13
X^1	1	22	13
X^2	1	22	14
X^3	3	18	15
X^4	0	13	7

X^0	1	28	21
X^1	0	28	25
X^2	0	27	24
X^3	0	27	24
X^4	0	27	23

X^0	1	17	4
X^1	1	17	6
X^2	2	16	5
X^3	0	15	4
X^4	1	13	3

X^0	3	9	3
X^1	3	11	7
X^2	3	8	6
X^3	3	6	4
X^4	1	5	2

X^0	5	16	6
X^1	5	17	7
X^2	5	17	8
X^3	5	13	6
X^4	1	14	6

X^0	3	62	31
X^1	3	62	30
X^2	5	63	31
X^3	1	31	23
X^4	0	34	30

X^0	3	25	12
X^1	0	24	13
X^2	1	21	10
X^3	0	13	5
X^4	0	4	0

X^0	-3	44	30
X^1	0	29	24
X^2	1	16	12
X^3	1	1	1
X^4	4	4	4

X^0	1	17	15
X^1	1	19	15
X^2	2	21	14
X^3	1	14	13
X^4	2	17	9

X^0	2	15	10
X^1	4	20	12
X^2	0	15	10
X^3	0	13	8
X^4	0	9	4

X^0	4	14	9
X^1	3	12	7
X^2	1	8	2
X^3	5	10	6
X^4	3	6	3

X^0	5	34	23
X^1	2	31	23
X^2	3	29	23
X^3	2	21	21
X^4	0	19	11

X^0	2	21	7
X^1	3	24	12
X^2	2	23	13
X^3	2	16	13
X^4	1	12	10

X^0	1	6	3
X^1	1	1	1
X^2	1	5	3
X^3	3	12	9
X^4	0	6	0

X^0	1	22	19
X^1	3	27	26
X^2	1	27	26
X^3	0	32	31
X^4	1	26	25

X^0	1	30	17
X^1	1	30	18
X^2	1	30	18
X^3	1	31	23
X^4	1	20	14

X^0	4	18	12
X^1	7	22	13
X^2	3	14	11
X^3	3	12	9
X^4	0	10	7

X^0	2	3	2
X^1	2	2	2
X^2	2	2	2
X^3	2	6	4
X^4	0	4	0

X^0	2	33	26
X^1	2	28	26
X^2	2	25	22
X^3	16	38	33
X^4	2	2	2

X^0	1	76	46
X^1	1	74	46
X^2	3	70	49
X^3	3	53	42
X^4	0	45	12

X^0	2	36	31
X^1	0	30	29
X^2	0	4	0
X^3	1	9	8
X^4	0	27	21

X^0	1	51	29
X^1	1	52	30
X^2	1	46	22
X^3	1	35	27
X^4	1	32	17

X^0	1	6	3
X^1	1	2	1
X^2	1	2	1
X^3	1	2	1
X^4	1	1	1

X^0	3	48	43
X^1	3	60	57
X^2	3	51	48
X^3	3	41	37
X^4	0	51	48

X^0	3	9	6
X^1	3	9	6
X^2	3	10	4
X^3	4	13	11
X^4	0	1	0

X^0	3	20	12
X^1	1	16	6
X^2	0	8	0
X^3	0	6	5
X^4	0	7	6

X^0	2	2	2
X^1	2	2	2
X^2	2	3	2
X^3	2	2	2
X^4	0	4	0

X^0	2	2	2
X^1	7	7	7
X^2	0	0	0
X^3	0	0	0
X^4	2	2	2

X^0	3	72	38
X^1	0	64	32
X^2	1	69	35
X^3	0	34	33
X^4	1	36	31

X^0	4	5	4
X^1	1	3	1
X^2	2	3	2
X^3	7	7	7
X^4	1	3	1

X^0	3	33	18
X^1	1	35	16
X^2	3	38	19
X^3	0	21	17
X^4	0	21	15

X^0	2	7	4
X^1	2	7	4
X^2	0	10	5
X^3	0	5	3
X^4	1	8	4

X^0	1	5	1
X^1	1	5	1
X^2	2	107	104
X^3	0	0	0
X^4	1	108	106

X^0	4	4	4
X^1	2	6	2
X^2	3	3	3
X^3	0	0	0
X^4	1	4	1

X^0	4	9	7
X^1	1	5	2
X^2	0	3	0
X^3	0	1	0
X^4	0	0	0

X^0	2	21	17
X^1	5	28	21
X^2	2	21	14
X^3	1	19	14
X^4	0	17	4

X^0	1	5	2
X^1	2	8	5
X^2	1	8	6
X^3	1	8	6
X^4	0	6	0

X^0	5	5	5
X^1	5	5	5
X^2	5	5	5
X^3	1	3	1
X^4	0	5	0

X^0	2	9	3
X^1	1	16	9
X^2	0	14	2
X^3	0	9	5
X^4	0	8	1

X^0	2	4	2
X^1	2	5	3
X^2	2	5	3
X^3	2	4	2
X^4	0	2	0

X^0	4	38	17
X^1	4	42	18
X^2	4	47	21
X^3	4	29	25
X^4	3	27	23

X^0	2	15	6
X^1	3	19	9
X^2	5	20	11
X^3	0	12	4
X^4	0	9	1

X^0	3	6	3
X^1	1	6	1
X^2	1	4	1
X^3	1	1	1
X^4	0	22	18

X^0	1	35	14
X^1	1	40	19
X^2	0	35	19
X^3	0	24	15
X^4	4	26	18

X^0	2	228	130
X^1	2	228	130
X^2	2	247	138
X^3	2	134	132
X^4	4	131	126

X^0	1	2	1
X^1	0	1	0
X^2	0	0	0
X^3	0	0	0
X^4	1	2	1

X^0	7	102	46
X^1	7	103	48
X^2	7	105	52
X^3	7	55	48
X^4	0	56	49

X^0	4	37	35
X^1	2	35	33
X^2	2	34	27
X^3	2	11	8
X^4	2	34	27

X^0	2	8	6
X^1	2	9	3
X^2	2	4	2
X^3	4	11	6
X^4	1	1	1

X^0	2	178	96
X^1	2	158	92
X^2	2	154	71
X^3	3	83	71
X^4	1	1	1

X^0	4	8	5
X^1	2	5	2
X^2	2	5	2
X^3	2	4	2
X^4	2	3	2

X^0	3	9	4
X^1	4	12	6
X^2	2	10	3
X^3	1	7	3
X^4	0	6	2

X^0	3	33	12
X^1	1	35	15
X^2	3	33	18
X^3	0	19	11
X^4	1	19	10

X^0	2	6	3
X^1	4	6	4
X^2	0	3	0
X^3	0	6	2
X^4	0	1	0

X^0	2	4	2
X^1	1	3	1
X^2	1	1	1
X^3	1	2	1
X^4	1	2	1

X^0	2	8	4
X^1	2	7	4
X^2	2	6	2
X^3	0	13	10
X^4	0	0	0

X^0	9	10	9
X^1	2	3	2
X^2	3	3	3
X^3	0	3	0
X^4	0	1	0

X^0	1	18	10
X^1	0	15	8
X^2	0	16	8
X^3	0	13	9
X^4	0	13	10

X^0	1	1	1
X^1	2	2	2
X^2	1	1	1
X^3	0	1	0
X^4	0	0	0

X^0	1	10	8
X^1	1	5	4
X^2	1	3	2
X^3	9	14	13
X^4	0	8	7

X^0	6	11	7
X^1	2	12	9
X^2	1	1	1
X^3	3	4	3
X^4	0	8	7

X^0	2	163	144
X^1	1	164	144
X^2	0	146	144
X^3	0	159	153
X^4	0	161	158

X^0	3	3	3
X^1	3	3	3
X^2	0	9	6
X^3	0	0	0
X^4	0	11	7

X^0	4	4	4
X^1	4	4	4
X^2	4	4	4
X^3	0	2	1
X^4	4	4	4

X^0	3	34	12
X^1	1	32	14
X^2	1	29	10
X^3	4	25	21
X^4	1	19	16

X^0	5	9	5
X^1	1	5	2
X^2	3	6	4
X^3	1	2	1
X^4	1	1	1

X^0	5	5	5
X^1	3	4	3
X^2	5	8	5
X^3	3	3	3
X^4	1	1	1

X^0	1	13	2
X^1	1	11	4
X^2	1	11	3
X^3	1	6	2
X^4	2	8	7

X^0	1	4716	500
X^1	2	4716	500
X^2	2	4718	500
X^3	1	2405	523
X^4	0	2382	500

X^0	1	29	18
X^1	1	28	14
X^2	1	21	5
X^3	1	12	3
X^4	1	17	9

X^0	2	25	22
X^1	2	19	16
X^2	0	17	14
X^3	4	21	18
X^4	0	0	0

X^0	4	16	10
X^1	7	21	10
X^2	4	15	5
X^3	1	13	8
X^4	4	12	6

X^0	3	33	17
X^1	3	34	14
X^2	3	32	18
X^3	3	16	13
X^4	3	3	3

X^0	2	58	29
X^1	3	57	32
X^2	0	51	29
X^3	1	41	29
X^4	0	37	14

X^0	1	1	1
X^1	1	1	1
X^2	0	0	0
X^3	3	3	3
X^4	1	1	1

X^0	3	3	3
X^1	3	3	3
X^2	0	2	0
X^3	0	2	0
X^4	0	2	0

X^0	1	165	84
X^1	1	167	87
X^2	1	163	81
X^3	3	88	81
X^4	1	89	84

X^0	1	8	4
X^1	1	8	2
X^2	2	4	2
X^3	2	2	2
X^4	0	7	2

X^0	3	9	6
X^1	1	7	3
X^2	0	5	2
X^3	0	2	2
X^4	1	4	4

X^0	2	9	8
X^1	0	0	0
X^2	0	0	0
X^3	0	0	0
X^4	2	6	4

X^0	1	22	12
X^1	3	24	14
X^2	3	19	12
X^3	1	13	5
X^4	1	8	1

X^0	2	28	16
X^1	2	28	15
X^2	2	25	16
X^3	1	19	14
X^4	3	25	10

X^0	2	5	2
X^1	2	4	2
X^2	2	2	2
X^3	2	2	2
X^4	0	0	0

X^0	1	1	1
X^1	4	4	4
X^2	4	4	4
X^3	1	1	1
X^4	0	0	0

X^0	2	14	10
X^1	2	15	12
X^2	1	16	13
X^3	2	14	11
X^4	3	15	12

X^0	1	107	72
X^1	1	109	74
X^2	2	71	37
X^3	1	34	1
X^4	1	73	45

X^0	1	28	12
X^1	1	25	11
X^2	1	12	11
X^3	7	11	10
X^4	0	11	10

X^0	3	18	7
X^1	3	24	11
X^2	3	21	10
X^3	3	11	3
X^4	2	18	11

X^0	1	17	13
X^1	1	19	14
X^2	1	19	15
X^3	1	14	13
X^4	2	17	15

X^0	2	44	21
X^1	4	32	18
X^2	1	42	21
X^3	2	19	16
X^4	3	28	25

X^0	1	12	7
X^1	1	10	3
X^2	1	10	6
X^3	1	9	5
X^4	1	8	2

X^0	1	61	31
X^1	1	66	34
X^2	2	59	33
X^3	2	36	33
X^4	0	35	22

X^0	3	5	3
X^1	3	6	3
X^2	1	3	1
X^3	0	0	0
X^4	0	0	0

X^0	0	9	2
X^1	0	10	5
X^2	5	13	7
X^3	0	4	0
X^4	0	7	2

X^0	2	31	14
X^1	2	31	14
X^2	3	27	15
X^3	2	18	11
X^4	0	17	8

X^0	3	38	35
X^1	3	37	33
X^2	3	3	3
X^3	3	3	3
X^4	5	41	36

X^0	1	2	1
X^1	2	2	2
X^2	3	4	3
X^3	1	2	1
X^4	0	1	0

X^0	2	6	2
X^1	2	5	2
X^2	0	4	1
X^3	2	2	2
X^4	0	4	1

X^0	2	17	3
X^1	3	19	3
X^2	2	17	3
X^3	2	12	10
X^4	3	12	10

X^0	0	7	3
X^1	1	8	3
X^2	0	7	3
X^3	0	4	3
X^4	0	3	3

X^0	3	29	13
X^1	5	31	15
X^2	5	31	14
X^3	1	20	16
X^4	0	17	13

X^0	1	40	37
X^1	1	42	37
X^2	1	42	35
X^3	1	39	36
X^4	1	5	2

X^0	5	16	5
X^1	6	17	6
X^2	5	13	6
X^3	7	15	10
X^4	1	10	5

X^0	2	20	10
X^1	2	25	11
X^2	2	17	7
X^3	2	14	9
X^4	1	14	10

X^0	3	6	3
X^1	4	8	4
X^2	1	5	1
X^3	1	4	1
X^4	1	4	1

X^0	3	9	3
X^1	6	10	6
X^2	2	6	2
X^3	0	4	0
X^4	0	3	0

X^0	2	4	3
X^1	2	4	3
X^2	0	0	0
X^3	0	0	0
X^4	3	3	3

X^0	4	32	26
X^1	4	38	32
X^2	4	35	31
X^3	4	5	4
X^4	0	33	27

X^0	1	14	7
X^1	1	20	8
X^2	1	20	6
X^3	1	14	10
X^4	0	12	3

X^0	2	13	2
X^1	2	15	8
X^2	2	8	4
X^3	2	7	4
X^4	0	4	1

X^0	2	15	11
X^1	2	13	7
X^2	2	7	2
X^3	1	4	1
X^4	0	10	5

X^0	5	14	10
X^1	5	11	7
X^2	3	9	5
X^3	2	9	5
X^4	1	5	1

X^0	2	22	17
X^1	2	16	11
X^2	2	10	9
X^3	1	14	13
X^4	0	15	14

X^0	1	9	7
X^1	1	10	7
X^2	1	14	8
X^3	1	7	4
X^4	1	1	1

X^0	1	18	6
X^1	0	18	6
X^2	2	22	8
X^3	4	18	12
X^4	2	12	5

X^0	9	28	21
X^1	1	20	12
X^2	1	16	11
X^3	1	8	6
X^4	1	1	1

X^0	3	15	11
X^1	3	15	9
X^2	3	14	7
X^3	3	3	3
X^4	0	13	5

X^0	2	70	31
X^1	2	68	29
X^2	1	59	30
X^3	1	36	21
X^4	0	2	0

X^0	2	10	5
X^1	5	11	5
X^2	2	7	3
X^3	1	5	1
X^4	1	3	1

X^0	1	605	308
X^1	1	606	310
X^2	1	591	304
X^3	1	299	297
X^4	0	285	282

X^0	4	17	12
X^1	4	9	6
X^2	2	2	2
X^3	2	2	2
X^4	0	2	0

X^0	6	50	31
X^1	1	41	20
X^2	2	34	20
X^3	2	28	16
X^4	0	22	7

X^0	6	9	6
X^1	6	6	6
X^2	6	17	9
X^3	6	11	6
X^4	3	15	9

X^0	5	24	12
X^1	5	13	6
X^2	5	13	5
X^3	5	17	5
X^4	0	11	4

X^0	3	24	20
X^1	1	19	15
X^2	2	23	19
X^3	0	14	10
X^4	1	35	31

X^0	3	8	3
X^1	3	6	3
X^2	7	10	7
X^3	3	3	3
X^4	3	3	3

X^0	2	6	3
X^1	2	4	2
X^2	2	2	2
X^3	2	2	2
X^4	0	0	0

X^0	7	11	7
X^1	7	10	7
X^2	7	7	7
X^3	7	7	7
X^4	2	2	2

X^0	1	17	11
X^1	1	17	9
X^2	1	15	8
X^3	1	11	8
X^4	0	10	4

X^0	1	5	2
X^1	1	5	3
X^2	1	2	1
X^3	0	2	0
X^4	1	1	1

X^0	0	4	0
X^1	0	4	0
X^2	2	5	2
X^3	1	3	1
X^4	0	1	0

X^0	2	26	21
X^1	2	23	21
X^2	2	19	14
X^3	0	13	10
X^4	0	0	0

X^0	7	13	7
X^1	2	7	2
X^2	2	5	2
X^3	2	2	2
X^4	0	5	0

X^0	5	64	45
X^1	5	58	42
X^2	5	61	25
X^3	5	32	22
X^4	1	35	25

X^0	6	97	89
X^1	6	95	89
X^2	6	98	92
X^3	6	98	92
X^4	4	82	75

X^0	3	17	10
X^1	1	16	10
X^2	1	11	8
X^3	1	5	2
X^4	1	1	1

X^0	2	23	11
X^1	3	18	12
X^2	1	11	3
X^3	2	12	5
X^4	0	0	0

X^0	0	25	11
X^1	0	26	11
X^2	1	17	14
X^3	1	7	6
X^4	0	14	11

X^0	1	42	31
X^1	1	45	31
X^2	1	48	31
X^3	0	34	32
X^4	1	31	22

X^0	3	43	42
X^1	2	42	41
X^2	1	39	38
X^3	6	39	37
X^4	1	21	21

X^0	0	62	32
X^1	0	64	31
X^2	1	65	33
X^3	0	34	32
X^4	1	32	31

X^0	3	3	3
X^1	3	3	3
X^2	2	3	2
X^3	0	0	0
X^4	1	2	1

X^0	5	51	25
X^1	5	47	25
X^2	5	52	25
X^3	5	5	5
X^4	1	5	1

X^0	2	20	13
X^1	2	20	16
X^2	2	20	16
X^3	2	15	13
X^4	2	4	2

X^0	2	32	17
X^1	2	28	12
X^2	2	28	13
X^3	0	15	13
X^4	2	15	7

X^0	2	7	2
X^1	2	7	4
X^2	4	7	4
X^3	1	6	2
X^4	0	5	2

X^0	4	210	104
X^1	3	218	108
X^2	5	216	115
X^3	4	114	110
X^4	2	109	105

X^0	1	26	16
X^1	1	23	16
X^2	1	23	18
X^3	1	22	17
X^4	1	26	19

X^0	3	3	3
X^1	0	0	0
X^2	0	0	0
X^3	0	0	0
X^4	0	0	0

X^0	7	19	10
X^1	2	14	7
X^2	6	12	7
X^3	2	5	2
X^4	0	0	0

X^0	2	30	14
X^1	2	35	18
X^2	0	27	17
X^3	5	23	17
X^4	0	5	0

X^0	1	1	1
X^1	2	2	2
X^2	1	1	1
X^3	1	1	1
X^4	5	5	5

X^0	2	4	2
X^1	1	2	1
X^2	1	3	1
X^3	1	2	1
X^4	0	2	0

X^0	6	142	94
X^1	4	140	93
X^2	4	130	93
X^3	1	80	78
X^4	0	94	57

X^0	1	634	321
X^1	2	638	318
X^2	4	508	317
X^3	1	189	187
X^4	4	321	318

X^0	2	8	4
X^1	1	5	1
X^2	2	4	2
X^3	2	6	2
X^4	0	5	1

X^0	3	18	10
X^1	6	25	15
X^2	2	17	12
X^3	1	10	9
X^4	1	10	9

X^0	3	10	7
X^1	3	6	3
X^2	3	3	3
X^3	3	6	3
X^4	3	3	3

X^0	7	9	7
X^1	3	4	3
X^2	4	5	4
X^3	0	3	0
X^4	2	5	2

X^0	4	4	4
X^1	4	4	4
X^2	2	2	2
X^3	1	1	1
X^4	0	0	0

X^0	3	9	3
X^1	2	6	2
X^2	5	10	5
X^3	1	6	1
X^4	1	5	1

X^0	4	49	25
X^1	2	48	25
X^2	1	45	22
X^3	0	21	21
X^4	0	25	25

X^0	1	2	1
X^1	1	3	1
X^2	2	5	3
X^3	1	2	1
X^4	1	1	1

X^0	1	7	3
X^1	3	8	3
X^2	1	5	3
X^3	1	6	4
X^4	1	1	1

X^0	2	4	2
X^1	1	4	1
X^2	1	4	1
X^3	1	4	1
X^4	2	5	3

X^0	1	44	22
X^1	1	43	22
X^2	4	44	26
X^3	1	35	20
X^4	1	25	12

X^0	6	21	14
X^1	3	17	11
X^2	1	15	11
X^3	1	14	12
X^4	0	13	11

X^0	2	16	11
X^1	2	13	9
X^2	0	8	2
X^3	0	5	1
X^4	0	7	1

X^0	1	34	26
X^1	1	33	24
X^2	4	34	29
X^3	4	34	29
X^4	0	23	18

X^0	2	2	2
X^1	2	2	2
X^2	2	3	2
X^3	2	5	3
X^4	2	2	2

X^0	3	55	36
X^1	3	57	35
X^2	3	49	31
X^3	3	27	13
X^4	3	4	3

X^0	1	17	9
X^1	3	17	10
X^2	0	12	2
X^3	1	11	9
X^4	1	6	3

X^0	2	3	2
X^1	2	3	2
X^2	1	3	1
X^3	1	1	1
X^4	0	0	0

X^0	3	4	3
X^1	3	3	3
X^2	3	3	3
X^3	3	3	3
X^4	0	0	0

X^0	10	10	10
X^1	2	5	3
X^2	1	3	1
X^3	0	0	0
X^4	1	2	1

X^0	2	14	11
X^1	1	7	4
X^2	0	1	0
X^3	0	0	0
X^4	2	8	7

X^0	2	19	7
X^1	1	19	5
X^2	1	18	8
X^3	0	13	11
X^4	0	10	9

X^0	1	12	9
X^1	0	13	11
X^2	0	11	10
X^3	0	7	4
X^4	7	13	9

X^0	6	33	17
X^1	3	28	12
X^2	3	28	18
X^3	1	19	16
X^4	0	15	10

X^0	4	10	5
X^1	3	8	3
X^2	3	3	3
X^3	1	3	1
X^4	4	4	4

X^0	2	6	3
X^1	2	4	2
X^2	2	4	2
X^3	2	3	2
X^4	2	2	2

X^0	1	4	1
X^1	1	6	1
X^2	1	5	1
X^3	0	5	0
X^4	0	3	0

X^0	3	6	3
X^1	3	7	5
X^2	0	5	3
X^3	0	3	1
X^4	0	0	0

X^0	3	7	4
X^1	1	5	3
X^2	4	8	4
X^3	1	4	2
X^4	1	1	1

X^0	2	9	7
X^1	1	8	7
X^2	3	15	13
X^3	0	7	5
X^4	1	7	6

X^0	2	34	21
X^1	2	34	13
X^2	2	34	16
X^3	0	28	23
X^4	2	19	12

X^0	3	4	3
X^1	3	3	3
X^2	0	0	0
X^3	0	1	0
X^4	2	5	2

X^0	1	9	3
X^1	2	6	2
X^2	1	4	1
X^3	0	6	1
X^4	1	2	1

X^0	3	201	145
X^1	3	203	144
X^2	2	202	147
X^3	1	149	147
X^4	0	146	141

X^0	1	1	1
X^1	1	1	1
X^2	1	1	1
X^3	0	1	0
X^4	1	1	1

X^0	3	14	11
X^1	3	14	11
X^2	3	10	6
X^3	3	3	3
X^4	0	10	4

X^0	5	7	5
X^1	5	5	5
X^2	3	5	3
X^3	1	1	1
X^4	0	8	1

X^0	1	109	107
X^1	3	110	102
X^2	1	106	102
X^3	0	104	102
X^4	1	115	112

X^0	1	8	4
X^1	1	8	4
X^2	3	9	6
X^3	0	6	3
X^4	3	9	4

X^0	1	16	11
X^1	4	20	14
X^2	1	17	10
X^3	4	15	13
X^4	0	8	4

X^0	1	7	3
X^1	2	6	2
X^2	0	2	0
X^3	2	7	3
X^4	0	0	0

X^0	4	169	89
X^1	3	169	87
X^2	3	170	83
X^3	0	86	79
X^4	3	89	83

X^0	2	2	2
X^1	1	2	1
X^2	6	7	6
X^3	1	2	1
X^4	1	2	1

X^0	1	48	23
X^1	1	50	25
X^2	2	45	27
X^3	1	35	26
X^4	0	23	6

X^0	1	56	31
X^1	1	56	32
X^2	2	48	24
X^3	1	24	8
X^4	0	37	20

X^0	4	16	6
X^1	3	15	3
X^2	2	13	5
X^3	2	11	7
X^4	2	8	3

X^0	1	13	10
X^1	5	18	17
X^2	3	17	16
X^3	1	1	1
X^4	0	0	0

X^0	1	34	18
X^1	3	37	25
X^2	3	36	21
X^3	2	30	20
X^4	0	24	17

X^0	1	9	9
X^1	1	9	9
X^2	1	2	2
X^3	0	0	0
X^4	0	0	0

X^0	2	13	4
X^1	1	7	3
X^2	1	5	1
X^3	1	1	1
X^4	2	5	2

X^0	2	8	3
X^1	4	9	4
X^2	4	7	4
X^3	3	6	3
X^4	3	9	5

X^0	2	13	5
X^1	5	16	8
X^2	1	9	1
X^3	1	3	1
X^4	0	9	3

X^0	3	5	3
X^1	5	9	6
X^2	9	14	11
X^3	1	8	6
X^4	1	2	1

X^0	1	96	60
X^1	1	95	61
X^2	1	93	56
X^3	0	61	60
X^4	1	59	29

X^0	2	5	2
X^1	2	6	2
X^2	2	5	2
X^3	0	4	0
X^4	2	6	2

X^0	3	48	22
X^1	3	55	29
X^2	1	53	30
X^3	1	25	15
X^4	2	32	26

X^0	2	16	15
X^1	5	19	18
X^2	1	18	16
X^3	1	16	14
X^4	1	11	6

X^0	1	11	10
X^1	1	10	9
X^2	2	8	4
X^3	1	10	7
X^4	1	12	11

X^0	2	13	10
X^1	2	9	6
X^2	3	11	6
X^3	2	5	2
X^4	0	7	4

X^0	1	117	63
X^1	1	115	61
X^2	1	104	55
X^3	0	65	54
X^4	0	59	42

X^0	7	56	33
X^1	1	53	26
X^2	1	51	26
X^3	5	36	30
X^4	0	34	17

X^0	3	5	3
X^1	3	6	3
X^2	2	2	2
X^3	2	2	2
X^4	0	2	2

X^0	3	49	29
X^1	1	48	20
X^2	1	49	24
X^3	2	31	28
X^4	1	26	22

X^0	1	11	4
X^1	1	12	3
X^2	2	11	5
X^3	2	10	2
X^4	1	8	3

X^0	2	12	5
X^1	2	8	2
X^2	2	2	2
X^3	2	5	3
X^4	2	2	2

X^0	1	1	1
X^1	1	2	1
X^2	3	3	3
X^3	0	0	0
X^4	4	4	4

X^0	1	9	2
X^1	3	11	6
X^2	6	16	11
X^3	1	10	5
X^4	0	6	1

X^0	2	26	12
X^1	1	25	12
X^2	1	25	9
X^3	1	17	16
X^4	1	9	6

X^0	2	9	4
X^1	1	7	2
X^2	2	10	5
X^3	1	7	1
X^4	0	0	0

X^0	2	9	6
X^1	2	9	5
X^2	2	6	2
X^3	2	6	4
X^4	0	3	1

X^0	2	4	2
X^1	1	2	1
X^2	1	3	1
X^3	1	2	1
X^4	0	4	2

X^0	1	3	1
X^1	1	2	1
X^2	3	3	3
X^3	6	6	6
X^4	3	3	3

X^0	4	37	21
X^1	2	39	21
X^2	2	35	18
X^3	1	23	17
X^4	0	26	11

X^0	3	38	18
X^1	2	35	14
X^2	4	36	20
X^3	0	18	17
X^4	0	16	15

X^0	6	15	8
X^1	3	11	3
X^2	3	7	3
X^3	3	6	3
X^4	0	5	1

X^0	1	16	14
X^1	1	15	13
X^2	1	14	12
X^3	2	10	3
X^4	0	1	0

X^0	1	20	15
X^1	1	21	16
X^2	1	25	20
X^3	1	21	11
X^4	0	12	9

X^0	0	6	3
X^1	0	6	3
X^2	0	6	3
X^3	0	5	2
X^4	1	5	2

X^0	3	12	4
X^1	1	8	1
X^2	0	6	0
X^3	1	5	1
X^4	1	4	1

X^0	1	22	19
X^1	3	25	21
X^2	1	22	17
X^3	0	18	16
X^4	1	22	19

X^0	2	19	10
X^1	1	20	10
X^2	2	18	8
X^3	0	11	8
X^4	2	12	7

X^0	6	10	7
X^1	2	3	2
X^2	2	2	2
X^3	2	2	2
X^4	0	3	1

X^0	4	17	9
X^1	1	14	5
X^2	1	9	6
X^3	1	8	4
X^4	3	10	6

X^0	5	20	10
X^1	3	14	8
X^2	3	10	7
X^3	3	7	4
X^4	1	5	2

X^0	3	3	3
X^1	1	1	1
X^2	0	0	0
X^3	0	0	0
X^4	1	1	1

X^0	2	20	12
X^1	3	17	3
X^2	2	12	9
X^3	1	8	6
X^4	1	3	1

X^0	0	17	11
X^1	1	19	13
X^2	1	15	8
X^3	1	10	7
X^4	0	1	0

X^0	0	1	0
X^1	0	1	0
X^2	0	1	0
X^3	0	1	0
X^4	0	0	0

X^0	1	3	1
X^1	0	3	2
X^2	1	3	2
X^3	4	9	7
X^4	1	4	2

X^0	1	13	7
X^1	0	13	8
X^2	1	13	8
X^3	0	3	0
X^4	1	13	7

X^0	2	6	3
X^1	2	6	4
X^2	4	6	4
X^3	0	3	1
X^4	1	3	1

X^0	2	219	107
X^1	6	225	113
X^2	2	212	109
X^3	1	116	106
X^4	1	111	98

X^0	0	25	20
X^1	2	27	23
X^2	0	25	22
X^3	0	25	21
X^4	0	11	6

X^0	2	2	2
X^1	4	4	4
X^2	1	1	1
X^3	1	1	1
X^4	0	0	0

X^0	2	14	7
X^1	1	8	3
X^2	1	5	3
X^3	1	4	1
X^4	0	2	0

X^0	1	1	1
X^1	1	1	1
X^2	1	1	1
X^3	1	1	1
X^4	0	0	0

X^0	3	54	29
X^1	3	53	28
X^2	4	56	26
X^3	3	39	36
X^4	0	30	27

X^0	2	104	55
X^1	2	104	55
X^2	3	108	58
X^3	0	55	51
X^4	3	56	53

X^0	1	75	57
X^1	3	77	60
X^2	1	69	58
X^3	4	63	61
X^4	0	59	31

X^0	4	11	5
X^1	4	8	4
X^2	4	8	4
X^3	4	7	4
X^4	4	4	4

X^0	3	42	21
X^1	2	38	16
X^2	1	33	11
X^3	2	35	14
X^4	0	33	10

X^0	1	57	35
X^1	2	58	33
X^2	4	62	31
X^3	1	33	29
X^4	3	38	28

X^0	1	27	14
X^1	0	20	9
X^2	1	11	9
X^3	0	1	0
X^4	0	16	12

X^0	1	20	16
X^1	1	19	15
X^2	1	20	19
X^3	2	30	29
X^4	3	18	13

X^0	1	19	15
X^1	5	12	6
X^2	3	22	19
X^3	4	7	4
X^4	0	6	2

X^0	1	19	13
X^1	1	19	16
X^2	0	16	14
X^3	1	18	13
X^4	1	19	18

X^0	2	7	3
X^1	5	9	5
X^2	0	4	2
X^3	0	4	0
X^4	0	2	0

X^0	1	12	5
X^1	1	12	5
X^2	3	14	6
X^3	2	11	4
X^4	0	8	5

X^0	1	5	2
X^1	1	8	7
X^2	1	4	1
X^3	0	0	0
X^4	0	1	0

X^0	3	46	21
X^1	2	45	21
X^2	2	39	24
X^3	5	23	20
X^4	0	22	13

X^0	5	29	15
X^1	1	20	5
X^2	1	24	9
X^3	1	15	1
X^4	1	24	11

X^0	1	7	3
X^1	1	3	1
X^2	1	1	1
X^3	4	4	4
X^4	0	4	2

X^0	4	36	17
X^1	1	33	17
X^2	3	37	17
X^3	0	19	16
X^4	1	19	10

X^0	5	32	18
X^1	4	24	11
X^2	4	22	8
X^3	0	16	11
X^4	0	4	0

X^0	2	26	14
X^1	1	20	11
X^2	0	16	4
X^3	0	13	4
X^4	0	16	5

X^0	1	7	2
X^1	2	11	4
X^2	1	9	5
X^3	2	8	5
X^4	0	4	2

X^0	4	9	5
X^1	1	7	4
X^2	7	11	7
X^3	1	1	1
X^4	2	6	3

X^0	1	186	98
X^1	1	190	94
X^2	1	179	97
X^3	0	94	92
X^4	0	82	80

X^0	2	6	2
X^1	0	3	1
X^2	0	2	0
X^3	0	1	0
X^4	0	2	0

X^0	2	54	27
X^1	1	56	25
X^2	5	50	30
X^3	0	38	27
X^4	3	29	15

X^0	3	14	10
X^1	2	19	8
X^2	1	18	9
X^3	1	11	9
X^4	0	11	4

X^0	4	20	10
X^1	4	26	14
X^2	4	18	11
X^3	4	16	12
X^4	4	4	4

X^0	0	32	21
X^1	0	32	23
X^2	0	27	24
X^3	1	22	19
X^4	0	0	0

X^0	1	168	126
X^1	4	168	125
X^2	3	168	127
X^3	3	128	124
X^4	2	130	125

X^0	3	5	3
X^1	5	7	5
X^2	5	7	5
X^3	0	2	0
X^4	0	1	0

X^0	1	23	9
X^1	1	19	11
X^2	1	18	5
X^3	1	17	10
X^4	1	11	2

X^0	3	19	14
X^1	2	13	8
X^2	3	14	9
X^3	1	13	6
X^4	0	0	0

X^0	3	123	75
X^1	3	135	75
X^2	3	135	75
X^3	3	77	75
X^4	0	66	55

X^0	5	34	20
X^1	2	33	20
X^2	2	32	20
X^3	0	30	21
X^4	1	12	2

X^0	0	180	179
X^1	0	177	176
X^2	1	168	167
X^3	1	153	151
X^4	1	1	1

X^0	5	18	8
X^1	2	16	10
X^2	2	15	8
X^3	1	12	5
X^4	0	10	4

X^0	2	31	18
X^1	2	27	9
X^2	0	27	14
X^3	5	28	25
X^4	2	13	10

X^0	3	5	3
X^1	4	6	4
X^2	0	5	2
X^3	0	5	1
X^4	0	5	3

X^0	2	36	23
X^1	2	37	20
X^2	1	29	21
X^3	2	24	16
X^4	0	22	13

X^0	1	24	12
X^1	1	25	13
X^2	0	24	15
X^3	0	16	12
X^4	3	18	10

X^0	0	10	8
X^1	0	9	7
X^2	0	8	7
X^3	0	3	2
X^4	0	0	0

X^0	2	58	55
X^1	2	57	54
X^2	3	57	54
X^3	2	46	43
X^4	2	2	2

X^0	2	58	54
X^1	2	52	50
X^2	2	44	42
X^3	2	2	2
X^4	0	44	39

X^0	2	8	5
X^1	1	14	10
X^2	1	10	8
X^3	1	5	3
X^4	0	10	8

X^0	3	17	8
X^1	3	19	8
X^2	3	17	8
X^3	3	15	8
X^4	0	12	5

X^0	1	7	3
X^1	2	8	4
X^2	0	5	1
X^3	0	1	0
X^4	2	5	2

X^0	1	14	7
X^1	3	19	12
X^2	2	15	10
X^3	0	11	9
X^4	2	11	7

X^0	8	39	29
X^1	1	34	22
X^2	3	36	20
X^3	0	22	19
X^4	2	21	10

X^0	1	12	4
X^1	0	10	0
X^2	0	9	3
X^3	1	10	5
X^4	0	0	0

X^0	3	31	13
X^1	4	32	10
X^2	2	27	15
X^3	0	20	14
X^4	1	17	11

X^0	2	51	45
X^1	2	50	45
X^2	2	50	44
X^3	2	50	45
X^4	2	2	2

X^0	4	13	5
X^1	2	9	6
X^2	0	5	0
X^3	0	2	0
X^4	0	0	0

X^0	1	2	1
X^1	1	1	1
X^2	1	1	1
X^3	1	5	2
X^4	0	0	0

X^0	3	39	30
X^1	1	35	29
X^2	1	29	23
X^3	1	30	20
X^4	0	3	0

X^0	2	14	4
X^1	2	15	6
X^2	0	16	6
X^3	2	12	9
X^4	0	9	4

X^0	1	6	2
X^1	7	9	7
X^2	5	8	5
X^3	4	4	4
X^4	1	4	2

X^0	2	17	14
X^1	2	17	15
X^2	1	17	15
X^3	2	11	9
X^4	1	4	2

X^0	2	44	20
X^1	2	45	23
X^2	2	45	23
X^3	2	29	22
X^4	0	21	18

X^0	3	10	4
X^1	3	10	3
X^2	2	8	2
X^3	2	6	2
X^4	1	8	3

X^0	4	11	4
X^1	4	14	10
X^2	4	11	7
X^3	5	11	5
X^4	0	3	1

X^0	2	174	91
X^1	1	155	90
X^2	1	125	72
X^3	2	84	82
X^4	1	53	51

X^0	3	15	11
X^1	3	14	10
X^2	1	10	7
X^3	1	5	2
X^4	1	1	1

X^0	3	39	29
X^1	3	38	29
X^2	3	31	27
X^3	5	34	28
X^4	0	30	26

X^0	1	25	19
X^1	2	29	22
X^2	4	34	19
X^3	1	20	18
X^4	3	19	12

X^0	1	9	5
X^1	1	11	5
X^2	2	12	3
X^3	3	9	6
X^4	1	6	4

X^0	1	6	1
X^1	1	5	1
X^2	1	4	1
X^3	1	14	11
X^4	0	0	0

X^0	2	4	2
X^1	0	3	2
X^2	2	5	4
X^3	5	7	5
X^4	1	2	1

X^0	4	6	4
X^1	3	4	3
X^2	3	3	3
X^3	3	13	7
X^4	2	8	4

X^0	2	52	28
X^1	1	56	32
X^2	0	65	28
X^3	1	49	39
X^4	1	40	27

X^0	1	19	6
X^1	0	15	2
X^2	0	13	2
X^3	1	10	6
X^4	1	11	7

X^0	3	4	3
X^1	3	4	3
X^2	3	3	3
X^3	3	3	3
X^4	0	2	0

X^0	2	16	9
X^1	2	24	13
X^2	2	19	11
X^3	2	15	8
X^4	2	8	2

X^0	2	20	9
X^1	1	27	11
X^2	0	26	12
X^3	3	24	18
X^4	1	21	7

X^0	3	56	29
X^1	3	55	28
X^2	1	49	26
X^3	0	26	25
X^4	0	23	20

X^0	6	105	52
X^1	6	101	50
X^2	6	98	47
X^3	6	56	47
X^4	0	51	44

X^0	1	9	5
X^1	2	9	6
X^2	3	5	3
X^3	0	3	1
X^4	1	7	4

X^0	5	59	54
X^1	6	62	56
X^2	5	60	55
X^3	5	13	8
X^4	0	60	54

X^0	2	3	2
X^1	1	1	1
X^2	2	2	2
X^3	1	1	1
X^4	0	0	0

X^0	5	6	5
X^1	5	5	5
X^2	5	5	5
X^3	5	5	5
X^4	1	1	1

X^0	2	10	2
X^1	2	6	2
X^2	1	5	1
X^3	1	1	1
X^4	2	2	2

X^0	2	6	2
X^1	4	8	4
X^2	2	4	2
X^3	0	0	0
X^4	2	10	8

X^0	6	18	7
X^1	4	13	5
X^2	7	15	9
X^3	2	9	4
X^4	2	6	2

X^0	2	9	6
X^1	2	6	3
X^2	2	4	2
X^3	2	2	2
X^4	1	5	1

X^0	3	198	128
X^1	4	201	128
X^2	3	197	130
X^3	1	126	125
X^4	0	125	66

Average
X^0	2.43939393939394	53.3121212121212	23.9828282828283
X^1	2.23434343434343	52.3292929292929	23.4919191919192
X^2	1.93535353535354	49.9656565656566	22.2101010101010
X^3	1.56969696969697	36.8848484848485	20.4656565656566
X^4	0.926262626262626	35.8454545454545	17.4848484848485

Deviation
X^0	1.72499850281406	389.139919987430	51.5847513691691
X^1	1.70786425880317	389.113364918356	51.4244904450090
X^2	1.62985486937174	388.870590549434	50.9593450454825
X^3	1.67232098711049	362.139772771449	50.3003939210154
X^4	1.29240874937919	380.756935317625	48.6718062118773

Ratio of success: 0.990000000000000

----

