	Opt.	CR	FP
X^0	3	5	3
X^1	2	2	2
X^2	0	0	0
X^3	0	0	0
Diff.	0

X^0	2	2	2
X^1	0	3	2
X^2	0	0	0
X^3	1	1	1
Diff.	0

X^0	3	13	7
X^1	3	3	3
X^2	3	3	3
X^3	2	2	2
Diff.	2

X^0	3	6	4
X^1	2	2	2
X^2	0	2	1
X^3	1	1	1
Diff.	0

X^0	4	5	4
X^1	4	4	4
X^2	4	4	4
X^3	0	0	0
Diff.	7

X^0	1	132	131
X^1	1	1	1
X^2	1	1	1
X^3	0	0	0
Diff.	0

X^0	1	3	3
X^1	1	1	1
X^2	0	0	0
X^3	0	0	0
Diff.	0

X^0	2	42	37
X^1	6	6	6
X^2	1	1	1
X^3	6	6	6
Diff.	6

X^0	3	98	94
X^1	3	128	124
X^2	3	69	65
X^3	3	3	3
Diff.	7

X^0	0	0	0
X^1	0	0	0
X^2	0	0	0
X^3	0	0	0
Diff.	0

X^0	2	63	61
X^1	2	2	2
X^2	2	2	2
X^3	3	3	3
Diff.	6

X^0	1	7	7
X^1	1	1	1
X^2	0	0	0
X^3	1	1	1
Diff.	2

X^0	1	4	3
X^1	1	1	1
X^2	1	1	1
X^3	1	1	1
Diff.	3

X^0	2	2	2
X^1	1	1	1
X^2	1	1	1
X^3	0	0	0
Diff.	1

X^0	4	6	4
X^1	4	4	4
X^2	1	3	1
X^3	1	1	1
Diff.	3

X^0	0	2	0
X^1	0	0	0
X^2	0	0	0
X^3	0	0	0
Diff.	3

X^0	3	3	3
X^1	4	4	4
X^2	0	0	0
X^3	0	0	0
Diff.	2

X^0	4	5	5
X^1	0	0	0
X^2	0	0	0
X^3	0	0	0
Diff.	2

X^0	1	6	4
X^1	7	8	8
X^2	0	0	0
X^3	0	0	0
Diff.	0

X^0	0	8	8
X^1	0	0	0
X^2	0	0	0
X^3	0	0	0
Diff.	1

X^0	1	1	1
X^1	1	1	1
X^2	2	2	2
X^3	2	2	2
Diff.	1

X^0	5	21	15
X^1	4	13	9
X^2	5	5	5
X^3	2	2	2
Diff.	5

X^0	3	32	31
X^1	0	7	4
X^2	1	1	1
X^3	3	3	3
Diff.	0

X^0	2	4	2
X^1	2	2	2
X^2	2	2	2
X^3	2	2	2
Diff.	6

X^0	2	2	2
X^1	2	2	2
X^2	2	2	2
X^3	2	2	2
Diff.	9

X^0	1	1	1
X^1	0	0	0
X^2	0	0	0
X^3	0	0	0
Diff.	0

X^0	1	1	1
X^1	2	4	4
X^2	2	3	2
X^3	0	0	0
Diff.	0

X^0	3	3	3
X^1	2	2	2
X^2	2	2	2
X^3	0	0	0
Diff.	0

X^0	0	36	36
X^1	0	36	36
X^2	0	18	18
X^3	0	0	0
Diff.	1

X^0	0	2	0
X^1	0	0	0
X^2	0	0	0
X^3	0	0	0
Diff.	0

X^0	1	10	6
X^1	0	0	0
X^2	0	0	0
X^3	1	1	1
Diff.	3

X^0	2	6	3
X^1	0	4	4
X^2	1	4	1
X^3	0	0	0
Diff.	0

X^0	1	1	1
X^1	1	1	1
X^2	1	1	1
X^3	0	0	0
Diff.	1

X^0	5	6	5
X^1	5	5	5
X^2	5	5	5
X^3	0	0	0
Diff.	4

X^0	2	19	16
X^1	2	2	2
X^2	2	2	2
X^3	2	2	2
Diff.	2

X^0	5	8	6
X^1	1	1	1
X^2	1	1	1
X^3	0	0	0
Diff.	4

X^0	1	1	1
X^1	2	2	2
X^2	1	1	1
X^3	0	0	0
Diff.	1

X^0	4	4	4
X^1	0	0	0
X^2	0	0	0
X^3	0	0	0
Diff.	0

X^0	4	4	4
X^1	3	3	3
X^2	0	0	0
X^3	0	0	0
Diff.	0

X^0	1	8	4
X^1	1	6	2
X^2	1	1	1
X^3	3	3	3
Diff.	2

X^0	2	2	2
X^1	2	2	2
X^2	0	0	0
X^3	0	0	0
Diff.	2

X^0	5	7	7
X^1	0	0	0
X^2	1	1	1
X^3	1	1	1
Diff.	0

X^0	4	18	18
X^1	4	4	4
X^2	0	0	0
X^3	1	1	1
Diff.	2

X^0	2	15	13
X^1	2	15	12
X^2	3	3	3
X^3	0	0	0
Diff.	2

X^0	5	17	9
X^1	5	14	9
X^2	5	14	9
X^3	5	5	5
Diff.	9

X^0	6	6	6
X^1	5	5	5
X^2	2	2	2
X^3	1	1	1
Diff.	0

X^0	1	1	1
X^1	2	2	2
X^2	6	6	6
X^3	0	0	0
Diff.	0

X^0	3	28	28
X^1	5	21	19
X^2	2	8	8
X^3	0	0	0
Diff.	0

X^0	1	5	3
X^1	3	5	3
X^2	5	6	6
X^3	0	0	0
Diff.	0

X^0	1	30	26
X^1	1	37	33
X^2	2	20	19
X^3	1	1	1
Diff.	2

X^0	1	1	1
X^1	2	2	2
X^2	1	1	1
X^3	1	1	1
Diff.	0

X^0	5	11	10
X^1	0	4	2
X^2	2	2	2
X^3	0	0	0
Diff.	0

X^0	3	12	7
X^1	3	3	3
X^2	4	4	4
X^3	0	0	0
Diff.	3

X^0	3	65	64
X^1	1	1	1
X^2	1	1	1
X^3	1	1	1
Diff.	0

X^0	2	27	25
X^1	5	11	9
X^2	2	2	2
X^3	0	0	0
Diff.	2

X^0	3	5	3
X^1	3	3	3
X^2	11	11	11
X^3	1	1	1
Diff.	1

X^0	1	1	1
X^1	1	1	1
X^2	1	1	1
X^3	1	1	1
Diff.	1

X^0	4	88	84
X^1	1	1	1
X^2	1	1	1
X^3	3	3	3
Diff.	1

X^0	1	1	1
X^1	1	1	1
X^2	1	1	1
X^3	0	0	0
Diff.	2

X^0	0	11	9
X^1	1	6	6
X^2	0	2	1
X^3	0	0	0
Diff.	0

X^0	2	3	2
X^1	1	2	1
X^2	3	4	4
X^3	0	0	0
Diff.	2

X^0	4	12	5
X^1	4	4	4
X^2	4	4	4
X^3	1	1	1
Diff.	10

X^0	1	39	38
X^1	1	4	3
X^2	2	2	2
X^3	0	0	0
Diff.	4

X^0	7	8	7
X^1	0	0	0
X^2	0	1	0
X^3	0	0	0
Diff.	0

X^0	1	6	4
X^1	1	1	1
X^2	0	3	3
X^3	0	0	0
Diff.	1

X^0	6	6	6
X^1	5	5	5
X^2	5	5	5
X^3	5	5	5
Diff.	18

X^0	3	30	25
X^1	3	34	29
X^2	3	20	17
X^3	3	3	3
Diff.	6

X^0	3	3	3
X^1	3	3	3
X^2	2	2	2
X^3	0	0	0
Diff.	5

X^0	3	8	5
X^1	3	3	3
X^2	3	3	3
X^3	1	1	1
Diff.	4

X^0	2	2	2
X^1	1	1	1
X^2	1	1	1
X^3	4	4	4
Diff.	1

X^0	2	9	5
X^1	2	3	2
X^2	2	2	2
X^3	0	0	0
Diff.	3

X^0	2	3	2
X^1	8	8	8
X^2	7	7	7
X^3	0	0	0
Diff.	1

X^0	1	5	4
X^1	1	1	1
X^2	1	1	1
X^3	0	0	0
Diff.	4

X^0	3	9	5
X^1	3	3	3
X^2	2	2	2
X^3	3	3	3
Diff.	6

X^0	3	11	7
X^1	4	7	4
X^2	5	5	5
X^3	0	0	0
Diff.	5

X^0	1	14	14
X^1	0	9	9
X^2	0	4	4
X^3	0	0	0
Diff.	0

X^0	4	27	26
X^1	4	20	18
X^2	1	9	7
X^3	1	1	1
Diff.	1

X^0	2	2	2
X^1	7	7	7
X^2	2	2	2
X^3	1	1	1
Diff.	0

X^0	2	5	3
X^1	1	1	1
X^2	4	4	4
X^3	3	3	3
Diff.	0

X^0	3	8	5
X^1	1	6	2
X^2	1	3	1
X^3	0	0	0
Diff.	1

X^0	0	2	1
X^1	1	1	1
X^2	0	0	0
X^3	0	0	0
Diff.	0

X^0	1	15	13
X^1	0	8	7
X^2	1	4	1
X^3	0	0	0
Diff.	0

X^0	3	8	7
X^1	6	6	6
X^2	1	1	1
X^3	1	1	1
Diff.	2

X^0	1	2	1
X^1	2	2	2
X^2	4	6	4
X^3	2	2	2
Diff.	3

X^0	0	10	6
X^1	0	0	0
X^2	4	4	4
X^3	0	0	0
Diff.	0

X^0	1	2	2
X^1	2	2	2
X^2	0	0	0
X^3	2	2	2
Diff.	3

X^0	0	0	0
X^1	1	1	1
X^2	2	2	2
X^3	0	0	0
Diff.	0

X^0	1	2	1
X^1	1	1	1
X^2	1	1	1
X^3	5	5	5
Diff.	0

X^0	2	2	2
X^1	1	1	1
X^2	1	1	1
X^3	0	0	0
Diff.	3

X^0	4	7	4
X^1	1	2	1
X^2	3	3	3
X^3	3	3	3
Diff.	1

X^0	3	27	23
X^1	2	7	3
X^2	3	3	3
X^3	1	1	1
Diff.	2

X^0	2	6	3
X^1	1	4	1
X^2	1	3	2
X^3	1	1	1
Diff.	1

X^0	3	57	57
X^1	3	57	57
X^2	3	27	27
X^3	0	0	0
Diff.	6

X^0	2	2	2
X^1	3	3	3
X^2	1	1	1
X^3	1	1	1
Diff.	0

X^0	1	2	2
X^1	6	6	6
X^2	0	0	0
X^3	1	1	1
Diff.	0

X^0	1	9	9
X^1	2	7	7
X^2	1	3	2
X^3	0	0	0
Diff.	0

X^0	2	2	2
X^1	1	1	1
X^2	1	1	1
X^3	1	1	1
Diff.	1

X^0	0	0	0
X^1	0	0	0
X^2	0	0	0
X^3	0	0	0
Diff.	1

X^0	4	75	73
X^1	2	50	48
X^2	2	28	24
X^3	2	2	2
Diff.	0

X^0	2	4	2
X^1	1	1	1
X^2	1	1	1
X^3	1	1	1
Diff.	2

X^0	1	4	4
X^1	0	0	0
X^2	0	0	0
X^3	4	4	4
Diff.	0

X^0	3	3	3
X^1	3	3	3
X^2	5	5	5
X^3	0	0	0
Diff.	5

X^0	4	4	4
X^1	1	1	1
X^2	2	2	2
X^3	4	4	4
Diff.	0

X^0	2	3	3
X^1	0	1	0
X^2	3	3	3
X^3	0	0	0
Diff.	1

X^0	2	9	6
X^1	2	2	2
X^2	2	2	2
X^3	2	2	2
Diff.	0

X^0	16	16	16
X^1	3	3	3
X^2	2	2	2
X^3	0	0	0
Diff.	4

X^0	1	8	7
X^1	2	11	10
X^2	3	8	6
X^3	0	0	0
Diff.	1

X^0	2	2	2
X^1	1	1	1
X^2	1	1	1
X^3	1	1	1
Diff.	0

X^0	1	9	6
X^1	1	6	4
X^2	2	2	2
X^3	0	0	0
Diff.	0

X^0	1	1	1
X^1	1	1	1
X^2	1	1	1
X^3	0	0	0
Diff.	1

X^0	2	16	12
X^1	2	2	2
X^2	2	2	2
X^3	0	0	0
Diff.	5

X^0	3	4	3
X^1	1	2	1
X^2	1	1	1
X^3	3	3	3
Diff.	1

X^0	3	9	7
X^1	1	4	2
X^2	1	2	1
X^3	1	1	1
Diff.	1

X^0	1	11	5
X^1	1	14	6
X^2	1	5	4
X^3	1	1	1
Diff.	2

X^0	3	32	29
X^1	3	42	39
X^2	3	27	24
X^3	3	3	3
Diff.	5

X^0	2	3	2
X^1	2	2	2
X^2	2	2	2
X^3	0	0	0
Diff.	1

X^0	1	5	5
X^1	0	1	1
X^2	0	0	0
X^3	0	0	0
Diff.	0

X^0	1	8	3
X^1	1	7	2
X^2	1	3	1
X^3	1	1	1
Diff.	3

X^0	1	3	2
X^1	0	0	0
X^2	0	0	0
X^3	0	0	0
Diff.	0

X^0	4	19	13
X^1	4	8	4
X^2	4	4	4
X^3	4	4	4
Diff.	12

X^0	1	1	1
X^1	2	4	3
X^2	0	1	1
X^3	0	0	0
Diff.	0

X^0	2	7	4
X^1	1	1	1
X^2	1	1	1
X^3	0	0	0
Diff.	1

X^0	3	3	3
X^1	3	3	3
X^2	1	1	1
X^3	1	1	1
Diff.	3

X^0	6	8	6
X^1	3	5	3
X^2	2	2	2
X^3	3	3	3
Diff.	5

X^0	1	2	1
X^1	1	1	1
X^2	1	1	1
X^3	1	1	1
Diff.	1

X^0	1	1	1
X^1	3	3	3
X^2	4	4	4
X^3	0	0	0
Diff.	0

X^0	3	86	85
X^1	1	85	84
X^2	0	44	44
X^3	0	0	0
Diff.	0

X^0	0	5	3
X^1	0	1	0
X^2	0	0	0
X^3	0	0	0
Diff.	0

X^0	1	16	15
X^1	2	11	10
X^2	1	6	5
X^3	1	1	1
Diff.	0

X^0	2	10	8
X^1	2	2	2
X^2	2	2	2
X^3	0	0	0
Diff.	4

X^0	3	3	3
X^1	4	4	4
X^2	0	0	0
X^3	0	0	0
Diff.	2

X^0	2	4	3
X^1	2	2	2
X^2	1	1	1
X^3	3	3	3
Diff.	1

X^0	4	4	4
X^1	6	6	6
X^2	2	2	2
X^3	0	0	0
Diff.	3

X^0	1	5	3
X^1	1	3	2
X^2	0	3	0
X^3	1	1	1
Diff.	1

X^0	2	13	8
X^1	0	6	5
X^2	1	1	1
X^3	0	0	0
Diff.	0

X^0	3	6	3
X^1	2	3	2
X^2	3	3	3
X^3	2	2	2
Diff.	2

X^0	1	7	5
X^1	1	1	1
X^2	2	2	2
X^3	2	2	2
Diff.	0

X^0	5	5	5
X^1	3	3	3
X^2	0	0	0
X^3	1	1	1
Diff.	1

X^0	0	1	1
X^1	0	3	3
X^2	2	4	4
X^3	0	0	0
Diff.	0

X^0	2	2	2
X^1	2	2	2
X^2	1	21	18
X^3	2	2	2
Diff.	25

X^0	2	91	88
X^1	2	61	58
X^2	2	34	32
X^3	2	2	2
Diff.	3

X^0	2	53	53
X^1	2	54	54
X^2	0	30	29
X^3	0	0	0
Diff.	2

X^0	1	8	8
X^1	2	2	2
X^2	0	0	0
X^3	0	0	0
Diff.	0

X^0	2	2	2
X^1	3	3	3
X^2	0	0	0
X^3	0	0	0
Diff.	1

X^0	0	0	0
X^1	0	0	0
X^2	0	0	0
X^3	1	1	1
Diff.	0

X^0	1	3	2
X^1	1	1	1
X^2	1	1	1
X^3	0	0	0
Diff.	3

X^0	1	7	2
X^1	2	12	9
X^2	1	6	5
X^3	1	1	1
Diff.	0

X^0	3	7	3
X^1	2	4	2
X^2	1	3	2
X^3	1	1	1
Diff.	1

X^0	2	2	2
X^1	2	3	2
X^2	2	2	2
X^3	3	3	3
Diff.	3

X^0	1	11	11
X^1	1	6	6
X^2	4	13	13
X^3	0	0	0
Diff.	0

X^0	2	23	11
X^1	1	2	1
X^2	1	1	1
X^3	0	0	0
Diff.	0

X^0	1	1	1
X^1	6	6	6
X^2	3	3	3
X^3	4	4	4
Diff.	5

X^0	2	2	2
X^1	2	6	6
X^2	0	1	0
X^3	0	0	0
Diff.	0

X^0	1	7	6
X^1	1	1	1
X^2	1	1	1
X^3	1	1	1
Diff.	3

X^0	2	10	8
X^1	5	5	5
X^2	2	2	2
X^3	2	2	2
Diff.	1

X^0	3	4	3
X^1	2	2	2
X^2	5	5	5
X^3	1	1	1
Diff.	0

X^0	1	28	28
X^1	3	3	3
X^2	0	0	0
X^3	2	2	2
Diff.	2

X^0	3	3	3
X^1	3	3	3
X^2	3	3	3
X^3	4	4	4
Diff.	1

X^0	1	53	51
X^1	3	56	54
X^2	1	27	25
X^3	0	0	0
Diff.	1

X^0	2	5	2
X^1	0	2	1
X^2	1	1	1
X^3	1	1	1
Diff.	0

X^0	2	2	2
X^1	1	1	1
X^2	3	3	3
X^3	1	1	1
Diff.	1

X^0	4	4	4
X^1	3	3	3
X^2	10	10	10
X^3	2	2	2
Diff.	6

X^0	0	15	15
X^1	1	1	1
X^2	0	0	0
X^3	0	0	0
Diff.	0

X^0	0	755	200
X^1	4	6	4
X^2	4	4	4
X^3	2	2	2
Diff.	0

X^0	3	5	3
X^1	1	2	1
X^2	2	4	4
X^3	0	0	0
Diff.	0

X^0	1	7	7
X^1	0	0	0
X^2	0	0	0
X^3	0	0	0
Diff.	1

X^0	1	3	2
X^1	1	1	1
X^2	0	0	0
X^3	0	0	0
Diff.	0

X^0	3	18	17
X^1	1	1	1
X^2	1	1	1
X^3	0	0	0
Diff.	1

X^0	0	3	0
X^1	6	7	6
X^2	3	3	3
X^3	3	3	3
Diff.	0

X^0	4	5	4
X^1	1	1	1
X^2	0	0	0
X^3	1	1	1
Diff.	0

X^0	1	1	1
X^1	2	2	2
X^2	1	1	1
X^3	0	0	0
Diff.	2

X^0	1	2580	200
X^1	1	1	1
X^2	0	0	0
X^3	1	1	1
Diff.	2382

X^0	1	1	1
X^1	3	4	3
X^2	1	1	1
X^3	1	1	1
Diff.	0

X^0	1	3	1
X^1	1	3	1
X^2	1	1	1
X^3	2	2	2
Diff.	5

X^0	2	3	2
X^1	1	1	1
X^2	0	0	0
X^3	1	1	1
Diff.	0

X^0	5	5	5
X^1	4	4	4
X^2	4	4	4
X^3	2	2	2
Diff.	3

X^0	1	5	4
X^1	1	1	1
X^2	1	1	1
X^3	3	3	3
Diff.	1

X^0	2	3	2
X^1	1	1	1
X^2	1	1	1
X^3	1	1	1
Diff.	3

X^0	2	2	2
X^1	2	2	2
X^2	2	2	2
X^3	2	2	2
Diff.	3

X^0	2	39	36
X^1	3	3	3
X^2	1	1	1
X^3	1	1	1
Diff.	3

X^0	0	8	6
X^1	0	4	2
X^2	0	2	1
X^3	0	0	0
Diff.	0

X^0	1	2	1
X^1	1	1	1
X^2	1	1	1
X^3	0	0	0
Diff.	1

X^0	2	179	177
X^1	0	115	115
X^2	0	62	59
X^3	0	0	0
Diff.	0

X^0	4	53	47
X^1	4	4	4
X^2	4	4	4
X^3	4	4	4
Diff.	8

X^0	0	0	0
X^1	0	0	0
X^2	0	0	0
X^3	0	0	0
Diff.	1

X^0	2	2	2
X^1	1	1	1
X^2	1	1	1
X^3	3	3	3
Diff.	0

X^0	2	12001	200
X^1	3	5	3
X^2	3	3	3
X^3	3	3	3
Diff.	11802

X^0	0	42	41
X^1	0	1	0
X^2	0	0	0
X^3	0	0	0
Diff.	0

X^0	3	28	25
X^1	3	28	25
X^2	3	16	13
X^3	3	3	3
Diff.	6

X^0	2	2	2
X^1	2	2	2
X^2	2	2	2
X^3	0	0	0
Diff.	4

X^0	2	8	5
X^1	4	6	5
X^2	1	1	1
X^3	1	1	1
Diff.	0

X^0	1	1	1
X^1	1	1	1
X^2	0	0	0
X^3	1	1	1
Diff.	2

X^0	2	3	2
X^1	0	0	0
X^2	4	4	4
X^3	2	2	2
Diff.	0

X^0	5	142	141
X^1	1	2	1
X^2	1	1	1
X^3	0	0	0
Diff.	1

X^0	2	68	66
X^1	2	42	42
X^2	3	22	22
X^3	0	0	0
Diff.	9

X^0	3	12	10
X^1	1	1	1
X^2	0	0	0
X^3	1	1	1
Diff.	0

X^0	5	9	6
X^1	5	5	5
X^2	4	4	4
X^3	3	3	3
Diff.	0

X^0	3	28	25
X^1	3	3	3
X^2	3	3	3
X^3	0	0	0
Diff.	6

X^0	1	3	2
X^1	2	2	2
X^2	1	1	1
X^3	0	0	0
Diff.	1

X^0	0	5	3
X^1	1	4	2
X^2	1	1	1
X^3	1	1	1
Diff.	0

X^0	2	5	3
X^1	2	5	3
X^2	4	4	4
X^3	0	0	0
Diff.	5

X^0	2	2	2
X^1	3	3	3
X^2	3	3	3
X^3	1	1	1
Diff.	1

X^0	1	1	1
X^1	1	1	1
X^2	0	0	0
X^3	3	3	3
Diff.	0

X^0	3	3	3
X^1	3	3	3
X^2	2	2	2
X^3	0	0	0
Diff.	4

X^0	1	4	1
X^1	5	5	5
X^2	0	0	0
X^3	1	1	1
Diff.	0

X^0	3	80	76
X^1	3	57	51
X^2	3	61	57
X^3	3	3	3
Diff.	6

X^0	3	43	36
X^1	3	3	3
X^2	3	3	3
X^3	0	0	0
Diff.	1

X^0	4	4	4
X^1	3	3	3
X^2	2	2	2
X^3	1	1	1
Diff.	0

X^0	3	3	3
X^1	3	4	3
X^2	3	3	3
X^3	1	1	1
Diff.	6

X^0	1	2	2
X^1	0	0	0
X^2	0	0	0
X^3	0	0	0
Diff.	2

X^0	1	33	29
X^1	1	1	1
X^2	1	1	1
X^3	1	1	1
Diff.	4

X^0	2	4	3
X^1	1	3	1
X^2	5	10	9
X^3	1	1	1
Diff.	2

X^0	1	1	1
X^1	1	1	1
X^2	1	1	1
X^3	0	0	0
Diff.	2

X^0	1	4	1
X^1	1	1	1
X^2	1	1	1
X^3	4	4	4
Diff.	5

X^0	4	6	4
X^1	4	5	4
X^2	4	4	4
X^3	2	2	2
Diff.	7

X^0	5	129	128
X^1	3	3	3
X^2	0	0	0
X^3	0	0	0
Diff.	2

X^0	3	3	3
X^1	4	4	4
X^2	2	2	2
X^3	0	0	0
Diff.	2

X^0	1	21	19
X^1	1	8	6
X^2	1	19	17
X^3	1	1	1
Diff.	2

X^0	2	3	2
X^1	2	2	2
X^2	1	1	1
X^3	8	8	8
Diff.	2

X^0	2	3	2
X^1	2	2	2
X^2	2	2	2
X^3	1	1	1
Diff.	4

X^0	3	17	17
X^1	0	0	0
X^2	0	0	0
X^3	3	3	3
Diff.	0

X^0	0	1	0
X^1	1	5	2
X^2	0	0	0
X^3	1	1	1
Diff.	0

X^0	1	12	12
X^1	2	18	18
X^2	3	11	11
X^3	0	0	0
Diff.	0

X^0	2	12	6
X^1	0	0	0
X^2	1	1	1
X^3	0	0	0
Diff.	0

X^0	3	7	4
X^1	3	4	3
X^2	3	3	3
X^3	0	0	0
Diff.	5

X^0	0	1	0
X^1	0	0	0
X^2	4	4	4
X^3	0	0	0
Diff.	0

X^0	1	6	3
X^1	1	1	1
X^2	3	3	3
X^3	2	2	2
Diff.	1

X^0	2	24	21
X^1	2	15	9
X^2	2	2	2
X^3	1	1	1
Diff.	1

X^0	1	2	1
X^1	0	0	0
X^2	2	2	2
X^3	0	0	0
Diff.	0

X^0	1	7	4
X^1	1	1	1
X^2	0	0	0
X^3	0	0	0
Diff.	1

X^0	2	2	2
X^1	4	4	4
X^2	1	1	1
X^3	1	1	1
Diff.	2

X^0	3	9	8
X^1	3	3	3
X^2	1	1	1
X^3	0	0	0
Diff.	1

X^0	1	2	1
X^1	1	1	1
X^2	0	0	0
X^3	1	1	1
Diff.	3

X^0	4	20	19
X^1	1	4	2
X^2	0	0	0
X^3	0	0	0
Diff.	0

X^0	0	2	1
X^1	1	1	1
X^2	1	1	1
X^3	3	3	3
Diff.	1

X^0	4	14	11
X^1	1	5	3
X^2	1	3	1
X^3	1	1	1
Diff.	1

X^0	2	8	6
X^1	2	5	3
X^2	5	8	5
X^3	2	2	2
Diff.	1

X^0	1	1	1
X^1	1	1	1
X^2	0	0	0
X^3	0	0	0
Diff.	1

X^0	1	5	5
X^1	0	2	2
X^2	2	2	2
X^3	0	0	0
Diff.	0

X^0	2	14	8
X^1	2	2	2
X^2	2	2	2
X^3	0	0	0
Diff.	3

X^0	4	4	4
X^1	4	5	4
X^2	5	15	9
X^3	4	4	4
Diff.	8

X^0	0	15	14
X^1	0	0	0
X^2	0	0	0
X^3	0	0	0
Diff.	2

X^0	1	9	7
X^1	1	8	6
X^2	0	0	0
X^3	1	1	1
Diff.	1

X^0	0	86	82
X^1	2	2	2
X^2	1	1	1
X^3	0	0	0
Diff.	0

X^0	2	2	2
X^1	1	2	1
X^2	3	3	3
X^3	0	0	0
Diff.	2

X^0	8	8	8
X^1	1	1	1
X^2	3	3	3
X^3	0	0	0
Diff.	0

X^0	7	21	20
X^1	2	2	2
X^2	1	1	1
X^3	2	2	2
Diff.	1

X^0	4	4	4
X^1	9	9	9
X^2	1	1	1
X^3	1	1	1
Diff.	2

X^0	1	5	1
X^1	1	1	1
X^2	1	1	1
X^3	1	1	1
Diff.	1

X^0	3	4	3
X^1	1	2	1
X^2	4	4	4
X^3	4	4	4
Diff.	0

X^0	2	4	4
X^1	4	4	4
X^2	0	0	0
X^3	3	3	3
Diff.	1

X^0	3	14	13
X^1	4	9	7
X^2	1	3	2
X^3	1	1	1
Diff.	2

X^0	1	2	1
X^1	4	4	4
X^2	0	0	0
X^3	0	0	0
Diff.	0

X^0	2	6	4
X^1	2	5	3
X^2	4	7	4
X^3	2	2	2
Diff.	3

X^0	1	1	1
X^1	0	0	0
X^2	2	2	2
X^3	1	1	1
Diff.	0

X^0	2	7	4
X^1	3	3	3
X^2	1	1	1
X^3	4	4	4
Diff.	0

X^0	1	14	14
X^1	0	0	0
X^2	0	0	0
X^3	0	0	0
Diff.	0

X^0	3	6	3
X^1	3	3	3
X^2	0	0	0
X^3	0	0	0
Diff.	0

X^0	2	10	8
X^1	2	2	2
X^2	2	2	2
X^3	3	3	3
Diff.	2

X^0	0	5	5
X^1	0	3	2
X^2	1	1	1
X^3	0	0	0
Diff.	0

X^0	1	2	1
X^1	4	4	4
X^2	2	2	2
X^3	1	1	1
Diff.	3

X^0	1	3	3
X^1	1	2	2
X^2	1	2	2
X^3	0	0	0
Diff.	2

X^0	3	18	16
X^1	1	2	1
X^2	1	1	1
X^3	1	1	1
Diff.	0

X^0	2	2	2
X^1	3	4	3
X^2	2	2	2
X^3	1	1	1
Diff.	2

X^0	0	88	85
X^1	0	3	2
X^2	1	1	1
X^3	0	0	0
Diff.	0

X^0	1	1	1
X^1	1	1	1
X^2	1	1	1
X^3	2	2	2
Diff.	1

X^0	2	2	2
X^1	3	3	3
X^2	1	1	1
X^3	0	0	0
Diff.	1

X^0	2	4	2
X^1	2	4	2
X^2	4	5	4
X^3	3	3	3
Diff.	2

X^0	1	1	1
X^1	2	2	2
X^2	2	2	2
X^3	0	0	0
Diff.	2

X^0	5	5	5
X^1	3	4	3
X^2	3	3	3
X^3	0	0	0
Diff.	2

X^0	2	2	2
X^1	4	4	4
X^2	8	8	8
X^3	1	1	1
Diff.	4

X^0	6	9	6
X^1	3	4	4
X^2	0	4	4
X^3	0	0	0
Diff.	0

X^0	2	4	2
X^1	1	1	1
X^2	1	1	1
X^3	0	0	0
Diff.	0

X^0	0	9	9
X^1	0	10	10
X^2	1	6	3
X^3	0	0	0
Diff.	0

X^0	1	40	40
X^1	0	3	3
X^2	0	0	0
X^3	0	0	0
Diff.	0

X^0	1	19	18
X^1	0	13	12
X^2	0	6	5
X^3	0	0	0
Diff.	0

X^0	2	2	2
X^1	5	5	5
X^2	3	3	3
X^3	2	2	2
Diff.	0

X^0	2	4	2
X^1	2	2	2
X^2	9	9	9
X^3	0	0	0
Diff.	1

X^0	1	17	11
X^1	1	2	1
X^2	4	4	4
X^3	0	0	0
Diff.	1

X^0	1	56	55
X^1	1	1	1
X^2	1	1	1
X^3	1	1	1
Diff.	3

X^0	3	3	3
X^1	3	3	3
X^2	7	7	7
X^3	2	2	2
Diff.	0

X^0	0	3	3
X^1	1	2	1
X^2	0	0	0
X^3	0	0	0
Diff.	0

X^0	0	14	12
X^1	0	1	0
X^2	0	0	0
X^3	2	2	2
Diff.	0

X^0	2	6	5
X^1	2	4	2
X^2	3	3	3
X^3	0	0	0
Diff.	1

X^0	1	1	1
X^1	2	2	2
X^2	1	1	1
X^3	0	0	0
Diff.	0

X^0	0	1	0
X^1	2	2	2
X^2	1	1	1
X^3	1	1	1
Diff.	2

X^0	1	1	1
X^1	2	2	2
X^2	1	1	1
X^3	0	0	0
Diff.	2

X^0	2	2	2
X^1	1	1	1
X^2	0	0	0
X^3	1	1	1
Diff.	0

X^0	1	2	1
X^1	1	5	5
X^2	0	2	1
X^3	0	0	0
Diff.	5

X^0	1	2	1
X^1	1	1	1
X^2	1	1	1
X^3	3	3	3
Diff.	1

X^0	3	6	3
X^1	0	0	0
X^2	1	1	1
X^3	2	2	2
Diff.	346

X^0	1	6	4
X^1	1	3	2
X^2	1	2	1
X^3	1	1	1
Diff.	2

X^0	5	5	5
X^1	2	2	2
X^2	4	4	4
X^3	2	2	2
Diff.	4

X^0	0	0	0
X^1	1	1	1
X^2	4	4	4
X^3	0	0	0
Diff.	0

X^0	3	3	3
X^1	0	0	0
X^2	1	1	1
X^3	3	3	3
Diff.	3

X^0	4	17	14
X^1	2	2	2
X^2	2	2	2
X^3	2	2	2
Diff.	2

X^0	1	26	23
X^1	1	1	1
X^2	1	1	1
X^3	0	0	0
Diff.	16

X^0	4	4	4
X^1	3	3	3
X^2	0	0	0
X^3	1	1	1
Diff.	3

X^0	2	2	2
X^1	1	1	1
X^2	1	1	1
X^3	0	0	0
Diff.	1

X^0	4	4	4
X^1	3	3	3
X^2	2	2	2
X^3	1	1	1
Diff.	3

X^0	5	9	7
X^1	2	4	3
X^2	1	1	1
X^3	0	0	0
Diff.	0

X^0	3	46	45
X^1	1	29	26
X^2	1	15	12
X^3	1	1	1
Diff.	1

X^0	2	27	25
X^1	1	1	1
X^2	1	1	1
X^3	3	3	3
Diff.	1

X^0	1	3	1
X^1	1	1	1
X^2	1	1	1
X^3	0	0	0
Diff.	2

X^0	1	104	102
X^1	1	66	64
X^2	2	36	34
X^3	1	1	1
Diff.	1

X^0	1	4	1
X^1	1	3	1
X^2	1	1	1
X^3	0	0	0
Diff.	1

X^0	3	3	3
X^1	4	4	4
X^2	2	2	2
X^3	0	0	0
Diff.	0

X^0	5	5	5
X^1	0	0	0
X^2	0	0	0
X^3	5	5	5
Diff.	0

X^0	2	2	2
X^1	2	2	2
X^2	2	2	2
X^3	0	0	0
Diff.	4

X^0	0	1	0
X^1	0	1	0
X^2	1	1	1
X^3	1	1	1
Diff.	1

X^0	1	13	12
X^1	1	2	1
X^2	1	1	1
X^3	0	0	0
Diff.	1

X^0	2	90	90
X^1	1	1	1
X^2	0	0	0
X^3	2	2	2
Diff.	1

X^0	2	2	2
X^1	2	2	2
X^2	4	4	4
X^3	0	0	0
Diff.	4

X^0	1	25	22
X^1	1	2	1
X^2	1	1	1
X^3	0	0	0
Diff.	2

X^0	2	80	78
X^1	4	4	4
X^2	2	2	2
X^3	1	1	1
Diff.	2

X^0	1	1	1
X^1	1	1	1
X^2	1	1	1
X^3	0	0	0
Diff.	2

X^0	5	5	5
X^1	5	5	5
X^2	5	5	5
X^3	1	1	1
Diff.	10

X^0	3	81	80
X^1	1	83	82
X^2	1	40	38
X^3	1	1	1
Diff.	1

X^0	6	11	9
X^1	4	4	4
X^2	0	0	0
X^3	0	0	0
Diff.	0

X^0	2	6	5
X^1	1	6	5
X^2	11	14	11
X^3	0	0	0
Diff.	0

X^0	1	1	1
X^1	1	1	1
X^2	3	3	3
X^3	1	1	1
Diff.	1

X^0	5	5	5
X^1	3	3	3
X^2	1	1	1
X^3	6	6	6
Diff.	0

X^0	1	11	10
X^1	1	9	7
X^2	1	1	1
X^3	0	0	0
Diff.	1

X^0	3	4	3
X^1	2	2	2
X^2	2	2	2
X^3	0	0	0
Diff.	0

X^0	2	42	40
X^1	0	16	14
X^2	1	41	39
X^3	0	0	0
Diff.	0

X^0	4	5	4
X^1	5	5	5
X^2	0	0	0
X^3	0	0	0
Diff.	2

X^0	1	12	10
X^1	1	1	1
X^2	2	2	2
X^3	0	0	0
Diff.	0

X^0	4	7	6
X^1	2	3	2
X^2	1	1	1
X^3	1	1	1
Diff.	2

X^0	4	4	4
X^1	4	4	4
X^2	4	4	4
X^3	1	1	1
Diff.	6

X^0	3	6	5
X^1	0	0	0
X^2	0	0	0
X^3	1	1	1
Diff.	0

X^0	2	2	2
X^1	5	5	5
X^2	1	1	1
X^3	0	0	0
Diff.	0

X^0	2	7	7
X^1	2	2	2
X^2	0	4	4
X^3	0	0	0
Diff.	1

X^0	1	1	1
X^1	3	3	3
X^2	2	2	2
X^3	4	4	4
Diff.	0

X^0	2	2	2
X^1	1	1	1
X^2	0	0	0
X^3	0	0	0
Diff.	0

X^0	2	3	2
X^1	2	2	2
X^2	1	2	1
X^3	2	2	2
Diff.	3

X^0	1	150	148
X^1	2	97	95
X^2	0	51	51
X^3	0	0	0
Diff.	0

X^0	2	9	7
X^1	5	5	5
X^2	0	0	0
X^3	3	3	3
Diff.	0

X^0	2	2	2
X^1	2	2	2
X^2	3	3	3
X^3	0	0	0
Diff.	2

X^0	3	3	3
X^1	0	0	0
X^2	0	0	0
X^3	0	0	0
Diff.	0

X^0	1	82	76
X^1	1	80	74
X^2	1	81	75
X^3	1	1	1
Diff.	0

X^0	3	3	3
X^1	2	2	2
X^2	0	0	0
X^3	2	2	2
Diff.	0

X^0	1	3	1
X^1	1	1	1
X^2	1	1	1
X^3	0	0	0
Diff.	5

X^0	4	61	61
X^1	3	47	47
X^2	0	59	59
X^3	0	0	0
Diff.	0

X^0	0	0	0
X^1	0	0	0
X^2	0	0	0
X^3	2	2	2
Diff.	2

X^0	1	1	1
X^1	0	0	0
X^2	1	1	1
X^3	1	1	1
Diff.	3

X^0	0	1	1
X^1	0	1	1
X^2	0	0	0
X^3	2	2	2
Diff.	2

X^0	1	740	200
X^1	1	1	1
X^2	1	1	1
X^3	5	5	5
Diff.	0

X^0	3	3	3
X^1	2	3	2
X^2	0	0	0
X^3	0	0	0
Diff.	0

X^0	2	10	9
X^1	2	3	3
X^2	1	1	1
X^3	0	0	0
Diff.	2

X^0	5	22	21
X^1	0	0	0
X^2	0	0	0
X^3	2	2	2
Diff.	1

X^0	2	2	2
X^1	2	2	2
X^2	1	1	1
X^3	1	1	1
Diff.	1

X^0	2	5	3
X^1	0	0	0
X^2	0	2	2
X^3	0	0	0
Diff.	0

X^0	0	5	3
X^1	1	1	1
X^2	2	2	2
X^3	0	0	0
Diff.	0

X^0	5	5	5
X^1	6	6	6
X^2	2	2	2
X^3	0	0	0
Diff.	3

X^0	2	2	2
X^1	3	3	3
X^2	3	3	3
X^3	4	4	4
Diff.	2

X^0	1	10	8
X^1	1	1	1
X^2	1	1	1
X^3	1	1	1
Diff.	0

X^0	2	4	4
X^1	0	0	0
X^2	0	0	0
X^3	0	0	0
Diff.	0

X^0	2	3	3
X^1	0	1	0
X^2	1	2	2
X^3	0	0	0
Diff.	0

X^0	3	27	24
X^1	11	14	11
X^2	3	3	3
X^3	5	5	5
Diff.	1

X^0	2	7	6
X^1	4	6	4
X^2	1	1	1
X^3	1	1	1
Diff.	1

X^0	2	5	2
X^1	1	2	1
X^2	2	2	2
X^3	1	1	1
Diff.	0

X^0	2	29	24
X^1	2	7	5
X^2	1	1	1
X^3	0	0	0
Diff.	3

X^0	3	3	3
X^1	3	3	3
X^2	3	3	3
X^3	1	1	1
Diff.	27

X^0	4	5	4
X^1	2	2	2
X^2	2	2	2
X^3	2	2	2
Diff.	2

X^0	2	11	8
X^1	4	7	4
X^2	3	3	3
X^3	0	0	0
Diff.	4

X^0	2	7	5
X^1	2	2	2
X^2	2	2	2
X^3	1	1	1
Diff.	3

X^0	2	4	4
X^1	1	1	1
X^2	0	0	0
X^3	1	1	1
Diff.	1

X^0	1	24	24
X^1	1	14	14
X^2	1	9	9
X^3	0	0	0
Diff.	0

X^0	2	6	6
X^1	1	1	1
X^2	0	0	0
X^3	1	1	1
Diff.	0

X^0	0	56	56
X^1	0	56	56
X^2	1	29	29
X^3	0	0	0
Diff.	2

X^0	6	8	6
X^1	6	11	6
X^2	6	10	6
X^3	6	6	6
Diff.	12

X^0	4	5	4
X^1	3	8	4
X^2	3	3	3
X^3	1	1	1
Diff.	1

X^0	2	7	2
X^1	2	7	2
X^2	4	4	4
X^3	0	0	0
Diff.	0

X^0	1	14	14
X^1	1	9	9
X^2	1	4	1
X^3	0	0	0
Diff.	2

X^0	4	13	13
X^1	2	8	7
X^2	7	8	7
X^3	0	0	0
Diff.	3

X^0	3	4	3
X^1	3	3	3
X^2	2	2	2
X^3	0	0	0
Diff.	0

X^0	1	2	1
X^1	0	0	0
X^2	1	1	1
X^3	0	0	0
Diff.	0

X^0	1	6	5
X^1	1	1	1
X^2	3	4	3
X^3	1	1	1
Diff.	2

X^0	3	3	3
X^1	0	2	0
X^2	3	4	3
X^3	0	0	0
Diff.	3

X^0	1	1	1
X^1	2	2	2
X^2	1	1	1
X^3	3	3	3
Diff.	3

X^0	2	2	2
X^1	1	1	1
X^2	2	2	2
X^3	2	2	2
Diff.	0

X^0	2	2	2
X^1	2	2	2
X^2	2	2	2
X^3	1	1	1
Diff.	4

X^0	1	5	5
X^1	0	0	0
X^2	0	0	0
X^3	0	0	0
Diff.	0

X^0	5	5	5
X^1	1	1	1
X^2	1	1	1
X^3	1	1	1
Diff.	0

X^0	0	0	0
X^1	2	2	2
X^2	2	2	2
X^3	3	3	3
Diff.	0

X^0	1	4	3
X^1	2	2	2
X^2	0	0	0
X^3	5	5	5
Diff.	1

X^0	4	70	65
X^1	4	4	4
X^2	4	4	4
X^3	0	0	0
Diff.	5

X^0	2	2	2
X^1	3	4	3
X^2	1	1	1
X^3	2	2	2
Diff.	0

X^0	1	1	1
X^1	1	1	1
X^2	0	0	0
X^3	1	1	1
Diff.	0

X^0	6	17	16
X^1	7	7	7
X^2	0	0	0
X^3	2	2	2
Diff.	7

X^0	0	3	0
X^1	0	2	2
X^2	0	1	1
X^3	0	0	0
Diff.	1

X^0	1	18	17
X^1	3	3	3
X^2	1	1	1
X^3	1	1	1
Diff.	1

X^0	2	3	2
X^1	1	1	1
X^2	2	2	2
X^3	0	0	0
Diff.	0

X^0	1	5	4
X^1	1	1	1
X^2	1	1	1
X^3	0	0	0
Diff.	2

X^0	2	11	9
X^1	2	3	2
X^2	2	2	2
X^3	2	2	2
Diff.	0

X^0	1	1	1
X^1	1	1	1
X^2	1	1	1
X^3	0	0	0
Diff.	0

X^0	10	75	65
X^1	10	68	58
X^2	10	38	26
X^3	10	10	10
Diff.	21

X^0	2	11	8
X^1	2	8	6
X^2	2	8	6
X^3	2	2	2
Diff.	4

X^0	2	2	2
X^1	0	0	0
X^2	1	1	1
X^3	4	4	4
Diff.	1

X^0	2	15	13
X^1	2	2	2
X^2	2	2	2
X^3	3	3	3
Diff.	4

X^0	3	10	7
X^1	1	1	1
X^2	1	1	1
X^3	0	0	0
Diff.	0

X^0	1	1	1
X^1	1	1	1
X^2	0	0	0
X^3	1	1	1
Diff.	1

X^0	4	15	13
X^1	2	2	2
X^2	0	0	0
X^3	0	0	0
Diff.	2

X^0	3	10	7
X^1	3	6	6
X^2	0	3	3
X^3	0	0	0
Diff.	2

X^0	0	6	6
X^1	0	0	0
X^2	0	0	0
X^3	0	0	0
Diff.	0

X^0	1	137	134
X^1	1	89	89
X^2	0	46	46
X^3	0	0	0
Diff.	0

X^0	5	9	8
X^1	1	1	1
X^2	1	1	1
X^3	4	4	4
Diff.	0

X^0	4	17	13
X^1	5	5	5
X^2	4	4	4
X^3	10	10	10
Diff.	6

X^0	3	15	12
X^1	4	4	4
X^2	2	2	2
X^3	2	2	2
Diff.	1

X^0	3	3	3
X^1	2	2	2
X^2	2	2	2
X^3	0	0	0
Diff.	0

X^0	7	8	7
X^1	1	1	1
X^2	1	1	1
X^3	0	0	0
Diff.	3

X^0	1	17	15
X^1	3	11	10
X^2	1	1	1
X^3	1	1	1
Diff.	1

X^0	1	31	30
X^1	1	28	27
X^2	0	15	14
X^3	0	0	0
Diff.	1

X^0	1	4	3
X^1	1	3	1
X^2	1	2	1
X^3	1	1	1
Diff.	2

X^0	6	6	6
X^1	2	2	2
X^2	0	0	0
X^3	0	0	0
Diff.	0

X^0	2	2	2
X^1	1	1	1
X^2	2	2	2
X^3	0	0	0
Diff.	0

X^0	2	10	10
X^1	2	4	4
X^2	0	0	0
X^3	1	1	1
Diff.	4

X^0	2	7	6
X^1	1	6	4
X^2	1	3	1
X^3	1	1	1
Diff.	1

X^0	1	1	1
X^1	1	1	1
X^2	0	7	7
X^3	0	0	0
Diff.	17

X^0	2	2	2
X^1	1	1	1
X^2	1	1	1
X^3	0	0	0
Diff.	0

X^0	1	2	1
X^1	1	2	1
X^2	1	1	1
X^3	4	4	4
Diff.	1

X^0	2	2	2
X^1	0	0	0
X^2	4	4	4
X^3	1	1	1
Diff.	0

X^0	0	573	200
X^1	3	3	3
X^2	3	3	3
X^3	1	1	1
Diff.	380

X^0	0	0	0
X^1	1	1	1
X^2	0	0	0
X^3	1	1	1
Diff.	1

X^0	0	1	1
X^1	0	0	0
X^2	3	3	3
X^3	1	1	1
Diff.	0

X^0	1	9	5
X^1	1	1	1
X^2	1	1	1
X^3	0	0	0
Diff.	0

X^0	1	1	1
X^1	1	1	1
X^2	1	1	1
X^3	0	0	0
Diff.	2

X^0	4	4	4
X^1	8	8	8
X^2	2	2	2
X^3	0	0	0
Diff.	1

X^0	2	2	2
X^1	0	0	0
X^2	0	0	0
X^3	0	0	0
Diff.	3

X^0	2	2	2
X^1	2	2	2
X^2	2	2	2
X^3	0	0	0
Diff.	3

X^0	6	11	6
X^1	5	6	5
X^2	6	6	6
X^3	1	1	1
Diff.	5

X^0	5	24	23
X^1	1	1	1
X^2	1	1	1
X^3	0	0	0
Diff.	1

X^0	2	21	19
X^1	2	18	17
X^2	1	1	1
X^3	0	0	0
Diff.	0

X^0	2	2	2
X^1	2	2	2
X^2	2	2	2
X^3	1	1	1
Diff.	3

X^0	1	2	1
X^1	1	1	1
X^2	0	0	0
X^3	6	6	6
Diff.	0

X^0	3	11	7
X^1	3	3	3
X^2	3	3	3
X^3	0	0	0
Diff.	4

X^0	3	5	4
X^1	1	3	1
X^2	3	3	3
X^3	1	1	1
Diff.	4

X^0	1	21	21
X^1	1	1	1
X^2	0	0	0
X^3	1	1	1
Diff.	1

X^0	1	1	1
X^1	0	0	0
X^2	2	2	2
X^3	1	1	1
Diff.	1

X^0	2	2	2
X^1	7	7	7
X^2	2	2	2
X^3	5	5	5
Diff.	1

X^0	1	1	1
X^1	0	0	0
X^2	1	1	1
X^3	1	1	1
Diff.	0

X^0	1	4	4
X^1	0	0	0
X^2	0	0	0
X^3	0	0	0
Diff.	0

X^0	3	4	3
X^1	1	1	1
X^2	1	1	1
X^3	1	1	1
Diff.	0

X^0	1	4	3
X^1	0	1	0
X^2	1	1	1
X^3	1	1	1
Diff.	2

X^0	2	20	19
X^1	3	11	7
X^2	3	3	3
X^3	0	0	0
Diff.	1

X^0	1	1	1
X^1	0	0	0
X^2	1	1	1
X^3	1	1	1
Diff.	0

X^0	4	5	4
X^1	2	2	2
X^2	1	1	1
X^3	0	0	0
Diff.	1

X^0	3	33	29
X^1	3	4	3
X^2	3	3	3
X^3	1	1	1
Diff.	4

X^0	3	4	3
X^1	2	2	2
X^2	1	1	1
X^3	2	2	2
Diff.	3

X^0	2	31	25
X^1	5	29	23
X^2	2	10	10
X^3	0	0	0
Diff.	2

X^0	0	1	0
X^1	0	0	0
X^2	0	0	0
X^3	0	0	0
Diff.	1

X^0	1	1	1
X^1	0	0	0
X^2	7	7	7
X^3	2	2	2
Diff.	0

X^0	2	3	2
X^1	2	2	2
X^2	1	1	1
X^3	0	0	0
Diff.	2

X^0	1	10	9
X^1	1	1	1
X^2	1	1	1
X^3	0	0	0
Diff.	1

X^0	1	11	11
X^1	1	1	1
X^2	0	0	0
X^3	0	0	0
Diff.	1

X^0	2	16	8
X^1	0	8	8
X^2	0	0	0
X^3	0	0	0
Diff.	0

X^0	5	6	5
X^1	3	4	3
X^2	1	1	1
X^3	2	2	2
Diff.	0

X^0	1	2	1
X^1	1	1	1
X^2	0	0	0
X^3	1	1	1
Diff.	1

X^0	2	5	3
X^1	2	5	3
X^2	2	2	2
X^3	1	1	1
Diff.	2

X^0	0	0	0
X^1	0	0	0
X^2	0	0	0
X^3	3	3	3
Diff.	0

X^0	2	4	4
X^1	0	0	0
X^2	0	0	0
X^3	0	0	0
Diff.	1

X^0	3	4	3
X^1	3	3	3
X^2	3	3	3
X^3	0	0	0
Diff.	5

X^0	3	3	3
X^1	3	3	3
X^2	3	3	3
X^3	0	0	0
Diff.	3

X^0	3	4	3
X^1	2	2	2
X^2	1	1	1
X^3	0	0	0
Diff.	1

X^0	1	10	9
X^1	1	3	2
X^2	1	1	1
X^3	0	0	0
Diff.	1

X^0	1	7	4
X^1	1	1	1
X^2	1	1	1
X^3	0	0	0
Diff.	2

X^0	3	8	5
X^1	1	1	1
X^2	2	2	2
X^3	3	3	3
Diff.	2

X^0	4	4	4
X^1	3	3	3
X^2	1	1	1
X^3	0	0	0
Diff.	4

X^0	1	17	15
X^1	1	17	15
X^2	1	11	9
X^3	1	1	1
Diff.	3

X^0	4	6	5
X^1	3	4	4
X^2	3	4	4
X^3	0	0	0
Diff.	0

X^0	3	3	3
X^1	2	2	2
X^2	2	2	2
X^3	1	1	1
Diff.	4

X^0	5	5	5
X^1	5	5	5
X^2	3	3	3
X^3	1	1	1
Diff.	4

X^0	2	5	5
X^1	2	2	2
X^2	0	0	0
X^3	0	0	0
Diff.	2

X^0	3	3	3
X^1	1	2	1
X^2	2	2	2
X^3	1	1	1
Diff.	1

X^0	3	7	7
X^1	1	4	4
X^2	0	6	6
X^3	0	0	0
Diff.	0

X^0	6	6	6
X^1	0	0	0
X^2	0	0	0
X^3	1	1	1
Diff.	0

X^0	2	22	19
X^1	0	0	0
X^2	3	3	3
X^3	0	0	0
Diff.	0

X^0	2	2	2
X^1	1	1	1
X^2	1	1	1
X^3	1	1	1
Diff.	1

X^0	4	10	10
X^1	0	0	0
X^2	0	0	0
X^3	0	0	0
Diff.	0

X^0	1	2	2
X^1	1	1	1
X^2	0	0	0
X^3	0	0	0
Diff.	1

X^0	3	6	3
X^1	3	3	3
X^2	3	3	3
X^3	2	2	2
Diff.	3

X^0	2	3	2
X^1	8	8	8
X^2	1	1	1
X^3	0	0	0
Diff.	0

X^0	5	136	131
X^1	5	5	5
X^2	5	5	5
X^3	0	0	0
Diff.	16

X^0	1	20	19
X^1	1	1	1
X^2	0	0	0
X^3	1	1	1
Diff.	1

X^0	4	4	4
X^1	2	3	2
X^2	2	2	2
X^3	7	7	7
Diff.	1

X^0	7	19	17
X^1	2	2	2
X^2	2	2	2
X^3	0	0	0
Diff.	1

X^0	1	1	1
X^1	1	1	1
X^2	0	0	0
X^3	2	2	2
Diff.	2

X^0	2	2	2
X^1	2	2	2
X^2	1	1	1
X^3	0	0	0
Diff.	3

X^0	1	2	1
X^1	1	1	1
X^2	1	1	1
X^3	0	0	0
Diff.	2

X^0	2	2	2
X^1	2	2	2
X^2	1	1	1
X^3	1	1	1
Diff.	0

X^0	1	5	4
X^1	1	2	1
X^2	0	0	0
X^3	1	1	1
Diff.	0

X^0	2	28	26
X^1	0	29	27
X^2	0	29	29
X^3	0	0	0
Diff.	5

X^0	3	13	9
X^1	1	2	1
X^2	1	1	1
X^3	1	1	1
Diff.	1

X^0	2	2	2
X^1	2	2	2
X^2	2	2	2
X^3	0	0	0
Diff.	2

X^0	1	7	6
X^1	5	6	5
X^2	1	1	1
X^3	0	0	0
Diff.	0

X^0	4	12	11
X^1	1	4	3
X^2	1	1	1
X^3	0	0	0
Diff.	0

X^0	2	9	9
X^1	3	8	8
X^2	0	0	0
X^3	4	4	4
Diff.	1

X^0	2	2	2
X^1	2	3	2
X^2	1	1	1
X^3	0	0	0
Diff.	0

X^0	3	3	3
X^1	0	0	0
X^2	2	2	2
X^3	0	0	0
Diff.	0

X^0	1	3	1
X^1	1	1	1
X^2	4	4	4
X^3	1	1	1
Diff.	2

X^0	1	145	144
X^1	1	1	1
X^2	1	1	1
X^3	0	0	0
Diff.	0

X^0	6	16	9
X^1	6	10	6
X^2	9	13	9
X^3	6	6	6
Diff.	16

X^0	3	111	104
X^1	3	31	28
X^2	3	3	3
X^3	2	2	2
Diff.	3

X^0	4	4	4
X^1	2	2	2
X^2	3	4	3
X^3	4	4	4
Diff.	3

X^0	3	20	14
X^1	2	10	8
X^2	1	8	2
X^3	2	2	2
Diff.	2

X^0	4	6	4
X^1	3	3	3
X^2	1	1	1
X^3	0	0	0
Diff.	1

X^0	0	2	0
X^1	2	2	2
X^2	2	2	2
X^3	0	0	0
Diff.	0

X^0	2	20	19
X^1	2	14	13
X^2	1	20	19
X^3	1	1	1
Diff.	6

X^0	3	6	3
X^1	3	3	3
X^2	6	6	6
X^3	1	1	1
Diff.	2

X^0	3	4	3
X^1	2	2	2
X^2	1	1	1
X^3	0	0	0
Diff.	0

X^0	1	1	1
X^1	1	1	1
X^2	0	0	0
X^3	2	2	2
Diff.	0

X^0	1	1	1
X^1	2	2	2
X^2	3	3	3
X^3	0	0	0
Diff.	1

X^0	1	10	7
X^1	1	4	1
X^2	0	4	1
X^3	3	3	3
Diff.	0

X^0	3	17	17
X^1	7	12	11
X^2	0	0	0
X^3	0	0	0
Diff.	0

X^0	1	4	1
X^1	2	2	2
X^2	1	1	1
X^3	0	0	0
Diff.	0

X^0	1	5	1
X^1	4	5	4
X^2	2	2	2
X^3	1	1	1
Diff.	1

X^0	1	4	3
X^1	1	1	1
X^2	1	1	1
X^3	0	0	0
Diff.	1

X^0	2	6	2
X^1	2	6	2
X^2	3	3	3
X^3	0	0	0
Diff.	1

X^0	2	12	10
X^1	1	11	9
X^2	1	5	2
X^3	1	1	1
Diff.	1

X^0	0	13	10
X^1	1	1	1
X^2	1	1	1
X^3	0	0	0
Diff.	0

X^0	5	5	5
X^1	4	4	4
X^2	0	0	0
X^3	2	2	2
Diff.	0

X^0	0	26	26
X^1	0	16	16
X^2	2	8	8
X^3	0	0	0
Diff.	0

X^0	2	2	2
X^1	2	2	2
X^2	0	0	0
X^3	2	2	2
Diff.	2

X^0	0	0	0
X^1	1	1	1
X^2	1	1	1
X^3	2	2	2
Diff.	0

X^0	1	109	108
X^1	0	109	109
X^2	0	109	109
X^3	0	0	0
Diff.	0

X^0	3	32	29
X^1	3	3	3
X^2	3	3	3
X^3	0	0	0
Diff.	5

X^0	4	4	4
X^1	1	1	1
X^2	1	1	1
X^3	0	0	0
Diff.	0

X^0	0	0	0
X^1	0	0	0
X^2	0	0	0
X^3	0	0	0
Diff.	0

X^0	0	0	0
X^1	0	0	0
X^2	0	0	0
X^3	2	2	2
Diff.	2

X^0	2	16	14
X^1	1	1	1
X^2	1	1	1
X^3	0	0	0
Diff.	3

X^0	1	2	1
X^1	1	1	1
X^2	0	0	0
X^3	0	0	0
Diff.	1

X^0	4	6	4
X^1	1	1	1
X^2	2	2	2
X^3	1	1	1
Diff.	1

X^0	2	17	12
X^1	2	4	2
X^2	3	3	3
X^3	0	0	0
Diff.	2

X^0	1	3	3
X^1	0	0	0
X^2	0	0	0
X^3	0	0	0
Diff.	3

X^0	2	7	6
X^1	0	0	0
X^2	1	1	1
X^3	0	0	0
Diff.	0

X^0	3	8	7
X^1	4	7	6
X^2	2	3	2
X^3	1	1	1
Diff.	1

X^0	0	15	15
X^1	0	2	0
X^2	0	0	0
X^3	2	2	2
Diff.	0

X^0	5	5	5
X^1	6	6	6
X^2	0	0	0
X^3	0	0	0
Diff.	0

X^0	1	11	9
X^1	1	1	1
X^2	0	0	0
X^3	3	3	3
Diff.	1

X^0	1	1	1
X^1	1	1	1
X^2	1	1	1
X^3	3	3	3
Diff.	0

X^0	0	75	75
X^1	0	37	37
X^2	0	0	0
X^3	0	0	0
Diff.	0

X^0	5	13	8
X^1	5	5	5
X^2	3	3	3
X^3	0	0	0
Diff.	4

X^0	3	7	4
X^1	1	1	1
X^2	1	1	1
X^3	5	5	5
Diff.	0

X^0	3	5	3
X^1	1	2	1
X^2	1	1	1
X^3	1	1	1
Diff.	1

X^0	3	28	26
X^1	2	2	2
X^2	1	1	1
X^3	1	1	1
Diff.	0

X^0	2	5	2
X^1	1	1	1
X^2	3	3	3
X^3	0	0	0
Diff.	0

X^0	3	3	3
X^1	1	1	1
X^2	0	0	0
X^3	1	1	1
Diff.	1

X^0	1	15	13
X^1	1	1	1
X^2	1	1	1
X^3	1	1	1
Diff.	1

X^0	1	1	1
X^1	0	0	0
X^2	0	0	0
X^3	0	0	0
Diff.	3

X^0	1	3	2
X^1	1	1	1
X^2	1	1	1
X^3	0	0	0
Diff.	3

X^0	2	20	18
X^1	5	19	15
X^2	2	15	14
X^3	1	1	1
Diff.	1

X^0	5	6	5
X^1	3	3	3
X^2	1	1	1
X^3	1	1	1
Diff.	1

X^0	1	70	68
X^1	1	1	1
X^2	1	1	1
X^3	0	0	0
Diff.	4

X^0	1	10	7
X^1	0	9	8
X^2	0	3	2
X^3	0	0	0
Diff.	0

X^0	4	5	4
X^1	1	2	1
X^2	0	0	0
X^3	1	1	1
Diff.	0

X^0	1	1	1
X^1	2	2	2
X^2	0	0	0
X^3	6	6	6
Diff.	0

X^0	1	1	1
X^1	0	0	0
X^2	0	0	0
X^3	0	0	0
Diff.	0

X^0	2	13	11
X^1	2	8	5
X^2	3	3	3
X^3	0	0	0
Diff.	0

X^0	2	2	2
X^1	1	1	1
X^2	0	0	0
X^3	2	2	2
Diff.	1

X^0	5	46	39
X^1	5	49	42
X^2	5	27	20
X^3	5	5	5
Diff.	14

X^0	1	1	1
X^1	2	2	2
X^2	1	5	1
X^3	1	1	1
Diff.	0

X^0	2	3	2
X^1	2	2	2
X^2	2	2	2
X^3	0	0	0
Diff.	2

X^0	2	42	40
X^1	2	4	2
X^2	2	2	2
X^3	2	2	2
Diff.	3

X^0	1	8	1
X^1	1	1	1
X^2	1	1	1
X^3	0	0	0
Diff.	2

X^0	1	4	3
X^1	0	0	0
X^2	0	0	0
X^3	0	0	0
Diff.	0

X^0	1	24	24
X^1	0	0	0
X^2	0	0	0
X^3	0	0	0
Diff.	0

X^0	1	11	10
X^1	1	1	1
X^2	1	1	1
X^3	1	1	1
Diff.	2

X^0	2	2	2
X^1	2	2	2
X^2	0	0	0
X^3	0	0	0
Diff.	0

X^0	0	3	0
X^1	0	0	0
X^2	1	1	1
X^3	0	0	0
Diff.	0

X^0	1	7	3
X^1	1	1	1
X^2	3	3	3
X^3	0	0	0
Diff.	0

X^0	0	6	0
X^1	1	3	1
X^2	1	1	1
X^3	0	0	0
Diff.	1

X^0	2	2	2
X^1	2	2	2
X^2	2	2	2
X^3	2	2	2
Diff.	2

X^0	3	20	19
X^1	2	18	16
X^2	0	15	13
X^3	0	0	0
Diff.	0

X^0	1	1	1
X^1	2	2	2
X^2	0	0	0
X^3	1	1	1
Diff.	0

X^0	3	47	47
X^1	1	24	23
X^2	1	10	8
X^3	0	0	0
Diff.	1

X^0	1	1	1
X^1	1	1	1
X^2	1	1	1
X^3	1	1	1
Diff.	1

X^0	2	14	12
X^1	1	1	1
X^2	2	2	2
X^3	0	0	0
Diff.	0

X^0	1	90	88
X^1	1	1	1
X^2	1	1	1
X^3	1	1	1
Diff.	14

X^0	0	0	0
X^1	1	1	1
X^2	0	0	0
X^3	0	0	0
Diff.	0

X^0	2	2	2
X^1	1	1	1
X^2	1	1	1
X^3	0	0	0
Diff.	1

X^0	0	101	100
X^1	1	88	87
X^2	0	106	105
X^3	0	0	0
Diff.	0

X^0	0	66	64
X^1	1	1	1
X^2	1	1	1
X^3	0	0	0
Diff.	0

X^0	1	1	1
X^1	2	4	2
X^2	1	1	1
X^3	2	2	2
Diff.	6

X^0	4	6	4
X^1	4	4	4
X^2	4	4	4
X^3	0	0	0
Diff.	6

X^0	2	9	2
X^1	1	1	1
X^2	1	1	1
X^3	1	1	1
Diff.	1

X^0	5	15	10
X^1	5	5	5
X^2	5	5	5
X^3	2	2	2
Diff.	8

X^0	2	4	4
X^1	0	1	1
X^2	1	3	3
X^3	0	0	0
Diff.	0

X^0	1	9	6
X^1	5	5	5
X^2	4	4	4
X^3	0	0	0
Diff.	6

X^0	2	2	2
X^1	2	2	2
X^2	1	1	1
X^3	2	2	2
Diff.	2

X^0	3	4	3
X^1	3	4	3
X^2	5	5	5
X^3	3	3	3
Diff.	7

X^0	3	3	3
X^1	2	2	2
X^2	0	0	0
X^3	2	2	2
Diff.	3

X^0	1	41	41
X^1	0	39	39
X^2	0	19	16
X^3	0	0	0
Diff.	0

X^0	0	3	3
X^1	0	0	0
X^2	0	0	0
X^3	0	0	0
Diff.	1

X^0	3	9	8
X^1	2	7	6
X^2	2	3	2
X^3	1	1	1
Diff.	2

X^0	2	25	21
X^1	2	2	2
X^2	2	2	2
X^3	1	1	1
Diff.	4

X^0	1	1	1
X^1	1	1	1
X^2	0	0	0
X^3	1	1	1
Diff.	0

X^0	4	18	16
X^1	1	1	1
X^2	1	1	1
X^3	0	0	0
Diff.	0

X^0	3	3	3
X^1	3	3	3
X^2	3	3	3
X^3	3	3	3
Diff.	0

X^0	1	34	33
X^1	1	23	23
X^2	0	10	10
X^3	0	0	0
Diff.	0

X^0	3	60	57
X^1	2	2	2
X^2	1	1	1
X^3	0	0	0
Diff.	0

X^0	0	3	2
X^1	1	2	1
X^2	0	0	0
X^3	4	4	4
Diff.	0

X^0	2	28	27
X^1	0	16	16
X^2	1	9	8
X^3	0	0	0
Diff.	3

X^0	2	36	35
X^1	8	46	45
X^2	2	26	24
X^3	1	1	1
Diff.	0

X^0	3	7	6
X^1	2	4	3
X^2	1	3	2
X^3	0	0	0
Diff.	2

X^0	3	3	3
X^1	3	3	3
X^2	0	0	0
X^3	1	1	1
Diff.	0

X^0	2	31	31
X^1	1	22	19
X^2	0	11	10
X^3	0	0	0
Diff.	0

X^0	3	45	42
X^1	1	1	1
X^2	1	1	1
X^3	0	0	0
Diff.	1

X^0	7	8	7
X^1	3	3	3
X^2	3	3	3
X^3	2	2	2
Diff.	1

X^0	1	11	8
X^1	1	2	2
X^2	0	0	0
X^3	0	0	0
Diff.	0

X^0	3	5	3
X^1	3	3	3
X^2	3	3	3
X^3	0	0	0
Diff.	2

X^0	1	4	1
X^1	3	3	3
X^2	1	1	1
X^3	2	2	2
Diff.	2

X^0	2	5	3
X^1	2	7	5
X^2	2	2	2
X^3	0	0	0
Diff.	2

X^0	3	3	3
X^1	3	3	3
X^2	0	0	0
X^3	0	0	0
Diff.	1

X^0	1	7	6
X^1	1	1	1
X^2	1	1	1
X^3	1	1	1
Diff.	0

X^0	3	5	3
X^1	3	5	3
X^2	3	4	3
X^3	0	0	0
Diff.	2

X^0	4	26	25
X^1	2	16	16
X^2	0	7	6
X^3	0	0	0
Diff.	0

X^0	6	44	41
X^1	1	1	1
X^2	1	1	1
X^3	0	0	0
Diff.	6

X^0	2	2	2
X^1	1	1	1
X^2	0	0	0
X^3	0	0	0
Diff.	0

X^0	1	5	2
X^1	1	1	1
X^2	5	5	5
X^3	2	2	2
Diff.	0

X^0	9	48	45
X^1	3	44	41
X^2	3	22	19
X^3	3	3	3
Diff.	5

X^0	3	5	3
X^1	2	2	2
X^2	2	3	3
X^3	0	0	0
Diff.	3

X^0	3	8	6
X^1	1	1	1
X^2	0	0	0
X^3	0	0	0
Diff.	0

X^0	0	0	0
X^1	1	1	1
X^2	0	1	1
X^3	0	0	0
Diff.	0

X^0	4	31	29
X^1	3	3	3
X^2	2	2	2
X^3	0	0	0
Diff.	2

X^0	3	192	190
X^1	3	3	3
X^2	1	1	1
X^3	0	0	0
Diff.	0

X^0	1	1	1
X^1	1	1	1
X^2	0	1	1
X^3	0	0	0
Diff.	2

X^0	3	5	5
X^1	0	0	0
X^2	0	0	0
X^3	0	0	0
Diff.	0

X^0	5	31	26
X^1	1	1	1
X^2	3	3	3
X^3	1	1	1
Diff.	2

X^0	1	10	8
X^1	1	7	6
X^2	1	6	5
X^3	1	1	1
Diff.	2

X^0	3	11	11
X^1	5	8	7
X^2	1	2	1
X^3	0	0	0
Diff.	1

X^0	1	7	7
X^1	1	5	5
X^2	0	0	0
X^3	0	0	0
Diff.	0

X^0	3	5	5
X^1	0	2	2
X^2	1	1	1
X^3	0	0	0
Diff.	0

X^0	1	4	2
X^1	1	2	2
X^2	1	1	1
X^3	0	0	0
Diff.	1

X^0	2	2	2
X^1	2	2	2
X^2	2	5	3
X^3	1	1	1
Diff.	4

X^0	2	6	3
X^1	2	2	2
X^2	5	5	5
X^3	0	0	0
Diff.	1

X^0	3	4	3
X^1	2	2	2
X^2	5	5	5
X^3	2	2	2
Diff.	0

X^0	7	8	7
X^1	1	2	1
X^2	1	1	1
X^3	2	2	2
Diff.	0

X^0	1	3	1
X^1	3	3	3
X^2	5	5	5
X^3	0	0	0
Diff.	0

X^0	1	16	16
X^1	2	2	2
X^2	0	0	0
X^3	0	0	0
Diff.	0

X^0	3	3	3
X^1	6	6	6
X^2	2	2	2
X^3	1	1	1
Diff.	0

X^0	1	7	6
X^1	1	1	1
X^2	0	0	0
X^3	2	2	2
Diff.	2

X^0	1	2	1
X^1	2	2	2
X^2	2	2	2
X^3	0	0	0
Diff.	2

X^0	1	5	4
X^1	1	5	4
X^2	0	2	1
X^3	0	0	0
Diff.	0

X^0	2	2	2
X^1	0	0	0
X^2	0	0	0
X^3	2	2	2
Diff.	1

X^0	0	1	1
X^1	0	0	0
X^2	0	0	0
X^3	0	0	0
Diff.	0

X^0	1	1	1
X^1	0	0	0
X^2	0	0	0
X^3	0	0	0
Diff.	1

X^0	3	3	3
X^1	0	1	1
X^2	0	0	0
X^3	2	2	2
Diff.	2

X^0	3	6	3
X^1	1	3	1
X^2	5	5	5
X^3	1	1	1
Diff.	4

X^0	3	8	7
X^1	1	1	1
X^2	1	1	1
X^3	0	0	0
Diff.	1

X^0	2	3	2
X^1	1	1	1
X^2	1	1	1
X^3	0	0	0
Diff.	0

X^0	2	28	25
X^1	2	2	2
X^2	2	2	2
X^3	1	1	1
Diff.	4

X^0	5	6	5
X^1	4	6	4
X^2	5	5	5
X^3	0	0	0
Diff.	9

X^0	1	5	4
X^1	1	3	2
X^2	1	1	1
X^3	0	0	0
Diff.	1

X^0	3	39	34
X^1	3	3	3
X^2	3	3	3
X^3	3	3	3
Diff.	2

X^0	6	55	54
X^1	2	9	9
X^2	0	0	0
X^3	0	0	0
Diff.	1

X^0	1	17	15
X^1	1	32	30
X^2	1	17	15
X^3	1	1	1
Diff.	1

X^0	0	6	3
X^1	0	3	3
X^2	0	1	0
X^3	0	0	0
Diff.	0

X^0	0	0	0
X^1	4	4	4
X^2	0	0	0
X^3	1	1	1
Diff.	0

X^0	0	3	2
X^1	4	6	5
X^2	0	0	0
X^3	0	0	0
Diff.	0

X^0	2	4	2
X^1	2	3	2
X^2	2	2	2
X^3	0	0	0
Diff.	2

X^0	1	20	18
X^1	0	0	0
X^2	0	0	0
X^3	0	0	0
Diff.	0

X^0	4	4	4
X^1	0	0	0
X^2	0	0	0
X^3	0	0	0
Diff.	4

X^0	1	4	3
X^1	1	1	1
X^2	3	3	3
X^3	0	0	0
Diff.	0

X^0	1	104	104
X^1	0	50	49
X^2	0	0	0
X^3	0	0	0
Diff.	0

X^0	2	44	41
X^1	2	27	22
X^2	2	19	17
X^3	2	2	2
Diff.	3

X^0	2	34	33
X^1	2	24	24
X^2	2	25	25
X^3	0	0	0
Diff.	0

X^0	5	8	5
X^1	2	2	2
X^2	2	2	2
X^3	1	1	1
Diff.	0

X^0	3	3	3
X^1	3	3	3
X^2	0	0	0
X^3	1	1	1
Diff.	0

X^0	2	13	13
X^1	2	3	3
X^2	2	3	3
X^3	0	0	0
Diff.	6

X^0	2	3	2
X^1	2	3	2
X^2	2	2	2
X^3	2	2	2
Diff.	0

X^0	1	5	1
X^1	0	2	0
X^2	0	0	0
X^3	0	0	0
Diff.	0

X^0	1	2	1
X^1	2	2	2
X^2	0	0	0
X^3	1	1	1
Diff.	1

X^0	2	2	2
X^1	0	0	0
X^2	0	0	0
X^3	0	0	0
Diff.	0

X^0	2	23	22
X^1	2	23	20
X^2	1	1	1
X^3	0	0	0
Diff.	1

X^0	1	17	16
X^1	1	1	1
X^2	1	1	1
X^3	0	0	0
Diff.	2

X^0	3	5	3
X^1	1	5	5
X^2	0	3	3
X^3	0	0	0
Diff.	0

X^0	1	1	1
X^1	1	1	1
X^2	0	0	0
X^3	1	1	1
Diff.	2

X^0	2	3	2
X^1	1	1	1
X^2	0	0	0
X^3	2	2	2
Diff.	0

X^0	3	5	3
X^1	3	3	3
X^2	4	4	4
X^3	0	0	0
Diff.	4

X^0	2	2	2
X^1	1	1	1
X^2	0	0	0
X^3	0	0	0
Diff.	0

X^0	3	6	6
X^1	0	0	0
X^2	0	0	0
X^3	0	0	0
Diff.	4

X^0	8	21	21
X^1	0	18	18
X^2	1	10	3
X^3	0	0	0
Diff.	1

X^0	4	13	9
X^1	2	2	2
X^2	0	0	0
X^3	0	0	0
Diff.	0

X^0	0	81	79
X^1	2	2	2
X^2	1	1	1
X^3	0	0	0
Diff.	0

X^0	1	1	1
X^1	1	1	1
X^2	1	1	1
X^3	1	1	1
Diff.	1

X^0	2	11	6
X^1	1	5	4
X^2	0	2	0
X^3	0	0	0
Diff.	0

X^0	2	5	2
X^1	2	5	2
X^2	2	2	2
X^3	0	0	0
Diff.	0

X^0	4	4	4
X^1	1	2	1
X^2	2	2	2
X^3	2	2	2
Diff.	3

X^0	1	2	1
X^1	0	2	1
X^2	1	3	2
X^3	0	0	0
Diff.	0

X^0	4	5	4
X^1	4	4	4
X^2	1	1	1
X^3	2	2	2
Diff.	3

X^0	2	5	4
X^1	1	5	4
X^2	2	5	2
X^3	1	1	1
Diff.	1

X^0	2	44	38
X^1	2	2	2
X^2	2	2	2
X^3	1	1	1
Diff.	4

X^0	0	0	0
X^1	0	0	0
X^2	3	3	3
X^3	0	0	0
Diff.	0

X^0	2	548	200
X^1	1	1	1
X^2	0	0	0
X^3	2	2	2
Diff.	0

X^0	4	9	6
X^1	1	3	1
X^2	0	0	0
X^3	4	4	4
Diff.	0

X^0	1	1	1
X^1	1	1	1
X^2	1	1	1
X^3	0	0	0
Diff.	3

X^0	2	19	18
X^1	2	7	6
X^2	2	7	5
X^3	0	0	0
Diff.	6

X^0	2	3	2
X^1	2	2	2
X^2	0	0	0
X^3	2	2	2
Diff.	1

X^0	1	2	1
X^1	1	3	2
X^2	0	0	0
X^3	1	1	1
Diff.	0

X^0	2	2	2
X^1	2	2	2
X^2	1	1	1
X^3	5	5	5
Diff.	1

X^0	1	4	4
X^1	1	10	10
X^2	1	7	7
X^3	0	0	0
Diff.	0

X^0	3	3	3
X^1	3	3	3
X^2	2	2	2
X^3	2	2	2
Diff.	3

X^0	3	7	5
X^1	1	1	1
X^2	1	1	1
X^3	1	1	1
Diff.	0

X^0	2	5	3
X^1	2	6	4
X^2	2	3	2
X^3	2	2	2
Diff.	4

X^0	1	5	2
X^1	1	4	1
X^2	1	1	1
X^3	3	3	3
Diff.	1

X^0	1	1	1
X^1	2	2	2
X^2	1	1	1
X^3	2	2	2
Diff.	4

X^0	1	1	1
X^1	0	0	0
X^2	0	3	0
X^3	0	0	0
Diff.	6

X^0	2	11	7
X^1	2	2	2
X^2	2	2	2
X^3	2	2	2
Diff.	1

X^0	1	4	2
X^1	1	1	1
X^2	1	1	1
X^3	0	0	0
Diff.	0

X^0	0	132	131
X^1	0	132	131
X^2	0	64	64
X^3	0	0	0
Diff.	0

X^0	2	4	3
X^1	1	1	1
X^2	0	0	0
X^3	1	1	1
Diff.	1

X^0	1	3	1
X^1	1	3	1
X^2	1	1	1
X^3	0	0	0
Diff.	1

X^0	1	3	1
X^1	1	1	1
X^2	2	2	2
X^3	1	1	1
Diff.	0

X^0	2	8	8
X^1	4	4	4
X^2	0	0	0
X^3	0	0	0
Diff.	0

X^0	0	0	0
X^1	0	0	0
X^2	0	0	0
X^3	0	0	0
Diff.	0

X^0	0	2	0
X^1	1	3	1
X^2	3	3	3
X^3	0	0	0
Diff.	0

X^0	4	13	9
X^1	1	11	7
X^2	1	2	1
X^3	2	2	2
Diff.	1

X^0	2	2	2
X^1	0	0	0
X^2	2	2	2
X^3	2	2	2
Diff.	1

X^0	3	3	3
X^1	3	3	3
X^2	3	3	3
X^3	1	1	1
Diff.	12

X^0	3	3	3
X^1	2	2	2
X^2	0	0	0
X^3	3	3	3
Diff.	3

X^0	2	2	2
X^1	1	1	1
X^2	0	1	0
X^3	1	1	1
Diff.	3

X^0	2	2	2
X^1	3	3	3
X^2	3	3	3
X^3	0	0	0
Diff.	0

X^0	1	4	4
X^1	0	0	0
X^2	0	0	0
X^3	0	0	0
Diff.	6

X^0	1	1	1
X^1	1	1	1
X^2	1	1	1
X^3	2	2	2
Diff.	1

X^0	2	6	3
X^1	3	3	3
X^2	3	3	3
X^3	2	2	2
Diff.	3

X^0	2	2	2
X^1	0	0	0
X^2	1	1	1
X^3	0	0	0
Diff.	0

X^0	0	5	0
X^1	0	0	0
X^2	0	0	0
X^3	0	0	0
Diff.	0

X^0	1	6	3
X^1	1	2	1
X^2	1	1	1
X^3	2	2	2
Diff.	2

X^0	0	1	1
X^1	0	0	0
X^2	0	1	0
X^3	0	0	0
Diff.	0

X^0	3	88	84
X^1	2	2	2
X^2	2	2	2
X^3	1	1	1
Diff.	0

X^0	4	9	9
X^1	4	9	9
X^2	0	0	0
X^3	1	1	1
Diff.	7

X^0	0	24	24
X^1	0	13	13
X^2	1	12	12
X^3	0	0	0
Diff.	0

X^0	1	4	3
X^1	1	2	1
X^2	1	1	1
X^3	2	2	2
Diff.	0

X^0	4	8	4
X^1	7	7	7
X^2	0	0	0
X^3	0	0	0
Diff.	1

X^0	2	2	2
X^1	1	1	1
X^2	1	3	3
X^3	0	0	0
Diff.	4

X^0	0	1	1
X^1	0	0	0
X^2	0	0	0
X^3	0	0	0
Diff.	3

X^0	0	2	0
X^1	0	0	0
X^2	1	1	1
X^3	2	2	2
Diff.	0

X^0	1	2	1
X^1	2	4	2
X^2	0	0	0
X^3	2	2	2
Diff.	0

X^0	1	4	1
X^1	1	4	1
X^2	1	2	1
X^3	0	0	0
Diff.	2

X^0	1	72	71
X^1	1	71	71
X^2	0	41	40
X^3	0	0	0
Diff.	1

X^0	0	5	5
X^1	3	10	10
X^2	3	10	10
X^3	0	0	0
Diff.	2

X^0	4	10	10
X^1	2	2	2
X^2	0	0	0
X^3	0	0	0
Diff.	0

X^0	1	23	22
X^1	1	3	1
X^2	1	1	1
X^3	2	2	2
Diff.	0

X^0	3	46	43
X^1	3	3	3
X^2	3	3	3
X^3	0	0	0
Diff.	7

X^0	3	6	3
X^1	3	3	3
X^2	3	3	3
X^3	0	0	0
Diff.	7

X^0	7	8	7
X^1	0	0	0
X^2	0	0	0
X^3	0	0	0
Diff.	1

X^0	1	39	39
X^1	1	41	41
X^2	1	20	20
X^3	0	0	0
Diff.	0

X^0	4	4	4
X^1	2	2	2
X^2	2	2	2
X^3	0	0	0
Diff.	0

X^0	3	190	186
X^1	3	3	3
X^2	3	3	3
X^3	3	3	3
Diff.	3

X^0	3	3	3
X^1	4	5	4
X^2	2	2	2
X^3	2	2	2
Diff.	4

X^0	0	0	0
X^1	0	0	0
X^2	2	2	2
X^3	1	1	1
Diff.	0

X^0	4	7	6
X^1	6	9	8
X^2	0	1	1
X^3	0	0	0
Diff.	1

X^0	1	1	1
X^1	0	0	0
X^2	8	8	8
X^3	10	10	10
Diff.	0

X^0	4	4	4
X^1	4	4	4
X^2	4	4	4
X^3	1	1	1
Diff.	9

X^0	1	8	4
X^1	1	3	1
X^2	2	2	2
X^3	4	4	4
Diff.	0

X^0	2	2	2
X^1	1	1	1
X^2	0	0	0
X^3	1	1	1
Diff.	0

X^0	0	2	1
X^1	0	0	0
X^2	2	2	2
X^3	1	1	1
Diff.	0

X^0	1	50	49
X^1	1	1	1
X^2	1	1	1
X^3	0	0	0
Diff.	1

X^0	4	12	9
X^1	4	4	4
X^2	1	2	1
X^3	1	1	1
Diff.	1

X^0	5	16	11
X^1	5	10	5
X^2	5	6	5
X^3	5	5	5
Diff.	14

X^0	0	10	9
X^1	0	1	0
X^2	0	0	0
X^3	0	0	0
Diff.	0

X^0	0	2	1
X^1	0	0	0
X^2	1	1	1
X^3	3	3	3
Diff.	0

X^0	2	2	2
X^1	2	2	2
X^2	0	0	0
X^3	1	1	1
Diff.	1

X^0	1	5	1
X^1	2	2	2
X^2	3	3	3
X^3	0	0	0
Diff.	3

X^0	2	6	4
X^1	1	2	1
X^2	1	1	1
X^3	1	1	1
Diff.	1

X^0	3	94	93
X^1	2	2	2
X^2	0	0	0
X^3	0	0	0
Diff.	0

X^0	1	7	4
X^1	1	1	1
X^2	1	1	1
X^3	3	3	3
Diff.	2

X^0	0	6	0
X^1	0	4	0
X^2	0	5	0
X^3	0	0	0
Diff.	0

X^0	1	64	61
X^1	1	2	1
X^2	1	1	1
X^3	0	0	0
Diff.	2

X^0	3	56	49
X^1	3	3	3
X^2	3	3	3
X^3	3	3	3
Diff.	7

X^0	3	15	13
X^1	1	10	8
X^2	1	4	2
X^3	1	1	1
Diff.	2

X^0	0	0	0
X^1	0	0	0
X^2	0	0	0
X^3	0	0	0
Diff.	0

X^0	1	3	2
X^1	1	1	1
X^2	2	2	2
X^3	0	0	0
Diff.	0

X^0	4	4	4
X^1	7	7	7
X^2	2	2	2
X^3	1	1	1
Diff.	3

X^0	0	220	200
X^1	4	147	143
X^2	4	77	73
X^3	4	4	4
Diff.	0

X^0	0	2	1
X^1	2	2	2
X^2	1	1	1
X^3	0	0	0
Diff.	0

X^0	7	8	7
X^1	7	7	7
X^2	9	9	9
X^3	1	1	1
Diff.	12

X^0	1	1	1
X^1	1	1	1
X^2	0	0	0
X^3	0	0	0
Diff.	1

X^0	2	2	2
X^1	4	4	4
X^2	2	2	2
X^3	1	1	1
Diff.	2

X^0	3	3	3
X^1	3	3	3
X^2	0	0	0
X^3	3	3	3
Diff.	3

X^0	5	6	5
X^1	0	0	0
X^2	4	4	4
X^3	1	1	1
Diff.	4

X^0	3	9	7
X^1	1	1	1
X^2	2	2	2
X^3	0	0	0
Diff.	0

X^0	2	2	2
X^1	2	2	2
X^2	2	2	2
X^3	1	1	1
Diff.	3

X^0	1	10	8
X^1	1	5	4
X^2	1	1	1
X^3	1	1	1
Diff.	1

X^0	2	63	59
X^1	2	2	2
X^2	1	1	1
X^3	0	0	0
Diff.	2

X^0	2	5	5
X^1	2	2	2
X^2	0	0	0
X^3	2	2	2
Diff.	1

X^0	2	47	45
X^1	2	30	28
X^2	2	19	17
X^3	2	2	2
Diff.	5

X^0	3	35	34
X^1	2	7	4
X^2	1	1	1
X^3	1	1	1
Diff.	1

X^0	3	10	9
X^1	1	1	1
X^2	0	0	0
X^3	2	2	2
Diff.	0

X^0	1	1	1
X^1	1	1	1
X^2	5	5	5
X^3	0	0	0
Diff.	1

X^0	2	2	2
X^1	2	2	2
X^2	2	2	2
X^3	2	2	2
Diff.	6

X^0	1	2	1
X^1	4	5	4
X^2	1	6	5
X^3	0	0	0
Diff.	0

X^0	5	17	12
X^1	6	8	6
X^2	3	3	3
X^3	3	3	3
Diff.	2

X^0	4	9	6
X^1	2	2	2
X^2	2	6	3
X^3	0	0	0
Diff.	5

X^0	3	30	26
X^1	0	5	0
X^2	1	1	1
X^3	0	0	0
Diff.	0

X^0	4	4	4
X^1	7	9	7
X^2	3	3	3
X^3	1	1	1
Diff.	2

X^0	0	47	45
X^1	0	0	0
X^2	1	1	1
X^3	6	6	6
Diff.	0

X^0	3	9	7
X^1	3	5	3
X^2	0	0	0
X^3	1	1	1
Diff.	0

X^0	3	5	3
X^1	2	2	2
X^2	2	2	2
X^3	1	1	1
Diff.	2

X^0	1	13	11
X^1	1	4	1
X^2	2	2	2
X^3	1	1	1
Diff.	0

X^0	0	5	3
X^1	0	0	0
X^2	0	0	0
X^3	10	10	10
Diff.	0

X^0	1	12	10
X^1	1	1	1
X^2	1	1	1
X^3	1	1	1
Diff.	6

X^0	1	6	4
X^1	1	3	2
X^2	2	2	2
X^3	0	0	0
Diff.	2

X^0	8	23	21
X^1	2	2	2
X^2	2	2	2
X^3	1	1	1
Diff.	1

X^0	2	2	2
X^1	3	3	3
X^2	2	2	2
X^3	0	0	0
Diff.	2

X^0	4	4	4
X^1	1	1	1
X^2	3	3	3
X^3	3	3	3
Diff.	2

X^0	1	1	1
X^1	1	1	1
X^2	2	3	2
X^3	1	1	1
Diff.	0

X^0	4	5	4
X^1	2	2	2
X^2	1	1	1
X^3	0	0	0
Diff.	0

X^0	1	5	3
X^1	0	0	0
X^2	0	0	0
X^3	2	2	2
Diff.	0

X^0	1	6	4
X^1	1	1	1
X^2	1	1	1
X^3	1	1	1
Diff.	2

X^0	1	4	4
X^1	2	3	3
X^2	0	1	1
X^3	0	0	0
Diff.	0

X^0	3	3	3
X^1	1	1	1
X^2	2	2	2
X^3	2	2	2
Diff.	0

X^0	3	6	4
X^1	2	2	2
X^2	2	2	2
X^3	0	0	0
Diff.	2

X^0	2	7	5
X^1	2	2	2
X^2	1	1	1
X^3	0	0	0
Diff.	0

X^0	1	2	1
X^1	2	2	2
X^2	1	1	1
X^3	0	0	0
Diff.	1

X^0	1	33	30
X^1	1	20	16
X^2	1	10	9
X^3	1	1	1
Diff.	2

X^0	3	30	29
X^1	0	30	29
X^2	2	17	17
X^3	0	0	0
Diff.	0

X^0	3	41	38
X^1	3	3	3
X^2	2	2	2
X^3	0	0	0
Diff.	0

X^0	1	31	30
X^1	0	3	0
X^2	0	0	0
X^3	4	4	4
Diff.	0

X^0	0	2	1
X^1	0	2	2
X^2	2	3	3
X^3	0	0	0
Diff.	0

X^0	2	9	9
X^1	2	2	2
X^2	0	0	0
X^3	2	2	2
Diff.	2

X^0	3	26	21
X^1	2	14	9
X^2	0	25	20
X^3	0	0	0
Diff.	1

X^0	2	2	2
X^1	0	0	0
X^2	4	4	4
X^3	2	2	2
Diff.	2

X^0	2	5	5
X^1	7	7	7
X^2	0	0	0
X^3	0	0	0
Diff.	2

X^0	3	22	19
X^1	1	1	1
X^2	1	1	1
X^3	1	1	1
Diff.	8

X^0	2	2	2
X^1	4	4	4
X^2	4	4	4
X^3	2	2	2
Diff.	0

X^0	7	101	94
X^1	7	7	7
X^2	7	7	7
X^3	0	0	0
Diff.	11

X^0	3	3	3
X^1	3	3	3
X^2	0	0	0
X^3	3	3	3
Diff.	3

X^0	1	7	6
X^1	3	5	4
X^2	1	1	1
X^3	1	1	1
Diff.	0

X^0	3	85	85
X^1	3	83	83
X^2	0	42	42
X^3	0	0	0
Diff.	0

X^0	4	6	6
X^1	0	0	0
X^2	0	0	0
X^3	0	0	0
Diff.	0

X^0	1	1	1
X^1	1	1	1
X^2	2	2	2
X^3	1	1	1
Diff.	0

X^0	2	12	9
X^1	2	2	2
X^2	2	2	2
X^3	1	1	1
Diff.	1

X^0	1	3	1
X^1	1	1	1
X^2	1	1	1
X^3	0	0	0
Diff.	0

X^0	3	27	23
X^1	3	30	26
X^2	3	15	11
X^3	3	3	3
Diff.	8

X^0	1	27	25
X^1	0	17	17
X^2	0	8	7
X^3	0	0	0
Diff.	0

X^0	5	106	102
X^1	2	5	2
X^2	4	4	4
X^3	4	4	4
Diff.	1

X^0	2	2	2
X^1	1	3	1
X^2	1	1	1
X^3	0	0	0
Diff.	0

X^0	1	3	1
X^1	1	1	1
X^2	2	2	2
X^3	4	4	4
Diff.	1

X^0	1	85	85
X^1	1	87	87
X^2	0	44	44
X^3	0	0	0
Diff.	3

X^0	0	0	0
X^1	0	0	0
X^2	0	0	0
X^3	0	0	0
Diff.	2

X^0	0	1	0
X^1	1	1	1
X^2	0	0	0
X^3	1	1	1
Diff.	0

X^0	0	0	0
X^1	0	0	0
X^2	0	0	0
X^3	0	0	0
Diff.	1

X^0	4	4	4
X^1	2	2	2
X^2	1	1	1
X^3	1	1	1
Diff.	0

X^0	1	12	9
X^1	1	10	8
X^2	1	9	7
X^3	1	1	1
Diff.	2

X^0	4	18	17
X^1	4	4	4
X^2	1	1	1
X^3	2	2	2
Diff.	4

X^0	4	6	6
X^1	2	4	4
X^2	6	8	8
X^3	0	0	0
Diff.	2

X^0	0	1	0
X^1	1	1	1
X^2	1	1	1
X^3	0	0	0
Diff.	3

X^0	1	1	1
X^1	1	1	1
X^2	2	2	2
X^3	1	1	1
Diff.	1

X^0	3	3	3
X^1	2	3	2
X^2	2	2	2
X^3	1	1	1
Diff.	1

X^0	2	47	46
X^1	2	5	4
X^2	0	0	0
X^3	0	0	0
Diff.	0

X^0	1	5	5
X^1	0	0	0
X^2	0	0	0
X^3	0	0	0
Diff.	1

X^0	2	2	2
X^1	1	1	1
X^2	1	1	1
X^3	1	1	1
Diff.	0

X^0	4	22	16
X^1	4	4	4
X^2	4	4	4
X^3	1	1	1
Diff.	5

X^0	2	5	3
X^1	2	2	2
X^2	1	1	1
X^3	3	3	3
Diff.	0

X^0	3	28	24
X^1	0	0	0
X^2	1	1	1
X^3	0	0	0
Diff.	0

X^0	4	4	4
X^1	2	2	2
X^2	1	1	1
X^3	0	0	0
Diff.	0

X^0	3	7	4
X^1	1	1	1
X^2	1	1	1
X^3	1	1	1
Diff.	1

X^0	2	5	2
X^1	2	2	2
X^2	2	2	2
X^3	1	1	1
Diff.	0

X^0	1	6	3
X^1	1	1	1
X^2	2	2	2
X^3	4	4	4
Diff.	0

X^0	2	4	2
X^1	1	3	1
X^2	3	3	3
X^3	1	1	1
Diff.	2

X^0	1	1	1
X^1	1	1	1
X^2	2	2	2
X^3	0	0	0
Diff.	0

X^0	3	3	3
X^1	3	3	3
X^2	3	3	3
X^3	0	0	0
Diff.	8

X^0	1	3	2
X^1	1	1	1
X^2	3	6	5
X^3	1	1	1
Diff.	3

X^0	1	3	1
X^1	2	2	2
X^2	1	1	1
X^3	1	1	1
Diff.	2

X^0	1	1	1
X^1	1	1	1
X^2	1	1	1
X^3	0	0	0
Diff.	1

X^0	3	6	3
X^1	5	5	5
X^2	5	5	5
X^3	0	0	0
Diff.	1

X^0	0	0	0
X^1	1	1	1
X^2	0	0	0
X^3	0	0	0
Diff.	0

X^0	6	6	6
X^1	6	6	6
X^2	8	12	8
X^3	4	4	4
Diff.	11

X^0	1	1	1
X^1	1	1	1
X^2	3	3	3
X^3	1	1	1
Diff.	1

X^0	1	1	1
X^1	1	1	1
X^2	1	1	1
X^3	1	1	1
Diff.	0

X^0	7	11	7
X^1	7	7	7
X^2	1	1	1
X^3	0	0	0
Diff.	6

X^0	2	5	2
X^1	3	4	3
X^2	0	0	0
X^3	2	2	2
Diff.	4

X^0	2	180	177
X^1	1	4	3
X^2	1	1	1
X^3	1	1	1
Diff.	0

X^0	3	27	24
X^1	3	4	3
X^2	3	3	3
X^3	3	3	3
Diff.	0

X^0	2	3	2
X^1	2	2	2
X^2	2	2	2
X^3	2	2	2
Diff.	4

X^0	3	3	3
X^1	1	1	1
X^2	1	1	1
X^3	1	1	1
Diff.	0

X^0	0	5	2
X^1	3	5	3
X^2	3	3	3
X^3	0	0	0
Diff.	0

X^0	4	8	8
X^1	1	5	5
X^2	2	4	2
X^3	0	0	0
Diff.	0

X^0	2	3	2
X^1	2	2	2
X^2	2	2	2
X^3	0	0	0
Diff.	8

X^0	3	37	34
X^1	4	14	11
X^2	3	3	3
X^3	0	0	0
Diff.	1

X^0	2	2	2
X^1	2	2	2
X^2	3	3	3
X^3	0	0	0
Diff.	2

X^0	2	35	34
X^1	1	1	1
X^2	1	1	1
X^3	3	3	3
Diff.	0

X^0	1	10	9
X^1	0	4	3
X^2	1	10	9
X^3	0	0	0
Diff.	1

X^0	4	10	8
X^1	1	1	1
X^2	1	1	1
X^3	2	2	2
Diff.	0

X^0	0	0	0
X^1	0	0	0
X^2	0	0	0
X^3	2	2	2
Diff.	0

X^0	1	7	6
X^1	1	1	1
X^2	1	1	1
X^3	0	0	0
Diff.	1

X^0	2	2	2
X^1	1	1	1
X^2	1	1	1
X^3	4	4	4
Diff.	1

X^0	2	15	12
X^1	2	11	8
X^2	2	5	2
X^3	2	2	2
Diff.	5

X^0	4	4	4
X^1	4	4	4
X^2	4	4	4
X^3	3	3	3
Diff.	6

X^0	5	10	10
X^1	1	2	1
X^2	0	0	0
X^3	1	1	1
Diff.	0

X^0	2	11	10
X^1	0	4	2
X^2	1	1	1
X^3	1	1	1
Diff.	0

X^0	6	41	37
X^1	1	22	20
X^2	1	13	11
X^3	2	2	2
Diff.	0

X^0	1	35	31
X^1	1	1	1
X^2	4	4	4
X^3	2	2	2
Diff.	1

X^0	1	10	10
X^1	3	7	7
X^2	0	3	3
X^3	0	0	0
Diff.	1

X^0	0	0	0
X^1	0	0	0
X^2	1	1	1
X^3	0	0	0
Diff.	1

X^0	0	11	6
X^1	0	6	6
X^2	1	5	5
X^3	0	0	0
Diff.	0

X^0	5	11	6
X^1	3	4	3
X^2	4	4	4
X^3	0	0	0
Diff.	0

X^0	1	5	3
X^1	1	4	3
X^2	1	4	3
X^3	1	1	1
Diff.	2

X^0	1	3	1
X^1	1	1	1
X^2	1	1	1
X^3	1	1	1
Diff.	1

X^0	4	4	4
X^1	5	5	5
X^2	1	1	1
X^3	2	2	2
Diff.	7

X^0	1	3	2
X^1	1	1	1
X^2	2	2	2
X^3	1	1	1
Diff.	1

X^0	5	5	5
X^1	0	0	0
X^2	0	0	0
X^3	0	0	0
Diff.	0

X^0	5	15	13
X^1	6	6	6
X^2	4	4	4
X^3	1	1	1
Diff.	3

X^0	2	10	9
X^1	2	9	7
X^2	2	9	7
X^3	1	1	1
Diff.	3

X^0	2	72	70
X^1	2	2	2
X^2	0	0	0
X^3	0	0	0
Diff.	2

X^0	3	3	3
X^1	2	2	2
X^2	6	6	6
X^3	1	1	1
Diff.	1

X^0	2	2	2
X^1	2	2	2
X^2	2	2	2
X^3	0	0	0
Diff.	1

X^0	2	6	2
X^1	0	4	0
X^2	3	3	3
X^3	0	0	0
Diff.	1

X^0	2	2	2
X^1	2	2	2
X^2	1	1	1
X^3	2	2	2
Diff.	1

X^0	2	40	37
X^1	5	28	22
X^2	2	10	8
X^3	2	2	2
Diff.	3

X^0	3	6	4
X^1	1	1	1
X^2	1	1	1
X^3	2	2	2
Diff.	0

X^0	1	8	7
X^1	2	7	6
X^2	1	1	1
X^3	1	1	1
Diff.	1

X^0	2	2	2
X^1	2	4	2
X^2	2	2	2
X^3	0	0	0
Diff.	4

X^0	2	566	200
X^1	1	8	6
X^2	1	1	1
X^3	0	0	0
Diff.	360

X^0	2	5	2
X^1	2	2	2
X^2	2	2	2
X^3	3	3	3
Diff.	4

X^0	7	7	7
X^1	7	12	7
X^2	7	7	7
X^3	1	1	1
Diff.	9

X^0	2	3	2
X^1	2	3	2
X^2	1	1	1
X^3	0	0	0
Diff.	2

X^0	1	1	1
X^1	1	1	1
X^2	3	3	3
X^3	0	0	0
Diff.	0

X^0	5	5	5
X^1	5	5	5
X^2	1	1	1
X^3	3	3	3
Diff.	2

X^0	2	2	2
X^1	2	2	2
X^2	2	2	2
X^3	1	1	1
Diff.	1

X^0	0	0	0
X^1	0	0	0
X^2	0	0	0
X^3	1	1	1
Diff.	0

X^0	1	3	2
X^1	1	1	1
X^2	1	1	1
X^3	1	1	1
Diff.	0

X^0	2	4	2
X^1	2	2	2
X^2	2	2	2
X^3	1	1	1
Diff.	0

X^0	1	4	4
X^1	4	6	6
X^2	0	1	0
X^3	0	0	0
Diff.	3

X^0	2	10	7
X^1	2	2	2
X^2	2	2	2
X^3	0	0	0
Diff.	6

X^0	2	10	4
X^1	5	5	5
X^2	5	5	5
X^3	2	2	2
Diff.	0

X^0	3	18	10
X^1	2	12	11
X^2	1	6	5
X^3	1	1	1
Diff.	0

X^0	2	36	34
X^1	2	3	2
X^2	2	2	2
X^3	0	0	0
Diff.	2

X^0	2	310	202
X^1	0	308	200
X^2	1	155	155
X^3	0	0	0
Diff.	0

X^0	4	4	4
X^1	2	2	2
X^2	3	3	3
X^3	0	0	0
Diff.	0

X^0	5	11	9
X^1	1	1	1
X^2	0	0	0
X^3	0	0	0
Diff.	0

X^0	2	7	5
X^1	1	2	1
X^2	1	1	1
X^3	2	2	2
Diff.	1

X^0	2	597	200
X^1	1	7	6
X^2	1	1	1
X^3	1	1	1
Diff.	391

X^0	0	7	4
X^1	0	6	1
X^2	1	7	4
X^3	0	0	0
Diff.	0

X^0	4	4	4
X^1	1	1	1
X^2	1	1	1
X^3	2	2	2
Diff.	1

X^0	3	17	12
X^1	3	3	3
X^2	3	3	3
X^3	1	1	1
Diff.	3

X^0	1	4	1
X^1	1	3	1
X^2	1	1	1
X^3	0	0	0
Diff.	0

X^0	3	3	3
X^1	1	1	1
X^2	0	0	0
X^3	5	5	5
Diff.	2

X^0	3	14	14
X^1	1	1	1
X^2	0	0	0
X^3	1	1	1
Diff.	1

X^0	1	1	1
X^1	0	0	0
X^2	0	0	0
X^3	2	2	2
Diff.	0

X^0	4	10	7
X^1	2	6	6
X^2	1	4	2
X^3	0	0	0
Diff.	0

X^0	1	1	1
X^1	3	3	3
X^2	3	3	3
X^3	4	4	4
Diff.	0

X^0	1	18	17
X^1	1	1	1
X^2	1	1	1
X^3	0	0	0
Diff.	2

X^0	4	6	4
X^1	4	4	4
X^2	2	2	2
X^3	0	0	0
Diff.	2

X^0	4	31	29
X^1	2	2	2
X^2	2	2	2
X^3	1	1	1
Diff.	0

X^0	1	1	1
X^1	1	1	1
X^2	6	6	6
X^3	0	0	0
Diff.	2

X^0	0	3	2
X^1	2	3	2
X^2	0	1	0
X^3	0	0	0
Diff.	0

X^0	2	4	2
X^1	3	5	3
X^2	2	2	2
X^3	0	0	0
Diff.	2

X^0	1	2	1
X^1	1	1	1
X^2	0	0	0
X^3	3	3	3
Diff.	0

X^0	2	31	30
X^1	1	1	1
X^2	1	1	1
X^3	1	1	1
Diff.	1

X^0	2	8	4
X^1	2	8	8
X^2	0	4	4
X^3	0	0	0
Diff.	1

X^0	0	0	0
X^1	1	1	1
X^2	1	1	1
X^3	0	0	0
Diff.	0

X^0	2	20	20
X^1	5	15	12
X^2	1	7	7
X^3	0	0	0
Diff.	2

X^0	2	2	2
X^1	1	1	1
X^2	0	0	0
X^3	1	1	1
Diff.	0

X^0	3	4	3
X^1	2	2	2
X^2	1	1	1
X^3	0	0	0
Diff.	1

X^0	4	6	5
X^1	1	1	1
X^2	0	0	0
X^3	2	2	2
Diff.	0

X^0	2	7	4
X^1	0	0	0
X^2	2	2	2
X^3	2	2	2
Diff.	1

X^0	1	3	1
X^1	1	1	1
X^2	2	2	2
X^3	1	1	1
Diff.	0

X^0	1	3	1
X^1	1	1	1
X^2	1	1	1
X^3	1	1	1
Diff.	0

X^0	1	1	1
X^1	1	1	1
X^2	1	1	1
X^3	2	2	2
Diff.	2

X^0	2	8	7
X^1	1	1	1
X^2	5	5	5
X^3	0	0	0
Diff.	0

X^0	1	4	4
X^1	3	3	3
X^2	4	5	5
X^3	0	0	0
Diff.	3

X^0	1	39	38
X^1	1	5	4
X^2	0	0	0
X^3	0	0	0
Diff.	0

X^0	3	4	3
X^1	3	3	3
X^2	2	2	2
X^3	1	1	1
Diff.	4

X^0	2	5	2
X^1	2	2	2
X^2	1	1	1
X^3	3	3	3
Diff.	0

X^0	9	11	9
X^1	2	2	2
X^2	0	0	0
X^3	0	0	0
Diff.	0

X^0	3	11	6
X^1	5	7	5
X^2	2	2	2
X^3	2	2	2
Diff.	2

X^0	1	43	41
X^1	1	2	1
X^2	1	1	1
X^3	1	1	1
Diff.	1

X^0	1	6	5
X^1	1	1	1
X^2	1	1	1
X^3	0	0	0
Diff.	1

X^0	4	15	13
X^1	1	4	3
X^2	1	1	1
X^3	1	1	1
Diff.	1

X^0	2	2	2
X^1	1	2	1
X^2	2	2	2
X^3	2	2	2
Diff.	4

X^0	3	3	3
X^1	6	6	6
X^2	2	2	2
X^3	1	1	1
Diff.	7

X^0	4	4	4
X^1	2	2	2
X^2	0	0	0
X^3	0	0	0
Diff.	0

X^0	8	36	36
X^1	2	20	17
X^2	3	11	6
X^3	0	0	0
Diff.	0

X^0	1	4	3
X^1	1	7	6
X^2	0	2	0
X^3	1	1	1
Diff.	0

X^0	1	20	17
X^1	1	24	23
X^2	1	15	14
X^3	1	1	1
Diff.	2

X^0	1	3	3
X^1	2	2	2
X^2	0	0	0
X^3	0	0	0
Diff.	0

X^0	3	3	3
X^1	3	3	3
X^2	3	3	3
X^3	0	0	0
Diff.	4

X^0	2	69	66
X^1	2	2	2
X^2	2	2	2
X^3	1	1	1
Diff.	3

X^0	0	0	0
X^1	1	1	1
X^2	0	0	0
X^3	1	1	1
Diff.	3

X^0	1	1	1
X^1	0	0	0
X^2	0	0	0
X^3	1	1	1
Diff.	6

X^0	3	7	5
X^1	2	2	2
X^2	0	0	0
X^3	0	0	0
Diff.	0

X^0	2	3	2
X^1	3	3	3
X^2	6	6	6
X^3	1	1	1
Diff.	4

X^0	2	5	3
X^1	2	2	2
X^2	2	2	2
X^3	0	0	0
Diff.	1

X^0	0	7	7
X^1	2	8	8
X^2	0	3	3
X^3	0	0	0
Diff.	0

X^0	2	3	2
X^1	1	2	1
X^2	2	2	2
X^3	4	4	4
Diff.	4

X^0	2	4	2
X^1	2	4	2
X^2	0	1	0
X^3	2	2	2
Diff.	2

X^0	1	1	1
X^1	5	5	5
X^2	2	3	3
X^3	0	0	0
Diff.	0

X^0	4	66	60
X^1	4	14	9
X^2	4	4	4
X^3	0	0	0
Diff.	6

X^0	2	2	2
X^1	2	2	2
X^2	1	1	1
X^3	1	1	1
Diff.	0

X^0	5	57	55
X^1	2	54	52
X^2	2	29	27
X^3	2	2	2
Diff.	1

X^0	8	8	8
X^1	1	1	1
X^2	0	0	0
X^3	0	0	0
Diff.	0

X^0	2	30	27
X^1	2	18	16
X^2	2	9	7
X^3	2	2	2
Diff.	5

X^0	2	5	5
X^1	0	0	0
X^2	0	0	0
X^3	0	0	0
Diff.	0

X^0	2	2	2
X^1	2	2	2
X^2	1	1	1
X^3	2	2	2
Diff.	2

X^0	5	7	5
X^1	5	5	5
X^2	2	2	2
X^3	0	0	0
Diff.	1

Average
X^0	2.17151454363089	32.5486459378134	14.2266800401204
X^1	1.82748244734203	6.32397191574724	5.63891675025075
X^2	1.51454363089268	3.98996990972919	3.68605817452357
X^3	0.993981945837513	0.993981945837513	0.993981945837513
Diff:	17.4403209628887

Deviation
X^0	1.63452931183655	391.674205098434	30.0313572381207
X^1	1.60813097621207	17.1002225102750	15.1157357223980
X^2	1.60772929868358	10.4222728333187	10.0910964166087
X^3	1.38987739357922	1.38987739357922	1.38987739357922
Diff:	381.643410499159

Ratio of success: 0.997000000000000

----

