	Opt.	CR	FP
X^0	2	612	611
X^1	2	308	307
X^2	1	304	303
X^3	3	3	3
X^4	1	1	1
X^5	1	1	1
X^6	0	0	0
Diff.	4

X^0	3	6	4
X^1	1	2	1
X^2	1	1	1
X^3	1	1	1
X^4	1	1	1
X^5	2	2	2
X^6	0	0	0
Diff.	2

X^0	8	60	59
X^1	9	61	60
X^2	3	31	28
X^3	7	36	35
X^4	3	3	3
X^5	1	1	1
X^6	0	0	0
Diff.	10

X^0	7	15	13
X^1	1	7	5
X^2	1	1	1
X^3	1	1	1
X^4	1	1	1
X^5	1	1	1
X^6	1	1	1
Diff.	1

X^0	5	113	112
X^1	5	86	85
X^2	1	61	58
X^3	5	91	90
X^4	4	40	37
X^5	4	40	38
X^6	1	1	1
Diff.	27

X^0	0	41	38
X^1	0	34	33
X^2	1	20	17
X^3	0	15	11
X^4	1	1	1
X^5	1	1	1
X^6	0	0	0
Diff.	7

X^0	2	32	21
X^1	2	20	18
X^2	4	14	10
X^3	1	1	1
X^4	1	2	1
X^5	0	0	0
X^6	1	1	1
Diff.	1

X^0	3	95	94
X^1	1	65	64
X^2	1	44	43
X^3	1	44	43
X^4	0	38	37
X^5	0	18	16
X^6	0	0	0
Diff.	2

X^0	1	13	13
X^1	6	18	18
X^2	4	12	12
X^3	0	5	5
X^4	0	3	3
X^5	0	2	2
X^6	0	0	0
Diff.	3

X^0	3	128	125
X^1	4	125	123
X^2	1	53	49
X^3	1	52	51
X^4	3	3	3
X^5	1	1	1
X^6	3	3	3
Diff.	4

X^0	1	22	18
X^1	1	15	14
X^2	1	8	7
X^3	1	1	1
X^4	1	1	1
X^5	1	1	1
X^6	4	4	4
Diff.	3

X^0	3	12	11
X^1	1	10	7
X^2	1	2	1
X^3	1	1	1
X^4	1	1	1
X^5	1	1	1
X^6	2	2	2
Diff.	2

X^0	2	74	74
X^1	2	64	64
X^2	2	34	31
X^3	3	33	30
X^4	1	1	1
X^5	0	0	0
X^6	1	1	1
Diff.	5

X^0	1	22	19
X^1	6	18	14
X^2	1	9	8
X^3	1	1	1
X^4	9	9	9
X^5	0	0	0
X^6	2	2	2
Diff.	2

X^0	6	112	112
X^1	0	84	84
X^2	0	64	63
X^3	0	47	47
X^4	0	31	31
X^5	0	16	16
X^6	0	0	0
Diff.	5

X^0	2	24	21
X^1	7	20	18
X^2	6	22	20
X^3	3	18	16
X^4	1	1	1
X^5	1	1	1
X^6	0	0	0
Diff.	1

X^0	4	219	217
X^1	1	210	208
X^2	3	214	212
X^3	1	156	154
X^4	1	107	106
X^5	1	56	52
X^6	1	1	1
Diff.	4

X^0	3	72	71
X^1	3	66	65
X^2	2	35	34
X^3	3	32	27
X^4	1	1	1
X^5	1	1	1
X^6	0	0	0
Diff.	8

X^0	2	30	26
X^1	2	32	27
X^2	2	21	19
X^3	2	11	8
X^4	2	2	2
X^5	0	2	0
X^6	2	2	2
Diff.	18

X^0	3	56	56
X^1	4	62	62
X^2	4	34	24
X^3	10	37	37
X^4	3	3	3
X^5	0	0	0
X^6	0	0	0
Diff.	8

X^0	2	106	102
X^1	2	102	101
X^2	1	51	48
X^3	3	51	49
X^4	1	3	1
X^5	0	0	0
X^6	3	3	3
Diff.	0

X^0	4	18	15
X^1	4	10	4
X^2	2	4	2
X^3	2	7	4
X^4	4	4	4
X^5	2	2	2
X^6	0	0	0
Diff.	4

X^0	1	35	33
X^1	1	35	33
X^2	2	12	10
X^3	3	14	10
X^4	4	5	4
X^5	2	2	2
X^6	2	2	2
Diff.	0

X^0	7	241	236
X^1	2	217	216
X^2	0	118	115
X^3	0	117	115
X^4	0	0	0
X^5	1	1	1
X^6	0	0	0
Diff.	1

X^0	1	29	27
X^1	1	22	21
X^2	1	6	4
X^3	1	7	6
X^4	1	1	1
X^5	1	1	1
X^6	0	0	0
Diff.	6

X^0	8	44	43
X^1	6	41	40
X^2	5	20	15
X^3	0	9	5
X^4	0	0	0
X^5	1	1	1
X^6	2	2	2
Diff.	6

X^0	3	12	10
X^1	5	7	5
X^2	4	5	4
X^3	4	8	8
X^4	2	2	2
X^5	0	0	0
X^6	6	6	6
Diff.	5

X^0	5	72	70
X^1	5	49	42
X^2	5	42	36
X^3	3	10	3
X^4	5	7	6
X^5	0	0	0
X^6	1	1	1
Diff.	14

X^0	3	199	196
X^1	3	110	106
X^2	3	92	89
X^3	3	93	87
X^4	3	3	3
X^5	3	3	3
X^6	1	1	1
Diff.	12

X^0	3	57	55
X^1	0	52	49
X^2	0	28	28
X^3	1	27	27
X^4	0	2	0
X^5	0	0	0
X^6	0	0	0
Diff.	1

X^0	3	230	222
X^1	4	211	205
X^2	3	116	110
X^3	6	25	21
X^4	6	6	6
X^5	3	3	3
X^6	0	0	0
Diff.	3

X^0	5	101	98
X^1	3	83	78
X^2	2	42	39
X^3	2	42	39
X^4	2	2	2
X^5	2	2	2
X^6	0	0	0
Diff.	24

X^0	2	8	3
X^1	3	9	6
X^2	3	8	7
X^3	1	5	3
X^4	1	3	2
X^5	0	3	1
X^6	1	1	1
Diff.	6

X^0	4	423	419
X^1	2	418	416
X^2	2	214	212
X^3	2	207	203
X^4	2	2	2
X^5	2	2	2
X^6	2	2	2
Diff.	6

X^0	4	40	34
X^1	2	27	22
X^2	2	5	2
X^3	0	11	6
X^4	2	2	2
X^5	5	5	5
X^6	4	4	4
Diff.	3

X^0	5	14	12
X^1	1	11	10
X^2	6	11	7
X^3	1	3	1
X^4	1	1	1
X^5	5	5	5
X^6	3	3	3
Diff.	10

X^0	2	19	16
X^1	2	16	6
X^2	2	10	5
X^3	1	7	1
X^4	3	3	3
X^5	2	2	2
X^6	5	5	5
Diff.	2

X^0	4	68	67
X^1	4	35	30
X^2	4	25	24
X^3	4	4	4
X^4	1	1	1
X^5	1	1	1
X^6	1	1	1
Diff.	13

X^0	3	336	333
X^1	2	183	178
X^2	8	162	157
X^3	3	129	124
X^4	3	3	3
X^5	1	1	1
X^6	0	0	0
Diff.	30

X^0	2	64	60
X^1	2	40	38
X^2	2	23	18
X^3	2	21	19
X^4	2	2	2
X^5	2	2	2
X^6	1	1	1
Diff.	4

X^0	10	635	628
X^1	2	478	475
X^2	3	333	330
X^3	3	302	299
X^4	3	303	300
X^5	3	172	167
X^6	3	3	3
Diff.	4

X^0	2	10	8
X^1	5	13	11
X^2	5	8	5
X^3	3	7	6
X^4	9	9	9
X^5	1	1	1
X^6	0	0	0
Diff.	4

X^0	2	32	28
X^1	1	35	31
X^2	2	26	24
X^3	2	16	13
X^4	2	13	9
X^5	2	5	2
X^6	2	2	2
Diff.	8

X^0	5	249	248
X^1	5	204	201
X^2	5	157	154
X^3	6	117	117
X^4	5	66	66
X^5	0	46	46
X^6	0	0	0
Diff.	13

X^0	2	393	392
X^1	3	396	395
X^2	2	395	395
X^3	1	296	295
X^4	2	197	197
X^5	2	101	96
X^6	0	0	0
Diff.	4

X^0	2	38	36
X^1	5	46	44
X^2	2	21	17
X^3	2	18	14
X^4	2	2	2
X^5	2	2	2
X^6	0	0	0
Diff.	10

X^0	2	134	130
X^1	1	75	72
X^2	2	60	58
X^3	2	2	2
X^4	2	2	2
X^5	1	1	1
X^6	6	6	6
Diff.	1

X^0	4	21	18
X^1	4	10	7
X^2	3	10	6
X^3	9	15	12
X^4	3	3	3
X^5	3	3	3
X^6	2	2	2
Diff.	21

X^0	6	11	8
X^1	3	5	3
X^2	1	4	1
X^3	1	3	1
X^4	1	1	1
X^5	1	2	1
X^6	1	1	1
Diff.	6

X^0	1	34	31
X^1	1	31	29
X^2	1	17	11
X^3	2	18	16
X^4	3	3	3
X^5	2	2	2
X^6	2	2	2
Diff.	1

X^0	2	279	276
X^1	2	277	274
X^2	2	129	125
X^3	2	129	126
X^4	2	2	2
X^5	2	2	2
X^6	1	1	1
Diff.	7

X^0	2	32	28
X^1	2	7	5
X^2	2	2	2
X^3	2	2	2
X^4	2	2	2
X^5	4	4	4
X^6	3	3	3
Diff.	4

X^0	2	7	4
X^1	2	6	3
X^2	2	4	2
X^3	3	3	3
X^4	2	2	2
X^5	6	6	6
X^6	1	1	1
Diff.	4

X^0	2	78	77
X^1	1	47	46
X^2	1	35	33
X^3	1	1	1
X^4	1	1	1
X^5	1	1	1
X^6	0	0	0
Diff.	0

X^0	4	32	31
X^1	1	19	18
X^2	1	11	10
X^3	1	6	4
X^4	1	1	1
X^5	1	1	1
X^6	1	1	1
Diff.	0

X^0	3	17	13
X^1	3	14	11
X^2	3	8	3
X^3	3	6	3
X^4	3	3	3
X^5	3	3	3
X^6	3	3	3
Diff.	10

X^0	7	31	30
X^1	0	24	23
X^2	1	13	11
X^3	1	12	11
X^4	1	1	1
X^5	0	0	0
X^6	2	2	2
Diff.	2

X^0	9	16	11
X^1	1	8	5
X^2	4	7	6
X^3	1	3	2
X^4	1	1	1
X^5	1	1	1
X^6	0	0	0
Diff.	10

X^0	2	19	19
X^1	2	10	6
X^2	2	5	5
X^3	2	2	2
X^4	2	2	2
X^5	4	7	7
X^6	0	0	0
Diff.	3

X^0	2	7	5
X^1	1	4	1
X^2	0	3	2
X^3	0	4	2
X^4	0	3	2
X^5	0	1	0
X^6	0	0	0
Diff.	0

X^0	2	51	50
X^1	2	38	37
X^2	0	27	27
X^3	0	16	14
X^4	0	8	7
X^5	1	9	9
X^6	0	0	0
Diff.	5

X^0	4	69	64
X^1	2	42	39
X^2	2	36	35
X^3	0	30	29
X^4	1	7	6
X^5	1	1	1
X^6	0	0	0
Diff.	1

X^0	1	8	6
X^1	3	11	9
X^2	1	5	1
X^3	3	6	4
X^4	2	2	2
X^5	1	1	1
X^6	0	0	0
Diff.	2

X^0	2	118	116
X^1	2	71	69
X^2	3	69	66
X^3	2	64	62
X^4	2	2	2
X^5	2	2	2
X^6	1	1	1
Diff.	3

X^0	3	23	22
X^1	3	25	24
X^2	3	20	19
X^3	3	14	14
X^4	3	5	5
X^5	3	5	5
X^6	0	0	0
Diff.	17

X^0	3	118	114
X^1	3	66	64
X^2	3	59	58
X^3	1	9	5
X^4	7	11	10
X^5	1	1	1
X^6	1	1	1
Diff.	7

X^0	2	112	105
X^1	2	106	104
X^2	1	57	55
X^3	2	51	47
X^4	2	2	2
X^5	1	1	1
X^6	2	2	2
Diff.	14

X^0	2	454	451
X^1	1	452	450
X^2	1	216	210
X^3	0	215	213
X^4	1	1	1
X^5	2	2	2
X^6	6	6	6
Diff.	0

X^0	2	25	21
X^1	2	24	20
X^2	2	11	8
X^3	2	7	3
X^4	2	2	2
X^5	2	2	2
X^6	0	0	0
Diff.	9

X^0	4	211	210
X^1	3	205	201
X^2	5	108	107
X^3	1	99	98
X^4	1	1	1
X^5	1	1	1
X^6	1	1	1
Diff.	8

X^0	3	13	10
X^1	3	8	7
X^2	1	10	6
X^3	5	7	6
X^4	0	0	0
X^5	4	4	4
X^6	0	0	0
Diff.	2

X^0	4	64	60
X^1	1	50	49
X^2	4	37	33
X^3	8	25	24
X^4	1	14	13
X^5	1	18	17
X^6	1	1	1
Diff.	7

X^0	2	33	31
X^1	4	20	19
X^2	3	12	11
X^3	1	5	3
X^4	1	3	1
X^5	2	2	2
X^6	0	0	0
Diff.	4

X^0	4	44	41
X^1	3	30	27
X^2	4	26	26
X^3	2	24	22
X^4	2	24	24
X^5	2	13	10
X^6	0	0	0
Diff.	3

X^0	3	265	262
X^1	2	268	265
X^2	2	134	132
X^3	3	136	133
X^4	2	2	2
X^5	2	2	2
X^6	2	2	2
Diff.	5

X^0	2	47	44
X^1	2	26	24
X^2	1	17	16
X^3	2	22	17
X^4	2	2	2
X^5	1	1	1
X^6	1	1	1
Diff.	3

X^0	6	17	14
X^1	2	11	9
X^2	4	8	8
X^3	5	9	9
X^4	0	0	0
X^5	0	0	0
X^6	0	0	0
Diff.	1

X^0	2	18	17
X^1	1	13	11
X^2	1	2	1
X^3	1	1	1
X^4	1	1	1
X^5	2	2	2
X^6	0	0	0
Diff.	4

X^0	1	83	82
X^1	2	74	74
X^2	0	18	16
X^3	0	11	10
X^4	0	0	0
X^5	0	0	0
X^6	0	0	0
Diff.	2

X^0	3	77	75
X^1	3	62	60
X^2	3	39	35
X^3	2	25	24
X^4	2	2	2
X^5	1	1	1
X^6	0	0	0
Diff.	7

X^0	2	65	64
X^1	2	42	41
X^2	0	41	38
X^3	1	20	18
X^4	1	1	1
X^5	0	0	0
X^6	1	1	1
Diff.	2

X^0	3	182	182
X^1	4	147	142
X^2	6	114	113
X^3	6	86	85
X^4	3	59	55
X^5	0	28	27
X^6	0	0	0
Diff.	11

X^0	1	55	53
X^1	1	36	31
X^2	2	42	41
X^3	1	25	24
X^4	1	1	1
X^5	1	1	1
X^6	0	0	0
Diff.	6

X^0	2	7	5
X^1	2	5	2
X^2	1	5	3
X^3	1	1	1
X^4	1	1	1
X^5	2	2	2
X^6	2	2	2
Diff.	3

X^0	3	218	215
X^1	3	218	218
X^2	3	110	109
X^3	2	109	109
X^4	2	2	2
X^5	0	0	0
X^6	0	0	0
Diff.	1

X^0	2	31	30
X^1	3	28	25
X^2	3	13	11
X^3	7	16	15
X^4	1	1	1
X^5	0	0	0
X^6	1	1	1
Diff.	6

X^0	1	33	32
X^1	2	31	30
X^2	5	17	16
X^3	1	15	14
X^4	1	1	1
X^5	1	1	1
X^6	0	0	0
Diff.	3

X^0	1	112	111
X^1	1	84	83
X^2	1	59	58
X^3	1	29	28
X^4	2	4	2
X^5	0	0	0
X^6	0	0	0
Diff.	1

X^0	6	18	17
X^1	3	15	14
X^2	1	5	3
X^3	1	5	4
X^4	2	2	2
X^5	1	1	1
X^6	3	3	3
Diff.	4

X^0	8	628	619
X^1	8	566	565
X^2	8	302	290
X^3	8	276	275
X^4	8	8	8
X^5	1	1	1
X^6	1	1	1
Diff.	26

X^0	3	64	60
X^1	3	64	60
X^2	3	33	29
X^3	4	37	32
X^4	3	6	3
X^5	3	3	3
X^6	1	1	1
Diff.	9

X^0	7	27	23
X^1	4	17	14
X^2	2	2	2
X^3	2	2	2
X^4	3	3	3
X^5	0	0	0
X^6	0	0	0
Diff.	2

X^0	3	21	15
X^1	2	14	10
X^2	2	10	4
X^3	2	9	2
X^4	2	2	2
X^5	4	4	4
X^6	0	0	0
Diff.	3

X^0	2	13	8
X^1	1	20	16
X^2	1	10	9
X^3	1	10	9
X^4	0	0	0
X^5	1	1	1
X^6	0	0	0
Diff.	0

X^0	3	168	167
X^1	3	122	121
X^2	3	78	76
X^3	3	42	41
X^4	1	42	38
X^5	2	46	45
X^6	0	0	0
Diff.	6

X^0	2	349	347
X^1	4	351	349
X^2	2	163	161
X^3	2	163	161
X^4	2	2	2
X^5	2	2	2
X^6	1	1	1
Diff.	8

X^0	2	10	9
X^1	1	5	1
X^2	3	6	4
X^3	1	4	3
X^4	3	3	3
X^5	0	0	0
X^6	0	0	0
Diff.	1

X^0	2	12	9
X^1	2	11	11
X^2	0	4	0
X^3	5	7	7
X^4	2	2	2
X^5	0	0	0
X^6	4	4	4
Diff.	4

X^0	4	12	8
X^1	4	13	12
X^2	1	7	6
X^3	2	7	6
X^4	1	1	1
X^5	1	1	1
X^6	0	0	0
Diff.	7

X^0	2	24	20
X^1	3	19	19
X^2	2	11	8
X^3	3	6	3
X^4	5	5	5
X^5	0	0	0
X^6	3	3	3
Diff.	6

X^0	2	99	95
X^1	1	72	70
X^2	1	45	44
X^3	1	19	17
X^4	1	1	1
X^5	1	1	1
X^6	0	0	0
Diff.	0

X^0	1	13	11
X^1	1	9	6
X^2	3	5	4
X^3	1	1	1
X^4	1	1	1
X^5	1	1	1
X^6	3	3	3
Diff.	1

X^0	2	55	54
X^1	2	32	31
X^2	4	35	31
X^3	5	33	32
X^4	1	1	1
X^5	1	1	1
X^6	4	4	4
Diff.	3

X^0	3	49	47
X^1	4	29	22
X^2	5	20	18
X^3	4	4	4
X^4	1	1	1
X^5	1	1	1
X^6	0	0	0
Diff.	0

X^0	1	6	1
X^1	1	4	2
X^2	2	4	2
X^3	1	2	1
X^4	3	4	3
X^5	1	1	1
X^6	2	2	2
Diff.	3

X^0	2	3	2
X^1	0	4	2
X^2	1	1	1
X^3	1	1	1
X^4	3	3	3
X^5	3	3	3
X^6	0	0	0
Diff.	1

X^0	1	5	2
X^1	1	4	1
X^2	1	1	1
X^3	3	3	3
X^4	5	5	5
X^5	3	3	3
X^6	1	1	1
Diff.	2

X^0	1	30	29
X^1	2	23	22
X^2	1	11	8
X^3	1	5	1
X^4	1	1	1
X^5	1	1	1
X^6	0	0	0
Diff.	4

X^0	2	229	226
X^1	2	219	216
X^2	9	15	11
X^3	2	3	2
X^4	0	0	0
X^5	3	3	3
X^6	7	7	7
Diff.	1

X^0	1	25	23
X^1	2	21	20
X^2	1	10	5
X^3	2	2	2
X^4	4	4	4
X^5	2	2	2
X^6	2	2	2
Diff.	3

X^0	5	95	91
X^1	4	98	96
X^2	5	41	37
X^3	2	9	4
X^4	2	2	2
X^5	2	2	2
X^6	0	0	0
Diff.	21

X^0	4	29	24
X^1	3	27	22
X^2	1	13	13
X^3	0	12	12
X^4	0	0	0
X^5	0	0	0
X^6	0	0	0
Diff.	1

X^0	3	30	29
X^1	2	24	17
X^2	1	7	6
X^3	2	3	2
X^4	2	3	2
X^5	1	1	1
X^6	0	0	0
Diff.	7

X^0	2	6	6
X^1	2	5	2
X^2	2	2	2
X^3	1	1	1
X^4	0	0	0
X^5	3	3	3
X^6	1	1	1
Diff.	7

X^0	0	235	232
X^1	0	143	123
X^2	4	130	130
X^3	6	118	118
X^4	0	0	0
X^5	0	0	0
X^6	0	0	0
Diff.	11

X^0	4	9	8
X^1	6	9	8
X^2	1	4	1
X^3	1	3	1
X^4	0	4	2
X^5	0	0	0
X^6	1	1	1
Diff.	3

X^0	1	61	59
X^1	2	46	45
X^2	3	32	32
X^3	0	20	20
X^4	6	14	14
X^5	4	6	5
X^6	0	0	0
Diff.	7

X^0	2	49	44
X^1	1	24	22
X^2	0	27	23
X^3	0	25	24
X^4	0	0	0
X^5	0	0	0
X^6	0	0	0
Diff.	10

X^0	1	13	11
X^1	1	10	6
X^2	1	2	1
X^3	1	2	1
X^4	1	1	1
X^5	1	1	1
X^6	1	1	1
Diff.	1

X^0	3	15	8
X^1	3	10	6
X^2	2	8	3
X^3	2	8	4
X^4	2	2	2
X^5	2	2	2
X^6	0	0	0
Diff.	5

X^0	3	49	48
X^1	3	48	47
X^2	3	28	27
X^3	5	25	23
X^4	4	4	4
X^5	1	1	1
X^6	0	0	0
Diff.	11

X^0	2	15	14
X^1	2	18	16
X^2	3	18	16
X^3	0	4	4
X^4	2	2	2
X^5	0	0	0
X^6	0	0	0
Diff.	0

X^0	3	14	13
X^1	1	11	11
X^2	3	3	3
X^3	4	4	4
X^4	0	0	0
X^5	1	1	1
X^6	1	1	1
Diff.	3

X^0	2	31	28
X^1	2	34	31
X^2	2	20	18
X^3	2	12	12
X^4	2	2	2
X^5	0	0	0
X^6	2	2	2
Diff.	10

X^0	3	15	12
X^1	7	15	12
X^2	1	14	12
X^3	9	13	12
X^4	1	1	1
X^5	0	2	1
X^6	1	1	1
Diff.	12

X^0	1	80	79
X^1	2	69	67
X^2	2	24	21
X^3	2	24	23
X^4	1	1	1
X^5	1	1	1
X^6	0	0	0
Diff.	4

X^0	2	35	32
X^1	2	33	30
X^2	2	7	6
X^3	2	7	6
X^4	1	1	1
X^5	1	1	1
X^6	0	0	0
Diff.	7

X^0	1	55	51
X^1	1	22	21
X^2	1	18	15
X^3	1	1	1
X^4	1	1	1
X^5	1	1	1
X^6	0	0	0
Diff.	9

X^0	3	124	120
X^1	3	130	126
X^2	3	73	70
X^3	3	61	58
X^4	3	3	3
X^5	3	3	3
X^6	0	0	0
Diff.	26

X^0	2	13	10
X^1	4	12	10
X^2	2	2	2
X^3	2	2	2
X^4	2	2	2
X^5	1	1	1
X^6	1	1	1
Diff.	2

X^0	6	43	43
X^1	3	41	41
X^2	2	23	22
X^3	0	15	13
X^4	0	0	0
X^5	0	0	0
X^6	0	0	0
Diff.	7

X^0	5	10	8
X^1	2	8	6
X^2	1	6	3
X^3	4	7	5
X^4	3	5	3
X^5	3	4	3
X^6	2	2	2
Diff.	3

X^0	4	22	16
X^1	4	19	14
X^2	4	7	4
X^3	4	4	4
X^4	5	7	5
X^5	4	4	4
X^6	0	0	0
Diff.	14

X^0	3	12	11
X^1	1	6	5
X^2	1	1	1
X^3	1	1	1
X^4	1	1	1
X^5	1	1	1
X^6	0	0	0
Diff.	2

X^0	1	161	159
X^1	1	162	160
X^2	0	54	54
X^3	0	38	32
X^4	0	0	0
X^5	0	0	0
X^6	0	0	0
Diff.	5

X^0	3	133	130
X^1	3	107	105
X^2	3	101	99
X^3	3	97	95
X^4	3	64	60
X^5	3	35	33
X^6	2	2	2
Diff.	10

X^0	2	17	12
X^1	3	13	8
X^2	3	11	6
X^3	5	5	5
X^4	5	5	5
X^5	3	3	3
X^6	0	0	0
Diff.	16

X^0	2	48	43
X^1	2	43	41
X^2	2	21	16
X^3	2	17	14
X^4	4	4	4
X^5	2	2	2
X^6	0	0	0
Diff.	2

X^0	5	9	5
X^1	4	6	4
X^2	2	2	2
X^3	6	6	6
X^4	5	5	5
X^5	3	3	3
X^6	0	0	0
Diff.	10

X^0	2	68	65
X^1	3	60	57
X^2	2	34	32
X^3	2	26	19
X^4	2	2	2
X^5	2	2	2
X^6	0	0	0
Diff.	17

X^0	3	412	409
X^1	3	200	195
X^2	3	202	198
X^3	3	206	202
X^4	3	3	3
X^5	3	3	3
X^6	1	1	1
Diff.	9

X^0	3	126	125
X^1	2	100	98
X^2	1	61	56
X^3	1	40	39
X^4	1	1	1
X^5	1	1	1
X^6	0	0	0
Diff.	4

X^0	2	9	7
X^1	2	7	5
X^2	2	2	2
X^3	2	2	2
X^4	2	2	2
X^5	1	10	8
X^6	1	1	1
Diff.	2

X^0	3	8	4
X^1	3	3	3
X^2	3	3	3
X^3	3	3	3
X^4	8	8	8
X^5	4	4	4
X^6	0	0	0
Diff.	3

X^0	3	25	23
X^1	1	17	14
X^2	0	2	0
X^3	2	2	2
X^4	0	0	0
X^5	4	4	4
X^6	3	3	3
Diff.	5

X^0	4	342	340
X^1	2	277	274
X^2	1	215	214
X^3	0	157	156
X^4	0	99	99
X^5	0	38	35
X^6	0	0	0
Diff.	1

X^0	2	53	46
X^1	5	46	42
X^2	5	22	17
X^3	12	37	34
X^4	5	5	5
X^5	2	2	2
X^6	0	0	0
Diff.	6

X^0	-2	1418	700
X^1	1	1332	700
X^2	2	701	699
X^3	2	616	616
X^4	2	2	2
X^5	0	0	0
X^6	0	0	0
Diff.	0

X^0	3	390	386
X^1	2	201	200
X^2	2	188	184
X^3	1	175	171
X^4	0	0	0
X^5	1	1	1
X^6	1	1	1
Diff.	21

X^0	4	62	58
X^1	1	56	56
X^2	1	28	26
X^3	2	27	27
X^4	4	4	4
X^5	0	0	0
X^6	1	1	1
Diff.	1

X^0	1	3	2
X^1	2	2	2
X^2	1	1	1
X^3	1	1	1
X^4	1	1	1
X^5	2	2	2
X^6	7	7	7
Diff.	1

X^0	3	19	16
X^1	3	10	4
X^2	3	3	3
X^3	3	3	3
X^4	3	3	3
X^5	3	3	3
X^6	1	1	1
Diff.	7

X^0	3	40	38
X^1	3	41	39
X^2	3	23	20
X^3	2	20	18
X^4	2	2	2
X^5	2	2	2
X^6	1	1	1
Diff.	3

X^0	1	273	269
X^1	0	265	261
X^2	0	125	125
X^3	2	126	126
X^4	0	0	0
X^5	0	0	0
X^6	0	0	0
Diff.	5

X^0	2	21	19
X^1	2	22	20
X^2	4	12	10
X^3	2	8	5
X^4	3	3	3
X^5	2	2	2
X^6	1	1	1
Diff.	3

X^0	2	399	394
X^1	2	213	209
X^2	2	183	181
X^3	2	2	2
X^4	2	2	2
X^5	2	2	2
X^6	0	0	0
Diff.	8

X^0	3	104	100
X^1	3	102	101
X^2	4	52	51
X^3	3	52	52
X^4	2	2	2
X^5	0	0	0
X^6	1	1	1
Diff.	2

X^0	4	27	27
X^1	1	24	24
X^2	1	12	11
X^3	0	1	0
X^4	0	0	0
X^5	0	0	0
X^6	0	0	0
Diff.	0

X^0	4	76	72
X^1	4	40	36
X^2	4	39	35
X^3	3	40	36
X^4	3	3	3
X^5	3	3	3
X^6	0	0	0
Diff.	12

X^0	9	35	34
X^1	4	20	20
X^2	4	12	11
X^3	3	7	6
X^4	1	1	1
X^5	1	1	1
X^6	0	0	0
Diff.	12

X^0	3	62	59
X^1	3	54	46
X^2	3	39	31
X^3	3	28	16
X^4	3	18	17
X^5	3	8	7
X^6	0	0	0
Diff.	8

X^0	5	21	19
X^1	3	17	16
X^2	3	4	3
X^3	3	4	3
X^4	1	1	1
X^5	1	1	1
X^6	0	0	0
Diff.	8

X^0	2	438	438
X^1	2	232	232
X^2	3	218	217
X^3	2	200	200
X^4	0	0	0
X^5	0	0	0
X^6	1	1	1
Diff.	2

X^0	1	151	144
X^1	1	117	112
X^2	1	114	106
X^3	1	114	109
X^4	1	77	75
X^5	1	35	33
X^6	1	1	1
Diff.	3

X^0	1	56	55
X^1	2	38	37
X^2	2	29	27
X^3	2	22	20
X^4	0	26	24
X^5	0	13	13
X^6	0	0	0
Diff.	4

X^0	2	26	25
X^1	1	21	20
X^2	4	30	29
X^3	1	18	18
X^4	1	10	10
X^5	1	3	3
X^6	0	0	0
Diff.	2

X^0	2	14	9
X^1	4	11	6
X^2	4	5	4
X^3	5	5	5
X^4	2	2	2
X^5	0	0	0
X^6	1	1	1
Diff.	8

X^0	3	15	12
X^1	3	13	10
X^2	3	13	10
X^3	3	12	9
X^4	3	3	3
X^5	3	3	3
X^6	2	2	2
Diff.	11

X^0	6	84	77
X^1	6	72	66
X^2	6	37	31
X^3	6	38	32
X^4	6	6	6
X^5	6	6	6
X^6	0	0	0
Diff.	35

X^0	5	97	90
X^1	5	86	81
X^2	5	50	41
X^3	5	41	36
X^4	5	5	5
X^5	5	5	5
X^6	0	0	0
Diff.	15

X^0	1	38	36
X^1	1	35	35
X^2	1	11	9
X^3	0	19	19
X^4	1	1	1
X^5	0	0	0
X^6	2	2	2
Diff.	0

X^0	2	23	22
X^1	2	19	18
X^2	2	12	10
X^3	5	13	12
X^4	1	8	7
X^5	2	3	2
X^6	1	1	1
Diff.	6

X^0	6	18	15
X^1	5	14	7
X^2	2	10	5
X^3	5	8	6
X^4	4	4	4
X^5	2	2	2
X^6	1	1	1
Diff.	12

X^0	2	189	188
X^1	1	186	183
X^2	1	91	88
X^3	1	91	91
X^4	0	0	0
X^5	0	0	0
X^6	0	0	0
Diff.	5

X^0	2	74	71
X^1	4	57	54
X^2	0	46	43
X^3	0	28	25
X^4	0	11	10
X^5	0	11	10
X^6	0	0	0
Diff.	8

X^0	3	14	8
X^1	3	9	8
X^2	2	7	2
X^3	3	4	3
X^4	1	1	1
X^5	0	0	0
X^6	1	1	1
Diff.	6

X^0	2	18	16
X^1	2	11	7
X^2	1	8	8
X^3	6	6	6
X^4	0	0	0
X^5	0	0	0
X^6	0	0	0
Diff.	3

X^0	2	8	5
X^1	5	11	7
X^2	1	1	1
X^3	1	1	1
X^4	1	1	1
X^5	1	1	1
X^6	1	1	1
Diff.	2

X^0	2	30	26
X^1	3	22	18
X^2	3	3	3
X^3	3	3	3
X^4	4	4	4
X^5	4	4	4
X^6	0	0	0
Diff.	54

X^0	4	31	30
X^1	3	14	12
X^2	3	11	10
X^3	2	2	2
X^4	1	1	1
X^5	0	0	0
X^6	0	0	0
Diff.	3

X^0	1	92	89
X^1	3	50	47
X^2	3	46	43
X^3	1	45	44
X^4	2	2	2
X^5	1	1	1
X^6	0	0	0
Diff.	0

X^0	3	216	215
X^1	5	210	209
X^2	3	220	219
X^3	1	162	162
X^4	8	115	114
X^5	0	52	51
X^6	0	0	0
Diff.	5

X^0	2	35	33
X^1	3	22	20
X^2	1	15	14
X^3	1	14	12
X^4	1	1	1
X^5	1	1	1
X^6	0	0	0
Diff.	3

X^0	2	54	48
X^1	5	55	49
X^2	1	27	22
X^3	1	25	21
X^4	1	3	1
X^5	4	4	4
X^6	2	2	2
Diff.	1

X^0	2	126	122
X^1	1	87	83
X^2	1	47	44
X^3	1	10	4
X^4	1	1	1
X^5	3	3	3
X^6	0	0	0
Diff.	1

X^0	1	97	94
X^1	4	53	51
X^2	3	52	50
X^3	5	55	53
X^4	2	3	2
X^5	1	1	1
X^6	8	8	8
Diff.	8

X^0	2	40	38
X^1	2	39	38
X^2	2	5	4
X^3	2	7	2
X^4	1	1	1
X^5	1	1	1
X^6	1	1	1
Diff.	5

X^0	1	9	9
X^1	1	5	4
X^2	1	3	2
X^3	2	3	3
X^4	0	0	0
X^5	0	0	0
X^6	0	0	0
Diff.	1

X^0	1	25	21
X^1	4	31	23
X^2	0	20	18
X^3	1	15	13
X^4	1	1	1
X^5	1	1	1
X^6	0	0	0
Diff.	8

X^0	2	25	23
X^1	4	27	25
X^2	1	12	8
X^3	1	12	11
X^4	1	1	1
X^5	1	1	1
X^6	1	1	1
Diff.	7

X^0	2	7	4
X^1	2	6	3
X^2	2	2	2
X^3	2	2	2
X^4	3	3	3
X^5	0	0	0
X^6	0	0	0
Diff.	7

X^0	4	15	10
X^1	4	5	4
X^2	4	6	4
X^3	4	4	4
X^4	2	2	2
X^5	0	0	0
X^6	0	0	0
Diff.	9

X^0	4	327	320
X^1	2	243	242
X^2	1	164	160
X^3	0	163	157
X^4	0	161	155
X^5	0	79	78
X^6	0	0	0
Diff.	0

X^0	4	61	57
X^1	4	52	48
X^2	4	29	25
X^3	4	7	4
X^4	4	4	4
X^5	2	2	2
X^6	1	1	1
Diff.	10

X^0	2	56	53
X^1	2	27	25
X^2	4	31	27
X^3	6	33	31
X^4	2	2	2
X^5	1	1	1
X^6	4	4	4
Diff.	0

X^0	5	33	29
X^1	6	21	20
X^2	1	23	22
X^3	1	19	18
X^4	1	1	1
X^5	1	1	1
X^6	2	2	2
Diff.	2

X^0	2	12	12
X^1	1	5	4
X^2	0	3	1
X^3	1	2	2
X^4	1	2	1
X^5	0	1	0
X^6	0	0	0
Diff.	3

X^0	6	469	462
X^1	3	450	444
X^2	3	231	228
X^3	3	220	214
X^4	3	3	3
X^5	3	3	3
X^6	0	0	0
Diff.	10

X^0	2	48	41
X^1	6	39	28
X^2	5	30	30
X^3	5	25	25
X^4	1	15	14
X^5	1	5	5
X^6	0	0	0
Diff.	7

X^0	8	13	11
X^1	4	5	4
X^2	3	4	3
X^3	3	6	3
X^4	0	0	0
X^5	2	2	2
X^6	1	1	1
Diff.	4

X^0	3	31	29
X^1	2	31	28
X^2	6	14	12
X^3	1	13	11
X^4	5	5	5
X^5	1	1	1
X^6	6	6	6
Diff.	2

X^0	9	212	211
X^1	9	202	197
X^2	9	100	99
X^3	5	102	100
X^4	1	1	1
X^5	1	1	1
X^6	0	0	0
Diff.	20

X^0	1	14	13
X^1	1	7	6
X^2	1	6	6
X^3	1	6	6
X^4	1	1	1
X^5	0	0	0
X^6	1	1	1
Diff.	7

X^0	3	146	146
X^1	3	145	145
X^2	3	63	61
X^3	3	61	58
X^4	2	2	2
X^5	0	0	0
X^6	5	5	5
Diff.	6

X^0	2	398	396
X^1	2	197	194
X^2	2	199	197
X^3	2	2	2
X^4	3	3	3
X^5	0	0	0
X^6	8	8	8
Diff.	5

X^0	5	31	30
X^1	1	22	22
X^2	4	24	24
X^3	6	18	18
X^4	3	8	8
X^5	0	7	5
X^6	0	0	0
Diff.	3

X^0	2	9	4
X^1	7	7	7
X^2	2	3	2
X^3	2	6	3
X^4	3	3	3
X^5	3	3	3
X^6	0	0	0
Diff.	7

X^0	2	20	19
X^1	2	13	8
X^2	2	9	8
X^3	3	7	7
X^4	4	4	4
X^5	2	8	8
X^6	0	0	0
Diff.	3

X^0	1	222	221
X^1	4	229	224
X^2	1	116	112
X^3	1	108	107
X^4	2	2	2
X^5	1	1	1
X^6	0	0	0
Diff.	4

X^0	4	104	100
X^1	4	103	99
X^2	4	55	51
X^3	4	49	45
X^4	4	6	4
X^5	4	4	4
X^6	0	0	0
Diff.	20

X^0	2	49	46
X^1	2	34	30
X^2	2	25	23
X^3	2	21	19
X^4	2	7	5
X^5	2	2	2
X^6	0	0	0
Diff.	3

X^0	4	58	58
X^1	1	54	54
X^2	1	54	54
X^3	0	41	40
X^4	2	30	29
X^5	1	17	15
X^6	0	0	0
Diff.	1

X^0	4	23	17
X^1	4	15	12
X^2	4	4	4
X^3	2	2	2
X^4	3	3	3
X^5	1	1	1
X^6	3	3	3
Diff.	9

X^0	5	64	63
X^1	1	63	61
X^2	1	30	29
X^3	1	32	28
X^4	2	2	2
X^5	1	1	1
X^6	1	1	1
Diff.	5

X^0	1	948	700
X^1	1	821	588
X^2	1	469	463
X^3	1	346	343
X^4	4	4	4
X^5	2	2	2
X^6	0	0	0
Diff.	1

X^0	3	21	17
X^1	3	18	15
X^2	3	3	3
X^3	3	3	3
X^4	3	3	3
X^5	4	4	4
X^6	0	0	0
Diff.	12

X^0	2	163	160
X^1	2	97	94
X^2	2	92	90
X^3	2	28	26
X^4	2	2	2
X^5	2	2	2
X^6	0	0	0
Diff.	7

X^0	1	85	80
X^1	1	46	45
X^2	1	43	38
X^3	1	1	1
X^4	1	2	1
X^5	1	1	1
X^6	0	0	0
Diff.	3

X^0	2	135	134
X^1	2	129	125
X^2	2	28	27
X^3	2	50	48
X^4	6	6	6
X^5	1	1	1
X^6	0	0	0
Diff.	3

X^0	6	82	75
X^1	6	41	35
X^2	6	35	29
X^3	6	6	6
X^4	6	6	6
X^5	6	6	6
X^6	0	0	0
Diff.	26

X^0	2	25	17
X^1	2	11	6
X^2	5	14	12
X^3	2	10	8
X^4	2	5	3
X^5	0	5	3
X^6	2	2	2
Diff.	11

X^0	2	11	7
X^1	1	8	8
X^2	2	5	2
X^3	1	4	4
X^4	2	2	2
X^5	0	0	0
X^6	1	1	1
Diff.	0

X^0	2	43	38
X^1	2	36	33
X^2	2	20	18
X^3	2	18	13
X^4	0	0	0
X^5	2	2	2
X^6	1	1	1
Diff.	2

X^0	1	6	1
X^1	2	6	2
X^2	2	3	2
X^3	3	3	3
X^4	1	1	1
X^5	1	1	1
X^6	0	0	0
Diff.	1

X^0	1	6	1
X^1	3	6	3
X^2	4	4	4
X^3	0	0	0
X^4	1	1	1
X^5	2	2	2
X^6	2	2	2
Diff.	2

X^0	3	78	74
X^1	3	42	37
X^2	1	42	39
X^3	4	40	38
X^4	1	2	1
X^5	1	1	1
X^6	0	0	0
Diff.	2

X^0	3	83	77
X^1	3	64	59
X^2	3	16	13
X^3	3	14	11
X^4	3	3	3
X^5	3	3	3
X^6	0	0	0
Diff.	9

X^0	2	364	362
X^1	2	268	265
X^2	3	174	173
X^3	1	83	82
X^4	2	2	2
X^5	2	2	2
X^6	0	0	0
Diff.	3

X^0	3	138	134
X^1	3	95	92
X^2	3	79	78
X^3	3	56	55
X^4	3	56	55
X^5	0	41	40
X^6	0	0	0
Diff.	9

X^0	3	114	104
X^1	3	66	52
X^2	4	51	39
X^3	1	15	13
X^4	1	1	1
X^5	0	0	0
X^6	1	1	1
Diff.	18

X^0	2	218	216
X^1	1	108	108
X^2	2	107	107
X^3	4	111	111
X^4	2	2	2
X^5	0	0	0
X^6	2	2	2
Diff.	7

X^0	3	6	4
X^1	2	2	2
X^2	2	2	2
X^3	2	2	2
X^4	2	2	2
X^5	1	1	1
X^6	0	0	0
Diff.	9

X^0	1	14	14
X^1	2	17	17
X^2	0	7	6
X^3	0	7	5
X^4	0	0	0
X^5	0	0	0
X^6	1	1	1
Diff.	1

X^0	3	52	50
X^1	3	43	42
X^2	3	45	44
X^3	3	34	32
X^4	3	22	22
X^5	1	20	19
X^6	0	0	0
Diff.	3

X^0	1	33	30
X^1	2	31	27
X^2	2	11	11
X^3	4	13	12
X^4	0	0	0
X^5	0	0	0
X^6	0	0	0
Diff.	4

X^0	1	141	138
X^1	1	134	132
X^2	1	61	58
X^3	1	68	67
X^4	1	4	1
X^5	1	1	1
X^6	1	1	1
Diff.	4

X^0	4	34	30
X^1	4	32	28
X^2	4	16	13
X^3	4	18	15
X^4	2	2	2
X^5	3	3	3
X^6	4	4	4
Diff.	12

X^0	2	33	23
X^1	5	17	16
X^2	3	3	3
X^3	7	7	7
X^4	1	1	1
X^5	4	4	4
X^6	0	0	0
Diff.	2

X^0	3	31	19
X^1	3	29	27
X^2	3	6	3
X^3	3	6	5
X^4	3	3	3
X^5	1	1	1
X^6	3	3	3
Diff.	9

X^0	3	172	169
X^1	3	125	121
X^2	1	111	111
X^3	5	115	115
X^4	0	0	0
X^5	0	0	0
X^6	0	0	0
Diff.	24

X^0	2	33	32
X^1	3	34	32
X^2	2	15	14
X^3	1	15	14
X^4	1	2	1
X^5	1	1	1
X^6	1	1	1
Diff.	2

X^0	2	440	438
X^1	2	265	263
X^2	2	217	214
X^3	2	2	2
X^4	2	2	2
X^5	2	2	2
X^6	0	0	0
Diff.	6

X^0	3	13	11
X^1	3	11	6
X^2	3	8	7
X^3	3	8	7
X^4	1	1	1
X^5	1	1	1
X^6	1	1	1
Diff.	3

X^0	4	6	4
X^1	4	4	4
X^2	4	4	4
X^3	3	3	3
X^4	5	5	5
X^5	2	2	2
X^6	2	2	2
Diff.	16

X^0	2	157	155
X^1	2	113	111
X^2	2	64	62
X^3	2	51	47
X^4	2	18	13
X^5	2	50	46
X^6	2	2	2
Diff.	8

X^0	2	65	63
X^1	2	63	62
X^2	2	11	10
X^3	1	35	33
X^4	1	1	1
X^5	1	1	1
X^6	1	1	1
Diff.	3

X^0	3	6	5
X^1	2	2	2
X^2	4	4	4
X^3	0	2	1
X^4	4	4	4
X^5	1	1	1
X^6	0	0	0
Diff.	6

X^0	2	92	91
X^1	1	86	83
X^2	1	39	38
X^3	1	38	36
X^4	1	1	1
X^5	1	1	1
X^6	0	0	0
Diff.	4

X^0	3	127	120
X^1	3	81	78
X^2	3	86	82
X^3	3	45	45
X^4	3	3	3
X^5	0	0	0
X^6	3	3	3
Diff.	55

X^0	4	278	277
X^1	1	269	268
X^2	1	135	134
X^3	1	134	131
X^4	1	1	1
X^5	1	1	1
X^6	0	0	0
Diff.	1

X^0	1	14	13
X^1	1	10	10
X^2	1	3	2
X^3	0	2	1
X^4	1	1	1
X^5	0	0	0
X^6	1	1	1
Diff.	0

X^0	1	70	67
X^1	1	39	37
X^2	1	34	32
X^3	1	28	27
X^4	2	2	2
X^5	0	0	0
X^6	0	0	0
Diff.	2

X^0	2	95	95
X^1	4	96	96
X^2	0	48	47
X^3	2	46	45
X^4	0	0	0
X^5	0	0	0
X^6	0	0	0
Diff.	9

X^0	3	58	57
X^1	3	58	57
X^2	3	32	30
X^3	0	10	9
X^4	0	0	0
X^5	0	0	0
X^6	6	6	6
Diff.	6

X^0	5	63	54
X^1	5	33	30
X^2	5	32	26
X^3	1	28	24
X^4	1	1	1
X^5	2	2	2
X^6	2	2	2
Diff.	8

X^0	5	91	88
X^1	5	50	48
X^2	5	29	25
X^3	5	5	5
X^4	2	2	2
X^5	4	4	4
X^6	2	2	2
Diff.	14

X^0	2	28	25
X^1	3	22	20
X^2	3	7	4
X^3	3	3	3
X^4	2	2	2
X^5	0	2	0
X^6	0	0	0
Diff.	3

X^0	1	161	158
X^1	1	149	148
X^2	1	71	70
X^3	1	1	1
X^4	1	1	1
X^5	0	0	0
X^6	1	1	1
Diff.	7

X^0	2	59	57
X^1	1	43	43
X^2	3	32	30
X^3	1	16	15
X^4	1	2	1
X^5	0	0	0
X^6	0	0	0
Diff.	0

X^0	1	304	301
X^1	2	303	299
X^2	2	140	134
X^3	2	151	149
X^4	3	3	3
X^5	2	2	2
X^6	3	3	3
Diff.	7

X^0	5	27	25
X^1	5	20	17
X^2	5	15	13
X^3	2	11	9
X^4	1	7	5
X^5	2	2	2
X^6	1	1	1
Diff.	8

X^0	1	860	700
X^1	1	858	698
X^2	3	438	435
X^3	3	420	415
X^4	3	3	3
X^5	3	3	3
X^6	1	1	1
Diff.	12

X^0	1	4	4
X^1	1	3	3
X^2	1	1	1
X^3	0	0	0
X^4	0	0	0
X^5	1	1	1
X^6	0	0	0
Diff.	2

X^0	4	57	53
X^1	4	37	36
X^2	4	30	29
X^3	3	30	29
X^4	1	1	1
X^5	1	1	1
X^6	4	4	4
Diff.	8

X^0	5	383	380
X^1	4	281	278
X^2	3	179	179
X^3	3	109	91
X^4	3	102	102
X^5	3	85	85
X^6	0	0	0
Diff.	8

X^0	3	45	42
X^1	3	10	7
X^2	3	10	7
X^3	3	10	6
X^4	3	3	3
X^5	3	3	3
X^6	0	0	0
Diff.	26

X^0	2	30	29
X^1	1	21	20
X^2	2	21	20
X^3	2	21	21
X^4	0	1	0
X^5	0	0	0
X^6	0	0	0
Diff.	3

X^0	3	41	32
X^1	1	23	19
X^2	1	14	9
X^3	1	14	8
X^4	5	5	5
X^5	4	4	4
X^6	0	0	0
Diff.	2

X^0	1	46	43
X^1	2	32	29
X^2	1	32	29
X^3	2	18	15
X^4	1	16	12
X^5	2	15	15
X^6	0	0	0
Diff.	5

X^0	1	36	32
X^1	1	24	21
X^2	1	18	14
X^3	1	12	9
X^4	1	9	4
X^5	1	3	1
X^6	1	1	1
Diff.	8

X^0	6	82	76
X^1	6	80	72
X^2	6	36	30
X^3	6	42	36
X^4	6	6	6
X^5	6	6	6
X^6	0	0	0
Diff.	24

X^0	5	115	109
X^1	5	98	91
X^2	5	53	45
X^3	5	5	5
X^4	5	5	5
X^5	1	1	1
X^6	1	1	1
Diff.	22

X^0	1	695	692
X^1	2	697	693
X^2	2	360	358
X^3	2	336	334
X^4	2	2	2
X^5	2	2	2
X^6	0	0	0
Diff.	26

X^0	3	10	4
X^1	2	2	2
X^2	4	4	4
X^3	1	7	1
X^4	0	0	0
X^5	4	4	4
X^6	1	1	1
Diff.	8

X^0	5	113	109
X^1	5	65	62
X^2	5	62	58
X^3	3	56	53
X^4	3	3	3
X^5	3	3	3
X^6	0	0	0
Diff.	11

X^0	1	57	53
X^1	1	54	52
X^2	1	38	34
X^3	6	6	6
X^4	2	2	2
X^5	1	1	1
X^6	0	0	0
Diff.	5

X^0	3	32	32
X^1	1	32	32
X^2	4	20	18
X^3	1	16	16
X^4	2	2	2
X^5	0	0	0
X^6	0	0	0
Diff.	0

X^0	2	22	19
X^1	2	21	19
X^2	2	10	8
X^3	2	3	2
X^4	2	2	2
X^5	2	2	2
X^6	3	3	3
Diff.	2

X^0	6	21	20
X^1	7	22	20
X^2	2	15	14
X^3	2	18	17
X^4	3	12	10
X^5	1	10	9
X^6	1	1	1
Diff.	8

X^0	3	44	41
X^1	3	47	44
X^2	3	20	16
X^3	3	21	17
X^4	3	3	3
X^5	3	3	3
X^6	0	0	0
Diff.	13

X^0	1	25	22
X^1	1	9	5
X^2	1	4	3
X^3	1	4	3
X^4	1	4	3
X^5	0	8	7
X^6	0	0	0
Diff.	7

X^0	4	5	4
X^1	6	6	6
X^2	4	4	4
X^3	4	4	4
X^4	6	6	6
X^5	2	3	2
X^6	4	4	4
Diff.	16

X^0	4	49	46
X^1	5	39	35
X^2	3	25	18
X^3	3	14	13
X^4	3	3	3
X^5	1	1	1
X^6	0	0	0
Diff.	6

X^0	1	31	29
X^1	0	15	13
X^2	1	11	9
X^3	3	3	3
X^4	0	1	0
X^5	0	0	0
X^6	1	1	1
Diff.	0

X^0	2	192	190
X^1	2	191	189
X^2	3	93	91
X^3	2	90	88
X^4	1	1	1
X^5	2	2	2
X^6	0	0	0
Diff.	4

X^0	4	12	12
X^1	4	7	5
X^2	2	5	5
X^3	2	7	7
X^4	4	6	6
X^5	3	5	5
X^6	0	0	0
Diff.	8

X^0	1	191	186
X^1	3	113	112
X^2	1	99	96
X^3	1	1	1
X^4	1	1	1
X^5	1	1	1
X^6	0	0	0
Diff.	3

X^0	2	35	34
X^1	2	30	30
X^2	2	18	15
X^3	0	13	12
X^4	1	1	1
X^5	0	0	0
X^6	0	0	0
Diff.	1

X^0	3	17	14
X^1	1	8	6
X^2	1	7	5
X^3	1	8	6
X^4	5	5	5
X^5	1	1	1
X^6	0	0	0
Diff.	1

X^0	2	25	22
X^1	2	21	19
X^2	2	11	9
X^3	2	11	7
X^4	2	2	2
X^5	2	2	2
X^6	1	1	1
Diff.	5

X^0	1	37	32
X^1	1	26	23
X^2	1	21	20
X^3	1	16	14
X^4	1	19	18
X^5	1	11	9
X^6	1	1	1
Diff.	3

X^0	1	55	54
X^1	1	48	46
X^2	1	20	17
X^3	1	1	1
X^4	1	1	1
X^5	1	1	1
X^6	0	0	0
Diff.	3

X^0	2	16	14
X^1	2	10	8
X^2	1	10	8
X^3	2	11	9
X^4	2	2	2
X^5	2	2	2
X^6	0	0	0
Diff.	8

X^0	1	4	3
X^1	3	5	4
X^2	2	2	2
X^3	1	2	1
X^4	4	4	4
X^5	1	1	1
X^6	1	1	1
Diff.	2

X^0	1	1205	700
X^1	1	1201	700
X^2	1	603	600
X^3	3	600	598
X^4	1	2	1
X^5	1	1	1
X^6	0	0	0
Diff.	3

X^0	4	17	15
X^1	4	19	16
X^2	3	17	14
X^3	4	11	10
X^4	2	9	8
X^5	1	6	4
X^6	1	1	1
Diff.	12

X^0	3	427	424
X^1	2	213	211
X^2	1	187	184
X^3	2	2	2
X^4	3	3	3
X^5	0	0	0
X^6	0	0	0
Diff.	27

X^0	6	522	521
X^1	1	421	420
X^2	1	326	325
X^3	1	232	231
X^4	1	147	144
X^5	1	91	89
X^6	1	1	1
Diff.	3

X^0	4	18	16
X^1	1	11	11
X^2	1	4	3
X^3	0	4	3
X^4	2	5	5
X^5	0	0	0
X^6	0	0	0
Diff.	3

X^0	3	46	46
X^1	1	35	34
X^2	1	26	24
X^3	1	18	15
X^4	3	16	15
X^5	1	9	9
X^6	0	0	0
Diff.	1

X^0	1	9	6
X^1	1	4	1
X^2	4	5	4
X^3	1	1	1
X^4	3	3	3
X^5	0	0	0
X^6	3	3	3
Diff.	3

X^0	4	19	14
X^1	4	12	7
X^2	4	9	4
X^3	4	4	4
X^4	4	4	4
X^5	1	1	1
X^6	0	0	0
Diff.	13

X^0	2	9	6
X^1	1	8	6
X^2	3	6	3
X^3	1	3	2
X^4	5	5	5
X^5	1	1	1
X^6	2	2	2
Diff.	3

X^0	6	90	88
X^1	1	47	43
X^2	1	42	39
X^3	1	40	37
X^4	2	5	2
X^5	2	2	2
X^6	1	1	1
Diff.	3

X^0	5	138	136
X^1	3	105	103
X^2	3	102	100
X^3	3	72	71
X^4	3	38	37
X^5	1	33	32
X^6	1	1	1
Diff.	7

X^0	2	152	144
X^1	2	145	134
X^2	2	78	70
X^3	8	80	71
X^4	2	2	2
X^5	8	8	8
X^6	0	0	0
Diff.	5

X^0	2	29	27
X^1	2	23	19
X^2	6	17	13
X^3	2	12	10
X^4	2	2	2
X^5	2	2	2
X^6	4	4	4
Diff.	4

X^0	7	222	215
X^1	7	217	210
X^2	7	117	110
X^3	7	110	103
X^4	7	7	7
X^5	7	7	7
X^6	6	6	6
Diff.	27

X^0	3	98	96
X^1	3	93	93
X^2	3	40	37
X^3	1	40	39
X^4	0	0	0
X^5	0	0	0
X^6	0	0	0
Diff.	5

X^0	1	85	81
X^1	3	61	61
X^2	8	48	45
X^3	1	19	15
X^4	3	19	16
X^5	1	21	18
X^6	0	0	0
Diff.	2

X^0	1	33	33
X^1	1	24	22
X^2	1	15	15
X^3	1	8	7
X^4	4	11	10
X^5	0	6	5
X^6	0	0	0
Diff.	0

X^0	2	16	14
X^1	2	2	2
X^2	2	2	2
X^3	2	9	6
X^4	2	2	2
X^5	0	0	0
X^6	0	0	0
Diff.	13

X^0	2	19	12
X^1	0	16	9
X^2	2	15	8
X^3	7	15	8
X^4	2	2	2
X^5	7	7	7
X^6	0	0	0
Diff.	16

X^0	1	41	38
X^1	1	28	26
X^2	4	25	23
X^3	1	13	10
X^4	1	4	1
X^5	2	5	3
X^6	2	2	2
Diff.	2

X^0	3	72	69
X^1	3	71	68
X^2	2	27	25
X^3	3	27	22
X^4	2	2	2
X^5	2	2	2
X^6	0	0	0
Diff.	7

X^0	5	27	17
X^1	3	15	14
X^2	5	17	16
X^3	0	0	0
X^4	0	0	0
X^5	0	0	0
X^6	0	0	0
Diff.	7

X^0	2	64	63
X^1	3	38	36
X^2	3	34	34
X^3	3	26	26
X^4	0	0	0
X^5	0	0	0
X^6	0	0	0
Diff.	11

X^0	3	43	41
X^1	1	20	18
X^2	1	19	18
X^3	1	1	1
X^4	0	0	0
X^5	0	0	0
X^6	0	0	0
Diff.	4

X^0	1	50	44
X^1	1	34	30
X^2	1	26	24
X^3	1	1	1
X^4	0	0	0
X^5	0	0	0
X^6	0	0	0
Diff.	1

X^0	2	248	247
X^1	3	126	125
X^2	7	126	124
X^3	2	128	127
X^4	5	5	5
X^5	1	1	1
X^6	4	4	4
Diff.	2

X^0	3	103	101
X^1	2	86	84
X^2	2	67	65
X^3	4	51	48
X^4	2	35	35
X^5	5	17	17
X^6	0	0	0
Diff.	7

X^0	6	87	83
X^1	3	82	81
X^2	2	39	36
X^3	2	40	38
X^4	4	4	4
X^5	1	1	1
X^6	0	0	0
Diff.	0

X^0	5	13	8
X^1	0	9	8
X^2	1	2	1
X^3	3	3	3
X^4	1	1	1
X^5	1	1	1
X^6	0	0	0
Diff.	1

X^0	2	45	43
X^1	2	41	33
X^2	2	19	17
X^3	3	20	17
X^4	2	2	2
X^5	2	2	2
X^6	1	1	1
Diff.	4

X^0	2	59	58
X^1	2	31	29
X^2	4	39	39
X^3	2	13	11
X^4	0	0	0
X^5	0	0	0
X^6	1	1	1
Diff.	2

X^0	1	10	8
X^1	1	7	6
X^2	1	1	1
X^3	2	2	2
X^4	1	1	1
X^5	0	0	0
X^6	3	3	3
Diff.	0

X^0	2	52	49
X^1	2	50	48
X^2	1	25	23
X^3	4	30	29
X^4	2	2	2
X^5	1	1	1
X^6	0	0	0
Diff.	4

X^0	4	1284	700
X^1	5	602	598
X^2	3	600	597
X^3	6	6	6
X^4	3	3	3
X^5	1	1	1
X^6	0	0	0
Diff.	5

X^0	8	473	465
X^1	8	257	248
X^2	8	244	232
X^3	8	245	233
X^4	8	8	8
X^5	8	8	8
X^6	0	0	0
Diff.	32

X^0	2	4	2
X^1	2	5	2
X^2	2	2	2
X^3	2	2	2
X^4	1	1	1
X^5	1	1	1
X^6	0	0	0
Diff.	6

X^0	4	73	71
X^1	2	51	48
X^2	2	31	28
X^3	2	18	16
X^4	2	2	2
X^5	2	2	2
X^6	0	0	0
Diff.	7

X^0	2	18	16
X^1	2	18	16
X^2	6	17	13
X^3	2	7	4
X^4	2	2	2
X^5	1	1	1
X^6	4	4	4
Diff.	3

X^0	1	12	12
X^1	2	13	11
X^2	0	8	8
X^3	3	8	8
X^4	0	0	0
X^5	0	0	0
X^6	0	0	0
Diff.	7

X^0	2	11	11
X^1	2	9	9
X^2	2	9	9
X^3	3	12	12
X^4	4	9	7
X^5	1	3	3
X^6	0	0	0
Diff.	5

X^0	3	90	89
X^1	3	72	72
X^2	3	54	53
X^3	3	38	38
X^4	5	31	31
X^5	3	7	3
X^6	0	0	0
Diff.	7

X^0	3	217	216
X^1	8	183	182
X^2	4	141	139
X^3	4	104	103
X^4	4	68	65
X^5	1	37	36
X^6	1	1	1
Diff.	12

X^0	2	34	33
X^1	1	19	18
X^2	0	15	14
X^3	1	14	14
X^4	1	1	1
X^5	0	0	0
X^6	2	2	2
Diff.	1

X^0	2	8	5
X^1	1	4	1
X^2	3	3	3
X^3	2	2	2
X^4	0	0	0
X^5	1	1	1
X^6	1	1	1
Diff.	3

X^0	7	154	151
X^1	8	152	150
X^2	5	79	77
X^3	5	56	54
X^4	2	2	2
X^5	2	2	2
X^6	0	0	0
Diff.	6

X^0	3	37	34
X^1	3	28	25
X^2	5	35	32
X^3	3	28	25
X^4	3	3	3
X^5	3	3	3
X^6	0	0	0
Diff.	8

X^0	1	179	172
X^1	1	182	175
X^2	3	145	143
X^3	2	106	104
X^4	2	71	69
X^5	3	41	39
X^6	2	2	2
Diff.	9

X^0	4	47	46
X^1	1	26	25
X^2	1	15	14
X^3	0	4	4
X^4	0	10	10
X^5	0	0	0
X^6	0	0	0
Diff.	1

X^0	3	4	3
X^1	3	4	3
X^2	6	7	6
X^3	3	3	3
X^4	2	2	2
X^5	3	3	3
X^6	1	1	1
Diff.	6

X^0	3	44	42
X^1	1	33	32
X^2	2	19	11
X^3	1	16	15
X^4	5	8	6
X^5	1	1	1
X^6	0	0	0
Diff.	0

X^0	2	10	9
X^1	3	9	6
X^2	3	4	3
X^3	1	1	1
X^4	1	1	1
X^5	3	3	3
X^6	1	1	1
Diff.	2

X^0	4	206	201
X^1	3	110	109
X^2	2	103	103
X^3	1	97	97
X^4	0	0	0
X^5	0	0	0
X^6	0	0	0
Diff.	3

X^0	3	142	136
X^1	3	142	140
X^2	3	72	69
X^3	3	69	65
X^4	3	3	3
X^5	2	2	2
X^6	3	3	3
Diff.	16

X^0	2	112	111
X^1	2	108	106
X^2	1	54	51
X^3	1	51	50
X^4	1	1	1
X^5	1	1	1
X^6	2	2	2
Diff.	3

X^0	4	256	251
X^1	4	259	252
X^2	4	125	121
X^3	4	129	125
X^4	4	4	4
X^5	4	4	4
X^6	5	5	5
Diff.	15

X^0	8	38	27
X^1	8	27	17
X^2	8	29	16
X^3	8	30	20
X^4	8	8	8
X^5	8	8	8
X^6	0	0	0
Diff.	33

X^0	4	36	34
X^1	2	6	3
X^2	3	14	11
X^3	2	2	2
X^4	4	4	4
X^5	2	2	2
X^6	4	4	4
Diff.	5

X^0	3	85	80
X^1	3	77	75
X^2	3	49	47
X^3	1	44	42
X^4	1	21	19
X^5	0	21	19
X^6	1	1	1
Diff.	13

X^0	3	129	128
X^1	5	80	79
X^2	4	67	66
X^3	3	57	56
X^4	1	1	1
X^5	1	1	1
X^6	0	0	0
Diff.	14

X^0	3	34	34
X^1	3	23	22
X^2	3	15	15
X^3	3	7	6
X^4	4	8	7
X^5	2	6	4
X^6	0	0	0
Diff.	2

X^0	3	23	19
X^1	3	19	18
X^2	1	2	1
X^3	1	2	1
X^4	1	1	1
X^5	1	1	1
X^6	0	0	0
Diff.	1

X^0	4	200	195
X^1	4	109	102
X^2	4	110	105
X^3	4	93	87
X^4	4	4	4
X^5	4	4	4
X^6	1	1	1
Diff.	12

X^0	2	62	59
X^1	2	44	40
X^2	3	39	36
X^3	2	20	18
X^4	2	20	15
X^5	4	22	18
X^6	2	2	2
Diff.	3

X^0	5	1204	1201
X^1	1	1199	700
X^2	3	597	594
X^3	3	597	592
X^4	3	3	3
X^5	3	3	3
X^6	2	2	2
Diff.	5

X^0	4	253	252
X^1	4	228	227
X^2	4	121	119
X^3	4	99	96
X^4	0	0	0
X^5	0	0	0
X^6	0	0	0
Diff.	34

X^0	2	517	516
X^1	2	291	290
X^2	2	263	262
X^3	5	269	268
X^4	1	1	1
X^5	1	1	1
X^6	1	1	1
Diff.	13

X^0	3	60	58
X^1	2	48	45
X^2	2	38	35
X^3	2	27	25
X^4	2	19	17
X^5	2	8	5
X^6	2	2	2
Diff.	4

X^0	1	9	8
X^1	1	10	9
X^2	1	1	1
X^3	1	3	2
X^4	2	2	2
X^5	1	1	1
X^6	0	0	0
Diff.	4

X^0	1	4	3
X^1	1	4	1
X^2	1	1	1
X^3	1	1	1
X^4	3	3	3
X^5	2	2	2
X^6	1	1	1
Diff.	4

X^0	2	90	83
X^1	1	83	74
X^2	1	54	49
X^3	1	40	35
X^4	1	12	7
X^5	5	5	5
X^6	1	1	1
Diff.	1

X^0	3	273	270
X^1	3	127	124
X^2	4	122	118
X^3	1	124	122
X^4	1	1	1
X^5	1	1	1
X^6	0	0	0
Diff.	5

X^0	4	57	52
X^1	3	52	50
X^2	5	31	29
X^3	2	25	22
X^4	2	2	2
X^5	2	2	2
X^6	0	0	0
Diff.	8

X^0	3	49	45
X^1	2	41	39
X^2	2	30	28
X^3	2	34	32
X^4	3	24	22
X^5	2	12	10
X^6	2	2	2
Diff.	3

X^0	2	11	9
X^1	2	5	2
X^2	2	2	2
X^3	2	3	2
X^4	2	2	2
X^5	2	2	2
X^6	0	0	0
Diff.	6

X^0	3	5	3
X^1	3	3	3
X^2	5	5	5
X^3	4	4	4
X^4	2	2	2
X^5	1	1	1
X^6	1	1	1
Diff.	3

X^0	3	32	25
X^1	3	23	20
X^2	3	12	9
X^3	3	3	3
X^4	3	3	3
X^5	0	0	0
X^6	0	0	0
Diff.	3

X^0	1	300	300
X^1	1	244	243
X^2	1	195	194
X^3	1	147	147
X^4	0	104	104
X^5	1	54	53
X^6	0	0	0
Diff.	1

X^0	2	86	83
X^1	1	79	78
X^2	1	41	38
X^3	1	37	34
X^4	1	5	1
X^5	1	1	1
X^6	1	1	1
Diff.	4

X^0	2	372	370
X^1	2	370	368
X^2	1	187	185
X^3	2	186	184
X^4	1	4	1
X^5	2	2	2
X^6	1	1	1
Diff.	0

X^0	4	46	44
X^1	4	43	42
X^2	1	22	21
X^3	1	19	18
X^4	1	1	1
X^5	1	1	1
X^6	0	0	0
Diff.	4

X^0	1	1232	700
X^1	1	1230	700
X^2	2	588	584
X^3	2	587	585
X^4	2	2	2
X^5	2	2	2
X^6	0	0	0
Diff.	3

X^0	7	76	71
X^1	4	63	59
X^2	4	55	53
X^3	4	37	35
X^4	0	0	0
X^5	2	2	2
X^6	1	1	1
Diff.	4

X^0	3	17	13
X^1	2	13	10
X^2	3	8	4
X^3	3	3	3
X^4	3	3	3
X^5	3	3	3
X^6	0	0	0
Diff.	7

X^0	2	44	42
X^1	2	26	24
X^2	2	8	4
X^3	2	2	2
X^4	2	2	2
X^5	1	1	1
X^6	0	0	0
Diff.	16

X^0	2	33	31
X^1	2	26	25
X^2	7	21	19
X^3	4	12	8
X^4	1	1	1
X^5	1	1	1
X^6	4	4	4
Diff.	6

X^0	1	13	8
X^1	1	11	9
X^2	1	13	9
X^3	1	10	9
X^4	4	4	4
X^5	1	1	1
X^6	0	0	0
Diff.	4

X^0	4	122	113
X^1	4	120	119
X^2	6	126	125
X^3	4	92	90
X^4	4	63	63
X^5	2	32	32
X^6	0	0	0
Diff.	5

X^0	2	16	15
X^1	2	7	6
X^2	1	13	12
X^3	2	13	9
X^4	1	1	1
X^5	1	1	1
X^6	2	2	2
Diff.	0

X^0	1	30	30
X^1	6	37	37
X^2	2	21	21
X^3	0	7	4
X^4	0	0	0
X^5	0	0	0
X^6	0	0	0
Diff.	0

X^0	0	48	46
X^1	1	43	42
X^2	0	22	17
X^3	2	4	2
X^4	1	1	1
X^5	2	2	2
X^6	1	1	1
Diff.	0

X^0	1	532	530
X^1	1	513	510
X^2	3	270	268
X^3	1	249	247
X^4	1	1	1
X^5	2	2	2
X^6	0	0	0
Diff.	1

X^0	1	80	75
X^1	3	54	52
X^2	4	37	34
X^3	2	2	2
X^4	2	2	2
X^5	2	2	2
X^6	0	0	0
Diff.	2

X^0	2	380	375
X^1	2	375	372
X^2	3	191	188
X^3	1	186	183
X^4	1	1	1
X^5	3	3	3
X^6	1	1	1
Diff.	2

X^0	6	10	6
X^1	1	5	3
X^2	3	3	3
X^3	1	1	1
X^4	5	6	5
X^5	2	2	2
X^6	3	3	3
Diff.	11

X^0	1	393	385
X^1	1	287	286
X^2	1	240	238
X^3	0	220	219
X^4	0	0	0
X^5	0	0	0
X^6	0	0	0
Diff.	20

X^0	2	5	4
X^1	1	5	4
X^2	1	3	2
X^3	1	3	1
X^4	1	1	1
X^5	1	1	1
X^6	0	0	0
Diff.	3

X^0	2	78	73
X^1	3	85	83
X^2	4	55	51
X^3	2	39	37
X^4	2	13	10
X^5	2	2	2
X^6	0	0	0
Diff.	2

X^0	5	727	700
X^1	5	599	598
X^2	5	474	473
X^3	5	355	353
X^4	5	241	240
X^5	1	120	119
X^6	1	1	1
Diff.	22

X^0	4	28	22
X^1	4	21	16
X^2	1	14	13
X^3	1	14	13
X^4	0	0	0
X^5	0	0	0
X^6	0	0	0
Diff.	3

X^0	4	62	60
X^1	2	49	47
X^2	2	14	10
X^3	1	10	7
X^4	1	1	1
X^5	2	10	7
X^6	2	2	2
Diff.	4

X^0	3	53	50
X^1	3	39	37
X^2	3	22	19
X^3	3	16	13
X^4	3	3	3
X^5	0	0	0
X^6	3	3	3
Diff.	14

X^0	5	368	365
X^1	5	187	180
X^2	11	179	177
X^3	2	2	2
X^4	1	1	1
X^5	1	1	1
X^6	0	0	0
Diff.	1

X^0	2	25	20
X^1	2	24	22
X^2	2	12	10
X^3	2	2	2
X^4	2	2	2
X^5	1	1	1
X^6	1	1	1
Diff.	16

X^0	2	23	19
X^1	1	9	3
X^2	2	10	6
X^3	2	11	8
X^4	1	1	1
X^5	2	2	2
X^6	0	0	0
Diff.	4

X^0	8	70	65
X^1	1	42	36
X^2	1	41	39
X^3	1	24	21
X^4	1	1	1
X^5	0	0	0
X^6	1	1	1
Diff.	5

X^0	5	16	10
X^1	5	15	9
X^2	5	10	5
X^3	5	11	6
X^4	5	5	5
X^5	5	5	5
X^6	0	0	0
Diff.	24

X^0	4	10	4
X^1	2	7	5
X^2	3	6	3
X^3	1	2	1
X^4	4	4	4
X^5	1	1	1
X^6	0	0	0
Diff.	4

X^0	3	24	23
X^1	3	14	14
X^2	3	10	9
X^3	1	5	5
X^4	1	1	1
X^5	0	0	0
X^6	0	0	0
Diff.	6

X^0	6	40	39
X^1	7	42	41
X^2	6	25	23
X^3	8	22	21
X^4	2	2	2
X^5	1	1	1
X^6	2	2	2
Diff.	12

X^0	2	27	25
X^1	1	24	23
X^2	1	12	12
X^3	3	14	12
X^4	5	6	5
X^5	0	0	0
X^6	0	0	0
Diff.	2

X^0	3	50	46
X^1	5	39	35
X^2	3	24	21
X^3	3	13	6
X^4	3	3	3
X^5	3	3	3
X^6	0	0	0
Diff.	5

X^0	6	16	6
X^1	6	11	6
X^2	6	6	6
X^3	6	6	6
X^4	1	1	1
X^5	0	0	0
X^6	0	0	0
Diff.	15

X^0	3	113	107
X^1	3	111	105
X^2	3	44	41
X^3	3	48	46
X^4	2	2	2
X^5	2	2	2
X^6	1	1	1
Diff.	7

X^0	2	11	10
X^1	1	10	8
X^2	1	9	7
X^3	1	4	1
X^4	1	1	1
X^5	1	1	1
X^6	0	0	0
Diff.	1

X^0	1	29	26
X^1	2	19	15
X^2	0	5	1
X^3	0	0	0
X^4	2	2	2
X^5	2	2	2
X^6	0	0	0
Diff.	0

X^0	1	7	5
X^1	2	7	3
X^2	1	4	1
X^3	1	2	1
X^4	2	2	2
X^5	3	3	3
X^6	0	0	0
Diff.	2

X^0	4	631	630
X^1	2	318	318
X^2	2	320	320
X^3	1	314	314
X^4	0	0	0
X^5	0	0	0
X^6	0	0	0
Diff.	6

X^0	3	10	4
X^1	3	7	5
X^2	3	3	3
X^3	3	6	5
X^4	3	4	3
X^5	0	0	0
X^6	0	0	0
Diff.	14

X^0	6	138	129
X^1	6	110	103
X^2	6	81	75
X^3	6	72	70
X^4	2	48	47
X^5	6	25	21
X^6	1	1	1
Diff.	13

X^0	7	13	7
X^1	8	12	8
X^2	6	9	6
X^3	5	9	5
X^4	6	9	6
X^5	7	8	7
X^6	6	6	6
Diff.	29

X^0	1	95	94
X^1	1	85	84
X^2	4	48	47
X^3	1	35	34
X^4	1	1	1
X^5	1	1	1
X^6	1	1	1
Diff.	11

X^0	2	82	79
X^1	2	84	83
X^2	1	47	46
X^3	1	35	29
X^4	3	14	8
X^5	1	1	1
X^6	0	0	0
Diff.	0

X^0	2	56	54
X^1	2	27	26
X^2	2	25	23
X^3	1	16	16
X^4	0	14	11
X^5	1	2	1
X^6	0	0	0
Diff.	32

X^0	3	13	12
X^1	3	9	8
X^2	1	3	2
X^3	1	1	1
X^4	6	6	6
X^5	1	1	1
X^6	0	0	0
Diff.	4

X^0	2	18	16
X^1	2	13	13
X^2	2	10	10
X^3	2	6	5
X^4	0	4	2
X^5	0	0	0
X^6	0	0	0
Diff.	2

X^0	4	270	269
X^1	4	207	202
X^2	5	140	137
X^3	4	92	91
X^4	4	28	23
X^5	1	1	1
X^6	0	0	0
Diff.	10

X^0	2	11	9
X^1	2	6	4
X^2	1	5	5
X^3	1	4	4
X^4	1	1	1
X^5	0	0	0
X^6	1	1	1
Diff.	4

X^0	3	11	8
X^1	3	8	3
X^2	4	7	4
X^3	3	4	3
X^4	3	4	3
X^5	3	3	3
X^6	0	0	0
Diff.	12

X^0	1	188	185
X^1	1	100	98
X^2	1	93	91
X^3	0	88	87
X^4	0	0	0
X^5	0	0	0
X^6	0	0	0
Diff.	4

X^0	1	21	19
X^1	1	14	12
X^2	0	7	4
X^3	0	0	0
X^4	2	2	2
X^5	0	0	0
X^6	2	2	2
Diff.	0

X^0	1	14	13
X^1	0	7	7
X^2	0	2	1
X^3	0	2	1
X^4	0	0	0
X^5	0	0	0
X^6	0	0	0
Diff.	3

X^0	2	33	33
X^1	2	14	10
X^2	2	14	14
X^3	3	17	17
X^4	2	2	2
X^5	0	0	0
X^6	2	2	2
Diff.	10

X^0	1	1031	700
X^1	1	828	700
X^2	3	632	628
X^3	3	449	446
X^4	3	262	259
X^5	3	199	196
X^6	3	3	3
Diff.	12

X^0	2	36	32
X^1	2	33	29
X^2	2	19	15
X^3	2	4	2
X^4	2	2	2
X^5	4	4	4
X^6	4	4	4
Diff.	5

X^0	7	204	199
X^1	2	116	114
X^2	0	114	109
X^3	1	114	113
X^4	0	1	0
X^5	0	0	0
X^6	1	1	1
Diff.	1

X^0	4	16	15
X^1	2	9	6
X^2	1	1	1
X^3	1	1	1
X^4	3	3	3
X^5	2	2	2
X^6	1	1	1
Diff.	1

X^0	1	38	34
X^1	1	30	26
X^2	1	25	25
X^3	3	22	22
X^4	1	23	23
X^5	2	14	12
X^6	0	0	0
Diff.	1

X^0	2	156	156
X^1	3	153	150
X^2	4	70	69
X^3	1	71	70
X^4	0	1	1
X^5	0	0	0
X^6	0	0	0
Diff.	3

X^0	1	247	247
X^1	2	247	247
X^2	3	127	123
X^3	1	122	122
X^4	6	6	6
X^5	0	0	0
X^6	1	1	1
Diff.	1

X^0	2	79	78
X^1	2	64	61
X^2	4	53	52
X^3	3	41	39
X^4	2	25	25
X^5	0	14	13
X^6	0	0	0
Diff.	2

X^0	3	15	13
X^1	3	13	11
X^2	3	3	3
X^3	3	8	6
X^4	3	3	3
X^5	0	0	0
X^6	0	0	0
Diff.	11

X^0	2	166	163
X^1	2	93	89
X^2	1	85	80
X^3	1	73	70
X^4	5	5	5
X^5	3	3	3
X^6	0	0	0
Diff.	0

X^0	2	12	8
X^1	2	10	2
X^2	2	5	2
X^3	2	5	2
X^4	5	5	5
X^5	4	4	4
X^6	0	0	0
Diff.	7

X^0	2	12	12
X^1	1	8	7
X^2	4	7	4
X^3	2	2	2
X^4	3	3	3
X^5	3	3	3
X^6	0	0	0
Diff.	6

X^0	2	17	11
X^1	5	22	18
X^2	2	14	13
X^3	1	11	10
X^4	2	8	6
X^5	1	4	3
X^6	1	1	1
Diff.	2

X^0	3	80	77
X^1	3	53	50
X^2	3	18	15
X^3	3	3	3
X^4	3	3	3
X^5	3	3	3
X^6	0	0	0
Diff.	14

X^0	5	14	8
X^1	5	12	7
X^2	5	10	5
X^3	5	8	5
X^4	5	5	5
X^5	5	5	5
X^6	0	0	0
Diff.	21

X^0	3	164	160
X^1	2	111	109
X^2	1	84	69
X^3	1	88	73
X^4	1	53	50
X^5	1	14	11
X^6	1	1	1
Diff.	1

X^0	3	41	37
X^1	4	40	38
X^2	2	17	14
X^3	3	17	15
X^4	2	2	2
X^5	2	2	2
X^6	1	1	1
Diff.	5

X^0	3	33	31
X^1	3	24	21
X^2	2	16	13
X^3	2	10	8
X^4	0	0	0
X^5	1	1	1
X^6	1	1	1
Diff.	3

X^0	1	168	166
X^1	2	164	160
X^2	4	88	87
X^3	1	79	75
X^4	1	1	1
X^5	1	1	1
X^6	0	0	0
Diff.	7

X^0	4	162	156
X^1	4	170	164
X^2	4	118	110
X^3	4	110	102
X^4	4	118	110
X^5	4	56	52
X^6	4	4	4
Diff.	21

X^0	1	43	40
X^1	1	41	40
X^2	1	16	13
X^3	1	15	14
X^4	0	0	0
X^5	0	0	0
X^6	0	0	0
Diff.	4

X^0	7	21	12
X^1	8	16	13
X^2	8	11	8
X^3	8	8	8
X^4	7	7	7
X^5	0	0	0
X^6	4	4	4
Diff.	19

X^0	0	14	13
X^1	1	14	13
X^2	1	8	8
X^3	3	8	8
X^4	1	1	1
X^5	0	0	0
X^6	1	1	1
Diff.	6

X^0	2	377	374
X^1	2	340	339
X^2	2	179	174
X^3	2	164	163
X^4	2	2	2
X^5	1	1	1
X^6	0	0	0
Diff.	4

X^0	3	23	18
X^1	3	12	9
X^2	2	6	5
X^3	2	3	2
X^4	2	2	2
X^5	1	1	1
X^6	0	0	0
Diff.	8

X^0	2	96	94
X^1	3	54	52
X^2	2	45	43
X^3	2	2	2
X^4	2	2	2
X^5	2	2	2
X^6	0	0	0
Diff.	10

X^0	2	76	74
X^1	4	60	55
X^2	1	27	25
X^3	1	31	30
X^4	1	1	1
X^5	1	31	30
X^6	0	0	0
Diff.	2

X^0	2	57	55
X^1	5	68	66
X^2	2	26	25
X^3	2	30	29
X^4	1	1	1
X^5	1	1	1
X^6	0	0	0
Diff.	4

X^0	6	21	17
X^1	3	12	8
X^2	3	13	7
X^3	3	8	3
X^4	3	3	3
X^5	3	3	3
X^6	3	3	3
Diff.	9

X^0	3	140	137
X^1	4	142	138
X^2	3	56	53
X^3	3	61	58
X^4	5	5	5
X^5	3	3	3
X^6	1	1	1
Diff.	7

X^0	3	23	20
X^1	2	14	14
X^2	1	8	6
X^3	3	7	6
X^4	0	6	3
X^5	0	0	0
X^6	6	6	6
Diff.	1

X^0	2	170	168
X^1	2	86	80
X^2	2	83	79
X^3	2	83	79
X^4	3	3	3
X^5	2	2	2
X^6	3	3	3
Diff.	8

X^0	1	28	26
X^1	1	23	22
X^2	6	21	16
X^3	1	12	11
X^4	1	4	3
X^5	1	1	1
X^6	0	0	0
Diff.	3

X^0	1	11	7
X^1	1	7	6
X^2	1	5	3
X^3	1	2	1
X^4	1	1	1
X^5	1	1	1
X^6	0	0	0
Diff.	7

X^0	4	91	87
X^1	1	85	82
X^2	5	54	53
X^3	1	26	24
X^4	1	1	1
X^5	1	1	1
X^6	0	0	0
Diff.	18

X^0	2	10	7
X^1	2	6	2
X^2	2	3	2
X^3	2	2	2
X^4	2	2	2
X^5	4	4	4
X^6	2	2	2
Diff.	4

X^0	7	29	25
X^1	2	21	16
X^2	1	12	9
X^3	3	9	5
X^4	7	7	7
X^5	1	1	1
X^6	0	0	0
Diff.	2

X^0	3	26	21
X^1	3	17	15
X^2	3	16	14
X^3	3	17	15
X^4	3	16	14
X^5	2	14	9
X^6	2	2	2
Diff.	18

X^0	1	33	31
X^1	2	26	24
X^2	3	19	17
X^3	0	7	5
X^4	1	8	8
X^5	1	4	4
X^6	0	0	0
Diff.	0

X^0	5	8	5
X^1	1	3	1
X^2	1	1	1
X^3	1	1	1
X^4	2	2	2
X^5	0	0	0
X^6	0	0	0
Diff.	1

X^0	4	19	17
X^1	4	19	17
X^2	5	13	11
X^3	12	21	19
X^4	0	0	0
X^5	2	2	2
X^6	2	2	2
Diff.	4

X^0	4	60	60
X^1	3	52	52
X^2	3	30	27
X^3	2	23	23
X^4	3	3	3
X^5	0	0	0
X^6	0	0	0
Diff.	6

X^0	2	403	402
X^1	2	404	401
X^2	2	195	195
X^3	2	192	189
X^4	0	0	0
X^5	0	0	0
X^6	0	0	0
Diff.	5

X^0	1	21	17
X^1	1	15	12
X^2	6	12	10
X^3	3	6	3
X^4	2	2	2
X^5	0	0	0
X^6	1	1	1
Diff.	7

X^0	5	30	24
X^1	5	26	21
X^2	5	25	18
X^3	5	5	5
X^4	5	5	5
X^5	5	5	5
X^6	0	0	0
Diff.	18

X^0	5	10	5
X^1	5	8	5
X^2	5	5	5
X^3	3	4	3
X^4	5	5	5
X^5	4	5	4
X^6	4	4	4
Diff.	17

X^0	4	20	19
X^1	3	10	8
X^2	1	10	7
X^3	1	8	7
X^4	2	2	2
X^5	1	1	1
X^6	0	0	0
Diff.	3

X^0	1	13	10
X^1	1	9	6
X^2	1	5	3
X^3	1	5	4
X^4	1	1	1
X^5	1	1	1
X^6	2	2	2
Diff.	4

X^0	13	26	23
X^1	3	10	7
X^2	4	7	4
X^3	5	9	5
X^4	4	6	4
X^5	4	6	4
X^6	2	2	2
Diff.	10

X^0	3	542	538
X^1	3	538	534
X^2	3	267	262
X^3	3	265	261
X^4	3	3	3
X^5	3	3	3
X^6	1	1	1
Diff.	8

X^0	5	167	157
X^1	2	91	85
X^2	1	83	80
X^3	4	76	68
X^4	0	0	0
X^5	3	3	3
X^6	4	4	4
Diff.	3

X^0	1	27	25
X^1	1	26	26
X^2	1	20	20
X^3	1	14	13
X^4	4	11	11
X^5	1	1	1
X^6	0	0	0
Diff.	0

X^0	5	62	59
X^1	12	44	39
X^2	5	29	22
X^3	1	1	1
X^4	4	4	4
X^5	2	2	2
X^6	0	0	0
Diff.	9

X^0	3	65	61
X^1	3	53	50
X^2	3	38	33
X^3	3	26	23
X^4	4	25	19
X^5	3	15	12
X^6	3	3	3
Diff.	13

X^0	2	90	85
X^1	2	85	82
X^2	2	39	37
X^3	2	38	36
X^4	2	2	2
X^5	2	2	2
X^6	10	10	10
Diff.	5

X^0	2	5	2
X^1	3	4	3
X^2	2	3	2
X^3	4	4	4
X^4	3	3	3
X^5	0	0	0
X^6	2	2	2
Diff.	4

X^0	3	65	58
X^1	5	35	32
X^2	2	31	26
X^3	2	29	28
X^4	5	5	5
X^5	0	0	0
X^6	1	1	1
Diff.	1

X^0	2	224	221
X^1	1	114	113
X^2	0	109	108
X^3	0	108	107
X^4	0	0	0
X^5	0	0	0
X^6	0	0	0
Diff.	2

X^0	1	15	14
X^1	1	10	10
X^2	1	4	4
X^3	0	0	0
X^4	0	0	0
X^5	2	2	2
X^6	0	0	0
Diff.	2

X^0	5	30	20
X^1	5	24	18
X^2	6	16	12
X^3	1	9	5
X^4	0	0	0
X^5	4	4	4
X^6	7	7	7
Diff.	17

X^0	2	147	143
X^1	2	153	147
X^2	2	85	82
X^3	2	78	74
X^4	2	7	4
X^5	2	2	2
X^6	0	0	0
Diff.	7

X^0	3	34	31
X^1	3	37	34
X^2	3	20	17
X^3	3	20	17
X^4	3	4	3
X^5	3	3	3
X^6	0	0	0
Diff.	9

X^0	2	36	36
X^1	3	35	30
X^2	0	10	10
X^3	0	0	0
X^4	0	0	0
X^5	0	0	0
X^6	0	0	0
Diff.	2

X^0	1	44	43
X^1	1	40	39
X^2	5	25	24
X^3	3	22	18
X^4	1	1	1
X^5	1	1	1
X^6	0	0	0
Diff.	5

X^0	8	43	39
X^1	2	32	28
X^2	3	19	17
X^3	2	4	2
X^4	2	2	2
X^5	1	1	1
X^6	1	1	1
Diff.	2

X^0	2	15	14
X^1	2	11	9
X^2	1	5	4
X^3	2	5	3
X^4	0	0	0
X^5	0	0	0
X^6	0	0	0
Diff.	1

X^0	1	42	37
X^1	1	47	41
X^2	1	21	18
X^3	1	23	22
X^4	2	2	2
X^5	1	1	1
X^6	2	2	2
Diff.	5

X^0	2	17	14
X^1	2	13	9
X^2	2	2	2
X^3	2	2	2
X^4	0	0	0
X^5	0	0	0
X^6	0	0	0
Diff.	6

X^0	4	56	52
X^1	4	42	38
X^2	4	28	24
X^3	4	16	10
X^4	4	5	4
X^5	2	5	2
X^6	4	4	4
Diff.	27

X^0	3	55	50
X^1	3	43	40
X^2	3	35	33
X^3	1	26	25
X^4	1	19	16
X^5	1	8	7
X^6	1	1	1
Diff.	4

X^0	7	53	51
X^1	12	55	53
X^2	6	24	21
X^3	7	22	22
X^4	2	2	2
X^5	0	0	0
X^6	2	2	2
Diff.	13

X^0	6	42	40
X^1	1	21	21
X^2	1	14	11
X^3	1	13	12
X^4	0	7	7
X^5	0	6	6
X^6	0	0	0
Diff.	3

X^0	2	70	70
X^1	1	72	72
X^2	0	54	53
X^3	0	42	40
X^4	0	24	24
X^5	0	16	16
X^6	0	0	0
Diff.	0

X^0	2	66	65
X^1	2	54	53
X^2	2	44	43
X^3	1	30	29
X^4	1	20	16
X^5	1	11	8
X^6	1	1	1
Diff.	14

X^0	2	3	2
X^1	2	2	2
X^2	2	3	2
X^3	2	2	2
X^4	3	3	3
X^5	4	4	4
X^6	1	1	1
Diff.	6

X^0	1	28	26
X^1	1	24	23
X^2	1	13	12
X^3	1	11	10
X^4	1	21	20
X^5	1	11	10
X^6	1	1	1
Diff.	5

X^0	2	27	22
X^1	2	14	12
X^2	2	2	2
X^3	1	1	1
X^4	0	0	0
X^5	0	0	0
X^6	2	2	2
Diff.	4

X^0	2	9	7
X^1	2	6	4
X^2	2	5	3
X^3	1	3	1
X^4	2	2	2
X^5	3	3	3
X^6	2	2	2
Diff.	5

X^0	2	13	7
X^1	2	12	9
X^2	3	10	4
X^3	3	7	4
X^4	1	6	1
X^5	1	2	1
X^6	3	3	3
Diff.	6

X^0	3	340	338
X^1	2	331	327
X^2	1	159	158
X^3	2	152	150
X^4	1	1	1
X^5	0	0	0
X^6	1	1	1
Diff.	2

X^0	3	415	412
X^1	3	416	416
X^2	3	202	198
X^3	3	198	198
X^4	2	2	2
X^5	0	0	0
X^6	3	3	3
Diff.	2

X^0	2	145	143
X^1	2	106	104
X^2	2	71	70
X^3	2	71	71
X^4	0	69	69
X^5	0	34	33
X^6	0	0	0
Diff.	3

X^0	2	231	231
X^1	2	225	222
X^2	2	114	112
X^3	2	106	105
X^4	1	1	1
X^5	0	0	0
X^6	1	1	1
Diff.	3

X^0	3	5	3
X^1	3	5	3
X^2	3	3	3
X^3	3	3	3
X^4	2	2	2
X^5	1	1	1
X^6	2	2	2
Diff.	14

X^0	4	88	87
X^1	1	80	75
X^2	1	36	35
X^3	1	36	34
X^4	1	1	1
X^5	1	1	1
X^6	2	2	2
Diff.	7

X^0	2	18	16
X^1	6	21	20
X^2	2	5	3
X^3	1	4	3
X^4	2	2	2
X^5	0	0	0
X^6	0	0	0
Diff.	3

X^0	3	49	46
X^1	3	26	22
X^2	2	26	24
X^3	4	29	27
X^4	5	5	5
X^5	2	2	2
X^6	4	4	4
Diff.	8

X^0	4	135	130
X^1	4	125	120
X^2	4	68	63
X^3	4	4	4
X^4	4	4	4
X^5	1	1	1
X^6	0	0	0
Diff.	9

X^0	5	14	10
X^1	2	8	7
X^2	2	6	6
X^3	0	5	5
X^4	0	0	0
X^5	0	0	0
X^6	0	0	0
Diff.	4

X^0	3	182	179
X^1	3	137	132
X^2	2	94	93
X^3	3	50	48
X^4	6	10	6
X^5	1	1	1
X^6	0	0	0
Diff.	9

X^0	3	35	32
X^1	5	25	22
X^2	3	24	21
X^3	3	25	20
X^4	3	3	3
X^5	3	3	3
X^6	3	3	3
Diff.	11

X^0	7	16	11
X^1	7	11	7
X^2	4	9	4
X^3	9	9	9
X^4	5	5	5
X^5	1	1	1
X^6	2	2	2
Diff.	14

X^0	6	18	15
X^1	6	9	6
X^2	6	6	6
X^3	6	6	6
X^4	6	6	6
X^5	0	3	2
X^6	0	0	0
Diff.	19

X^0	1	52	50
X^1	1	37	35
X^2	1	21	18
X^3	1	10	8
X^4	1	10	6
X^5	1	1	1
X^6	1	1	1
Diff.	2

X^0	1	46	45
X^1	1	40	39
X^2	1	22	21
X^3	1	21	20
X^4	1	1	1
X^5	1	1	1
X^6	1	1	1
Diff.	10

X^0	1	12	10
X^1	1	7	6
X^2	1	6	6
X^3	1	1	1
X^4	5	5	5
X^5	0	1	0
X^6	0	0	0
Diff.	7

X^0	1	201	199
X^1	2	108	106
X^2	2	92	91
X^3	1	1	1
X^4	1	1	1
X^5	1	1	1
X^6	0	0	0
Diff.	3

X^0	2	11	10
X^1	2	9	9
X^2	2	5	5
X^3	1	4	1
X^4	2	2	2
X^5	0	0	0
X^6	0	0	0
Diff.	1

X^0	2	17	15
X^1	2	9	6
X^2	2	8	4
X^3	2	10	8
X^4	3	3	3
X^5	2	2	2
X^6	2	2	2
Diff.	3

X^0	3	58	58
X^1	3	40	40
X^2	4	40	40
X^3	3	25	25
X^4	1	12	12
X^5	1	12	11
X^6	0	0	0
Diff.	7

X^0	3	11	10
X^1	1	10	9
X^2	2	6	6
X^3	1	4	4
X^4	3	3	3
X^5	0	0	0
X^6	0	0	0
Diff.	0

X^0	3	293	291
X^1	5	293	291
X^2	2	290	288
X^3	2	212	211
X^4	1	135	134
X^5	2	78	77
X^6	1	1	1
Diff.	4

X^0	4	21	20
X^1	1	15	13
X^2	1	11	7
X^3	1	12	11
X^4	1	11	10
X^5	1	7	6
X^6	1	1	1
Diff.	3

X^0	4	21	19
X^1	2	11	10
X^2	2	13	12
X^3	1	10	9
X^4	1	1	1
X^5	1	1	1
X^6	1	1	1
Diff.	4

X^0	3	8	7
X^1	5	10	9
X^2	3	5	4
X^3	3	5	4
X^4	1	1	1
X^5	1	1	1
X^6	0	0	0
Diff.	4

X^0	2	20	18
X^1	2	6	4
X^2	2	2	2
X^3	2	2	2
X^4	1	1	1
X^5	0	0	0
X^6	0	0	0
Diff.	6

X^0	4	421	419
X^1	4	421	419
X^2	2	197	196
X^3	2	203	201
X^4	3	4	3
X^5	1	1	1
X^6	0	0	0
Diff.	0

X^0	4	50	45
X^1	1	40	36
X^2	1	35	31
X^3	1	26	21
X^4	3	20	19
X^5	1	9	8
X^6	1	1	1
Diff.	10

X^0	2	40	35
X^1	2	14	11
X^2	1	19	17
X^3	1	10	8
X^4	1	1	1
X^5	2	2	2
X^6	1	1	1
Diff.	2

X^0	2	32	26
X^1	1	20	14
X^2	1	20	17
X^3	1	20	17
X^4	1	1	1
X^5	1	1	1
X^6	0	0	0
Diff.	6

X^0	2	16	14
X^1	2	8	3
X^2	2	2	2
X^3	2	2	2
X^4	2	2	2
X^5	2	2	2
X^6	0	0	0
Diff.	12

X^0	7	467	465
X^1	7	459	457
X^2	7	233	231
X^3	5	232	230
X^4	2	2	2
X^5	2	2	2
X^6	1	1	1
Diff.	18

X^0	3	19	19
X^1	2	16	16
X^2	2	7	6
X^3	2	4	3
X^4	0	0	0
X^5	0	0	0
X^6	0	0	0
Diff.	2

X^0	1	47	45
X^1	1	38	37
X^2	2	32	30
X^3	1	22	22
X^4	1	15	15
X^5	0	7	7
X^6	0	0	0
Diff.	1

X^0	2	52	50
X^1	2	36	34
X^2	2	25	18
X^3	3	22	19
X^4	2	10	5
X^5	2	2	2
X^6	2	2	2
Diff.	9

X^0	4	33	32
X^1	3	24	23
X^2	5	13	11
X^3	3	12	11
X^4	0	10	10
X^5	1	9	8
X^6	0	0	0
Diff.	7

X^0	2	7	4
X^1	2	10	7
X^2	2	7	4
X^3	1	5	2
X^4	1	1	1
X^5	1	1	1
X^6	0	0	0
Diff.	3

X^0	5	279	273
X^1	5	205	203
X^2	5	141	139
X^3	5	137	135
X^4	5	142	140
X^5	3	76	74
X^6	2	2	2
Diff.	14

X^0	2	56	54
X^1	2	42	40
X^2	2	36	34
X^3	2	22	20
X^4	2	10	2
X^5	2	10	6
X^6	2	2	2
Diff.	10

X^0	2	12	11
X^1	4	7	4
X^2	2	3	2
X^3	2	2	2
X^4	4	5	4
X^5	1	1	1
X^6	2	2	2
Diff.	1

X^0	3	13	11
X^1	3	8	6
X^2	1	5	3
X^3	3	3	3
X^4	1	1	1
X^5	3	3	3
X^6	0	0	0
Diff.	9

X^0	2	150	149
X^1	5	147	144
X^2	10	85	81
X^3	6	72	71
X^4	1	1	1
X^5	0	0	0
X^6	4	4	4
Diff.	4

X^0	1	19	18
X^1	1	16	15
X^2	4	7	4
X^3	1	4	1
X^4	0	0	0
X^5	0	0	0
X^6	0	0	0
Diff.	3

X^0	4	9	7
X^1	1	8	6
X^2	4	7	4
X^3	0	0	0
X^4	0	0	0
X^5	2	2	2
X^6	3	3	3
Diff.	1

X^0	1	288	283
X^1	2	175	174
X^2	0	111	109
X^3	0	0	0
X^4	0	0	0
X^5	0	0	0
X^6	1	1	1
Diff.	1

X^0	5	112	110
X^1	2	108	105
X^2	2	33	27
X^3	2	36	34
X^4	2	2	2
X^5	2	2	2
X^6	2	2	2
Diff.	8

X^0	3	45	43
X^1	5	33	28
X^2	5	23	17
X^3	2	2	2
X^4	2	2	2
X^5	3	3	3
X^6	0	0	0
Diff.	3

X^0	9	288	288
X^1	6	286	286
X^2	4	227	227
X^3	2	170	169
X^4	3	113	113
X^5	3	58	55
X^6	0	0	0
Diff.	9

X^0	1	1	1
X^1	1	2	1
X^2	1	1	1
X^3	1	1	1
X^4	0	0	0
X^5	0	0	0
X^6	0	0	0
Diff.	3

X^0	2	44	43
X^1	2	30	28
X^2	3	23	22
X^3	4	12	11
X^4	1	1	1
X^5	1	1	1
X^6	0	0	0
Diff.	1

X^0	3	7	4
X^1	1	2	1
X^2	1	3	2
X^3	2	2	2
X^4	1	1	1
X^5	0	0	0
X^6	2	2	2
Diff.	0

X^0	3	159	151
X^1	3	121	120
X^2	2	45	38
X^3	2	45	44
X^4	1	1	1
X^5	1	1	1
X^6	1	1	1
Diff.	11

X^0	9	41	33
X^1	4	38	30
X^2	4	13	6
X^3	4	4	4
X^4	4	4	4
X^5	0	0	0
X^6	0	0	0
Diff.	19

X^0	2	129	126
X^1	3	129	124
X^2	2	76	74
X^3	2	51	48
X^4	2	2	2
X^5	2	2	2
X^6	1	1	1
Diff.	4

X^0	3	11	6
X^1	3	10	7
X^2	3	5	3
X^3	4	4	4
X^4	5	5	5
X^5	3	3	3
X^6	0	0	0
Diff.	5

X^0	3	21	20
X^1	1	19	16
X^2	1	8	4
X^3	2	9	7
X^4	0	0	0
X^5	0	0	0
X^6	1	1	1
Diff.	2

X^0	1	15	12
X^1	1	4	3
X^2	2	7	4
X^3	1	3	1
X^4	1	1	1
X^5	3	3	3
X^6	3	3	3
Diff.	0

X^0	7	9	7
X^1	5	10	8
X^2	5	5	5
X^3	2	2	2
X^4	1	1	1
X^5	1	1	1
X^6	1	1	1
Diff.	4

X^0	2	225	223
X^1	5	223	222
X^2	2	112	110
X^3	1	107	106
X^4	1	1	1
X^5	1	1	1
X^6	1	1	1
Diff.	7

X^0	7	31	26
X^1	5	21	18
X^2	3	3	3
X^3	3	3	3
X^4	2	2	2
X^5	4	4	4
X^6	1	1	1
Diff.	6

X^0	3	47	47
X^1	5	53	53
X^2	3	39	37
X^3	2	26	26
X^4	0	11	7
X^5	0	11	11
X^6	0	0	0
Diff.	4

X^0	0	174	174
X^1	0	158	156
X^2	0	98	95
X^3	3	61	60
X^4	0	20	19
X^5	1	58	57
X^6	0	0	0
Diff.	0

X^0	9	209	209
X^1	2	152	148
X^2	0	98	97
X^3	0	58	50
X^4	2	54	54
X^5	0	48	48
X^6	0	0	0
Diff.	1

X^0	1	28	21
X^1	1	17	13
X^2	1	11	6
X^3	6	11	7
X^4	0	4	0
X^5	0	4	0
X^6	0	0	0
Diff.	4

X^0	1	42	36
X^1	2	44	42
X^2	1	23	23
X^3	0	17	16
X^4	0	0	0
X^5	0	0	0
X^6	0	0	0
Diff.	6

X^0	2	28	24
X^1	2	15	12
X^2	1	13	10
X^3	2	2	2
X^4	3	4	3
X^5	2	2	2
X^6	3	3	3
Diff.	8

X^0	4	12	7
X^1	2	9	7
X^2	1	6	5
X^3	1	5	4
X^4	3	4	3
X^5	1	1	1
X^6	4	4	4
Diff.	3

X^0	1	8	6
X^1	1	5	1
X^2	1	6	5
X^3	0	2	2
X^4	0	0	0
X^5	1	1	1
X^6	0	0	0
Diff.	0

X^0	3	250	249
X^1	3	128	127
X^2	2	128	127
X^3	1	126	126
X^4	1	1	1
X^5	0	0	0
X^6	1	1	1
Diff.	11

X^0	0	63	62
X^1	4	41	36
X^2	5	33	31
X^3	1	27	25
X^4	0	0	0
X^5	1	1	1
X^6	0	0	0
Diff.	1

X^0	1	781	700
X^1	1	776	700
X^2	1	365	363
X^3	1	367	366
X^4	1	1	1
X^5	0	0	0
X^6	6	6	6
Diff.	0

X^0	4	76	73
X^1	2	66	65
X^2	2	27	25
X^3	3	29	29
X^4	4	4	4
X^5	0	0	0
X^6	0	0	0
Diff.	3

X^0	1	56	54
X^1	1	39	34
X^2	1	19	16
X^3	3	26	23
X^4	2	2	2
X^5	2	2	2
X^6	0	0	0
Diff.	19

X^0	2	15	13
X^1	2	12	11
X^2	11	21	20
X^3	1	1	1
X^4	4	4	4
X^5	0	0	0
X^6	0	0	0
Diff.	3

X^0	3	4	3
X^1	4	7	4
X^2	2	2	2
X^3	2	2	2
X^4	1	1	1
X^5	4	4	4
X^6	1	1	1
Diff.	1

X^0	2	26	24
X^1	3	22	21
X^2	1	5	4
X^3	1	1	1
X^4	1	1	1
X^5	1	1	1
X^6	0	0	0
Diff.	1

X^0	4	455	451
X^1	4	233	232
X^2	2	233	231
X^3	3	234	233
X^4	1	1	1
X^5	0	0	0
X^6	0	0	0
Diff.	6

X^0	3	78	69
X^1	4	50	41
X^2	2	46	35
X^3	3	42	36
X^4	1	1	1
X^5	6	6	6
X^6	4	4	4
Diff.	3

X^0	1	21	20
X^1	1	19	17
X^2	1	3	1
X^3	1	1	1
X^4	2	2	2
X^5	0	0	0
X^6	0	0	0
Diff.	4

X^0	2	181	177
X^1	1	171	167
X^2	1	86	77
X^3	1	84	81
X^4	1	1	1
X^5	3	3	3
X^6	2	2	2
Diff.	2

X^0	1	13	10
X^1	0	7	5
X^2	0	3	1
X^3	1	2	1
X^4	3	3	3
X^5	0	1	1
X^6	0	0	0
Diff.	2

X^0	1	631	630
X^1	3	624	622
X^2	1	312	309
X^3	2	306	305
X^4	1	1	1
X^5	1	1	1
X^6	0	0	0
Diff.	7

X^0	7	57	55
X^1	5	41	39
X^2	6	28	26
X^3	3	13	10
X^4	5	5	5
X^5	2	2	2
X^6	2	2	2
Diff.	9

X^0	3	9	7
X^1	1	4	3
X^2	1	2	2
X^3	1	2	2
X^4	0	0	0
X^5	0	0	0
X^6	0	0	0
Diff.	3

X^0	9	26	25
X^1	4	19	18
X^2	1	9	8
X^3	1	7	6
X^4	1	1	1
X^5	1	1	1
X^6	0	0	0
Diff.	4

X^0	8	66	61
X^1	3	31	28
X^2	3	28	23
X^3	4	4	4
X^4	2	4	2
X^5	3	3	3
X^6	0	0	0
Diff.	8

X^0	6	16	13
X^1	2	8	8
X^2	2	5	2
X^3	2	2	2
X^4	2	3	3
X^5	3	3	3
X^6	1	1	1
Diff.	6

X^0	2	16	13
X^1	1	9	8
X^2	3	6	3
X^3	2	2	2
X^4	1	1	1
X^5	1	1	1
X^6	2	2	2
Diff.	0

X^0	5	11	9
X^1	1	8	6
X^2	1	1	1
X^3	1	1	1
X^4	0	0	0
X^5	0	0	0
X^6	1	1	1
Diff.	2

X^0	1	214	213
X^1	1	116	111
X^2	1	108	107
X^3	1	105	101
X^4	1	1	1
X^5	1	1	1
X^6	0	0	0
Diff.	4

X^0	8	33	29
X^1	4	18	15
X^2	5	16	9
X^3	2	15	11
X^4	2	2	2
X^5	2	2	2
X^6	3	3	3
Diff.	5

X^0	1	4	1
X^1	2	2	2
X^2	2	2	2
X^3	4	5	4
X^4	2	2	2
X^5	2	2	2
X^6	0	0	0
Diff.	8

X^0	1	19	15
X^1	1	13	6
X^2	1	8	5
X^3	1	6	5
X^4	1	6	1
X^5	1	1	1
X^6	3	3	3
Diff.	5

X^0	4	111	106
X^1	4	90	83
X^2	4	50	44
X^3	4	35	29
X^4	4	4	4
X^5	5	5	5
X^6	2	2	2
Diff.	11

X^0	2	129	126
X^1	2	87	85
X^2	2	43	41
X^3	2	5	3
X^4	2	2	2
X^5	2	2	2
X^6	2	2	2
Diff.	9

X^0	1	137	134
X^1	1	130	129
X^2	1	97	96
X^3	3	78	75
X^4	1	48	48
X^5	0	19	16
X^6	0	0	0
Diff.	2

X^0	3	118	110
X^1	5	96	91
X^2	3	60	54
X^3	5	44	39
X^4	5	5	5
X^5	5	5	5
X^6	0	0	0
Diff.	35

X^0	1	71	68
X^1	1	38	35
X^2	2	35	34
X^3	5	9	8
X^4	1	1	1
X^5	0	0	0
X^6	1	1	1
Diff.	7

X^0	1	23	21
X^1	1	23	21
X^2	2	13	11
X^3	2	14	10
X^4	2	2	2
X^5	2	2	2
X^6	1	1	1
Diff.	6

X^0	2	65	62
X^1	2	45	43
X^2	6	27	27
X^3	1	1	1
X^4	0	0	0
X^5	0	0	0
X^6	3	3	3
Diff.	6

X^0	6	56	52
X^1	5	54	51
X^2	1	33	28
X^3	4	29	27
X^4	1	8	4
X^5	2	2	2
X^6	4	4	4
Diff.	6

X^0	5	133	121
X^1	5	73	68
X^2	5	61	55
X^3	5	67	62
X^4	5	5	5
X^5	5	5	5
X^6	2	2	2
Diff.	29

X^0	1	141	138
X^1	1	137	134
X^2	1	75	74
X^3	0	2	0
X^4	0	0	0
X^5	0	0	0
X^6	0	0	0
Diff.	3

X^0	2	154	152
X^1	2	131	128
X^2	2	69	65
X^3	2	56	43
X^4	2	2	2
X^5	2	2	2
X^6	0	0	0
Diff.	8

X^0	1	9	3
X^1	3	13	10
X^2	1	6	3
X^3	1	6	3
X^4	1	10	7
X^5	1	5	2
X^6	1	1	1
Diff.	5

X^0	1	36	29
X^1	1	27	27
X^2	1	25	25
X^3	1	27	27
X^4	0	19	18
X^5	0	10	9
X^6	0	0	0
Diff.	2

X^0	3	20	17
X^1	2	9	9
X^2	1	7	4
X^3	0	7	7
X^4	1	1	1
X^5	0	0	0
X^6	2	2	2
Diff.	1

X^0	2	44	43
X^1	0	30	29
X^2	0	20	18
X^3	0	17	14
X^4	0	9	7
X^5	1	1	1
X^6	0	0	0
Diff.	0

X^0	2	47	45
X^1	2	37	33
X^2	2	26	20
X^3	3	21	19
X^4	2	11	10
X^5	1	4	1
X^6	1	1	1
Diff.	4

X^0	1	6	5
X^1	1	4	1
X^2	1	2	1
X^3	2	3	2
X^4	2	2	2
X^5	1	1	1
X^6	0	0	0
Diff.	1

X^0	2	28	27
X^1	3	30	28
X^2	1	29	28
X^3	3	23	19
X^4	3	18	17
X^5	2	10	9
X^6	1	1	1
Diff.	2

X^0	2	13	9
X^1	2	11	3
X^2	3	9	5
X^3	2	6	4
X^4	2	2	2
X^5	2	2	2
X^6	0	0	0
Diff.	6

X^0	3	10	7
X^1	2	4	2
X^2	2	2	2
X^3	2	2	2
X^4	2	2	2
X^5	2	2	2
X^6	4	4	4
Diff.	5

X^0	3	31	31
X^1	2	25	25
X^2	2	25	25
X^3	1	17	16
X^4	0	10	7
X^5	1	7	6
X^6	0	0	0
Diff.	5

X^0	1	24	24
X^1	2	25	25
X^2	1	17	17
X^3	2	14	13
X^4	1	10	9
X^5	1	4	4
X^6	0	0	0
Diff.	3

X^0	2	6	3
X^1	1	4	2
X^2	1	2	1
X^3	4	4	4
X^4	7	7	7
X^5	9	9	9
X^6	0	0	0
Diff.	5

X^0	2	21	18
X^1	3	18	15
X^2	2	9	4
X^3	2	10	8
X^4	2	3	2
X^5	0	3	1
X^6	2	2	2
Diff.	8

X^0	1	513	510
X^1	1	386	384
X^2	1	258	256
X^3	2	255	251
X^4	1	255	253
X^5	3	132	131
X^6	1	1	1
Diff.	0

X^0	1	41	38
X^1	1	36	31
X^2	6	37	35
X^3	1	30	29
X^4	1	1	1
X^5	1	1	1
X^6	0	0	0
Diff.	3

X^0	2	1093	700
X^1	2	1068	700
X^2	3	553	551
X^3	2	517	515
X^4	2	2	2
X^5	2	2	2
X^6	0	0	0
Diff.	3

X^0	2	44	41
X^1	2	47	45
X^2	2	8	5
X^3	2	6	5
X^4	2	2	2
X^5	1	1	1
X^6	2	2	2
Diff.	4

X^0	2	30	29
X^1	3	11	11
X^2	1	11	10
X^3	1	10	7
X^4	2	2	2
X^5	0	0	0
X^6	1	1	1
Diff.	3

X^0	3	50	45
X^1	3	28	27
X^2	4	30	30
X^3	0	23	22
X^4	0	0	0
X^5	0	0	0
X^6	0	0	0
Diff.	6

X^0	1	81	77
X^1	1	69	69
X^2	1	62	60
X^3	4	73	73
X^4	0	44	44
X^5	0	26	24
X^6	0	0	0
Diff.	0

X^0	2	128	126
X^1	2	128	126
X^2	2	53	49
X^3	2	53	50
X^4	2	2	2
X^5	2	2	2
X^6	1	1	1
Diff.	10

X^0	3	78	75
X^1	3	62	57
X^2	3	35	32
X^3	3	23	19
X^4	3	3	3
X^5	3	3	3
X^6	0	0	0
Diff.	15

X^0	1	59	57
X^1	5	52	50
X^2	4	39	38
X^3	6	30	30
X^4	4	18	18
X^5	1	10	2
X^6	0	0	0
Diff.	6

X^0	5	66	64
X^1	2	32	28
X^2	2	2	2
X^3	2	2	2
X^4	2	2	2
X^5	3	3	3
X^6	0	0	0
Diff.	7

X^0	3	142	137
X^1	1	129	119
X^2	1	62	59
X^3	1	59	58
X^4	1	1	1
X^5	0	0	0
X^6	1	1	1
Diff.	9

X^0	2	29	26
X^1	1	17	16
X^2	1	1	1
X^3	1	1	1
X^4	5	5	5
X^5	1	1	1
X^6	0	0	0
Diff.	1

X^0	2	44	42
X^1	2	30	25
X^2	2	17	16
X^3	2	14	12
X^4	5	13	8
X^5	1	1	1
X^6	3	3	3
Diff.	1

X^0	3	48	43
X^1	3	39	33
X^2	3	24	19
X^3	3	3	3
X^4	5	5	5
X^5	2	2	2
X^6	0	0	0
Diff.	5

X^0	4	94	88
X^1	3	99	93
X^2	3	79	75
X^3	4	61	59
X^4	5	41	38
X^5	2	23	21
X^6	2	2	2
Diff.	9

X^0	2	553	549
X^1	1	274	269
X^2	3	268	263
X^3	2	264	261
X^4	3	3	3
X^5	2	2	2
X^6	1	1	1
Diff.	1

X^0	10	14	11
X^1	3	5	3
X^2	1	3	1
X^3	6	6	6
X^4	2	2	2
X^5	0	0	0
X^6	2	2	2
Diff.	7

X^0	10	37	34
X^1	2	21	20
X^2	2	15	14
X^3	3	12	9
X^4	5	11	11
X^5	0	3	3
X^6	0	0	0
Diff.	3

X^0	3	9	5
X^1	1	5	3
X^2	1	5	2
X^3	1	3	1
X^4	0	1	0
X^5	3	3	3
X^6	4	4	4
Diff.	3

X^0	1	373	371
X^1	1	222	221
X^2	4	198	196
X^3	2	186	186
X^4	0	0	0
X^5	0	0	0
X^6	1	1	1
Diff.	1

X^0	1	49	47
X^1	1	31	30
X^2	1	30	28
X^3	1	27	26
X^4	1	1	1
X^5	1	1	1
X^6	1	1	1
Diff.	2

X^0	1	52	45
X^1	3	38	37
X^2	1	23	18
X^3	1	23	21
X^4	1	16	10
X^5	2	2	2
X^6	0	0	0
Diff.	3

X^0	3	70	68
X^1	2	56	56
X^2	1	40	40
X^3	0	26	25
X^4	0	13	12
X^5	0	11	10
X^6	0	0	0
Diff.	1

X^0	1	17	13
X^1	1	9	7
X^2	1	9	6
X^3	3	3	3
X^4	1	1	1
X^5	0	0	0
X^6	3	3	3
Diff.	4

X^0	2	27	24
X^1	1	21	18
X^2	1	20	14
X^3	1	11	9
X^4	1	1	1
X^5	0	0	0
X^6	1	1	1
Diff.	12

X^0	1	115	110
X^1	1	99	94
X^2	1	69	62
X^3	3	42	37
X^4	1	11	6
X^5	2	2	2
X^6	1	1	1
Diff.	2

X^0	4	13	9
X^1	4	11	7
X^2	4	8	4
X^3	7	11	7
X^4	4	4	4
X^5	2	2	2
X^6	0	0	0
Diff.	11

X^0	3	303	301
X^1	4	163	161
X^2	4	163	161
X^3	3	164	162
X^4	2	2	2
X^5	2	2	2
X^6	3	3	3
Diff.	7

X^0	5	13	9
X^1	2	6	3
X^2	2	2	2
X^3	2	2	2
X^4	2	2	2
X^5	3	3	3
X^6	3	3	3
Diff.	7

X^0	1	145	144
X^1	1	141	140
X^2	2	68	66
X^3	1	68	62
X^4	1	1	1
X^5	1	1	1
X^6	2	2	2
Diff.	2

X^0	4	54	52
X^1	4	54	52
X^2	4	30	26
X^3	4	26	25
X^4	4	4	4
X^5	1	1	1
X^6	4	4	4
Diff.	17

X^0	1	5	3
X^1	3	6	3
X^2	1	2	1
X^3	2	3	2
X^4	3	3	3
X^5	1	1	1
X^6	2	2	2
Diff.	3

X^0	4	642	637
X^1	2	634	631
X^2	3	315	310
X^3	1	312	310
X^4	3	3	3
X^5	2	2	2
X^6	2	2	2
Diff.	8

X^0	4	16	9
X^1	4	10	5
X^2	4	7	4
X^3	3	4	3
X^4	1	1	1
X^5	0	0	0
X^6	0	0	0
Diff.	6

X^0	4	313	310
X^1	3	311	310
X^2	2	159	154
X^3	1	152	152
X^4	1	1	1
X^5	0	0	0
X^6	3	3	3
Diff.	2

X^0	3	522	520
X^1	2	261	255
X^2	2	255	254
X^3	2	256	255
X^4	1	1	1
X^5	1	1	1
X^6	1	1	1
Diff.	2

X^0	4	20	20
X^1	4	13	10
X^2	6	12	9
X^3	4	10	5
X^4	2	2	2
X^5	0	0	0
X^6	2	2	2
Diff.	4

X^0	1	99	96
X^1	1	47	43
X^2	1	44	43
X^3	1	49	48
X^4	1	1	1
X^5	1	1	1
X^6	1	1	1
Diff.	0

X^0	2	338	335
X^1	2	156	154
X^2	2	152	146
X^3	2	168	166
X^4	3	3	3
X^5	2	2	2
X^6	4	4	4
Diff.	8

X^0	2	64	57
X^1	1	41	39
X^2	1	35	34
X^3	2	3	2
X^4	1	2	1
X^5	0	0	0
X^6	0	0	0
Diff.	1

X^0	1	164	163
X^1	1	170	169
X^2	1	82	81
X^3	1	84	82
X^4	1	1	1
X^5	1	1	1
X^6	2	2	2
Diff.	3

X^0	3	677	675
X^1	1	672	671
X^2	1	329	325
X^3	8	340	339
X^4	3	3	3
X^5	0	0	0
X^6	2	2	2
Diff.	2

X^0	1	32	32
X^1	2	24	22
X^2	2	19	17
X^3	2	2	2
X^4	2	2	2
X^5	0	0	0
X^6	1	1	1
Diff.	2

X^0	7	86	76
X^1	3	56	51
X^2	5	53	49
X^3	5	29	28
X^4	1	1	1
X^5	0	7	6
X^6	1	1	1
Diff.	31

X^0	2	45	41
X^1	2	45	41
X^2	2	45	41
X^3	3	33	26
X^4	2	16	13
X^5	2	8	5
X^6	2	2	2
Diff.	6

X^0	2	49	47
X^1	1	31	29
X^2	1	15	14
X^3	1	2	1
X^4	1	2	1
X^5	1	1	1
X^6	1	1	1
Diff.	9

X^0	2	316	311
X^1	2	160	157
X^2	4	160	156
X^3	1	2	1
X^4	1	1	1
X^5	4	4	4
X^6	5	5	5
Diff.	7

X^0	3	122	118
X^1	3	67	60
X^2	3	65	62
X^3	3	59	56
X^4	3	3	3
X^5	2	2	2
X^6	3	3	3
Diff.	14

X^0	3	21	17
X^1	1	12	10
X^2	2	8	7
X^3	1	5	4
X^4	1	1	1
X^5	0	0	0
X^6	1	1	1
Diff.	2

X^0	2	8	7
X^1	1	7	5
X^2	3	5	3
X^3	1	1	1
X^4	3	3	3
X^5	1	1	1
X^6	1	1	1
Diff.	5

X^0	2	12	10
X^1	2	14	12
X^2	2	4	2
X^3	2	2	2
X^4	2	2	2
X^5	2	2	2
X^6	0	0	0
Diff.	6

X^0	1	725	700
X^1	1	469	467
X^2	1	473	468
X^3	0	260	258
X^4	1	1	1
X^5	0	0	0
X^6	0	0	0
Diff.	2

X^0	3	41	38
X^1	3	34	31
X^2	3	22	18
X^3	5	25	21
X^4	3	3	3
X^5	3	3	3
X^6	2	2	2
Diff.	17

X^0	2	16	13
X^1	2	8	7
X^2	4	8	6
X^3	1	6	6
X^4	0	0	0
X^5	0	0	0
X^6	0	0	0
Diff.	0

X^0	7	17	10
X^1	3	11	4
X^2	2	5	2
X^3	2	4	2
X^4	3	3	3
X^5	3	3	3
X^6	1	1	1
Diff.	6

X^0	3	26	18
X^1	3	24	20
X^2	8	18	14
X^3	3	13	8
X^4	3	3	3
X^5	3	3	3
X^6	7	7	7
Diff.	13

X^0	2	31	27
X^1	4	22	16
X^2	3	20	16
X^3	4	18	13
X^4	3	6	3
X^5	4	4	4
X^6	2	2	2
Diff.	7

X^0	3	95	95
X^1	3	79	78
X^2	1	61	61
X^3	1	45	44
X^4	1	31	31
X^5	0	14	13
X^6	0	0	0
Diff.	0

X^0	2	22	19
X^1	3	9	6
X^2	2	12	9
X^3	2	5	3
X^4	3	3	3
X^5	2	2	2
X^6	3	3	3
Diff.	11

X^0	2	218	217
X^1	2	211	210
X^2	2	106	105
X^3	2	103	102
X^4	2	2	2
X^5	1	1	1
X^6	2	2	2
Diff.	13

X^0	12	13	12
X^1	8	9	8
X^2	2	3	2
X^3	4	4	4
X^4	4	4	4
X^5	2	2	2
X^6	1	1	1
Diff.	15

X^0	4	16	9
X^1	3	8	6
X^2	3	4	3
X^3	3	3	3
X^4	1	1	1
X^5	0	0	0
X^6	0	0	0
Diff.	4

X^0	2	7	2
X^1	4	4	4
X^2	2	2	2
X^3	0	0	0
X^4	8	8	8
X^5	2	2	2
X^6	0	0	0
Diff.	1

X^0	5	82	82
X^1	1	80	80
X^2	2	41	38
X^3	3	38	38
X^4	0	0	0
X^5	0	0	0
X^6	0	0	0
Diff.	0

X^0	8	41	33
X^1	5	30	30
X^2	7	22	17
X^3	9	16	16
X^4	5	5	5
X^5	0	0	0
X^6	8	8	8
Diff.	21

X^0	2	11	9
X^1	2	12	10
X^2	2	7	5
X^3	2	7	5
X^4	2	2	2
X^5	2	2	2
X^6	2	2	2
Diff.	7

X^0	3	189	187
X^1	4	118	116
X^2	2	110	108
X^3	1	104	104
X^4	2	2	2
X^5	0	0	0
X^6	1	1	1
Diff.	4

X^0	4	28	27
X^1	3	21	20
X^2	4	9	4
X^3	1	6	5
X^4	4	4	4
X^5	1	1	1
X^6	0	0	0
Diff.	5

X^0	3	39	36
X^1	3	28	26
X^2	3	9	6
X^3	3	9	6
X^4	2	2	2
X^5	3	3	3
X^6	3	3	3
Diff.	9

X^0	4	12	12
X^1	2	13	13
X^2	1	8	6
X^3	6	10	10
X^4	1	1	1
X^5	0	0	0
X^6	0	0	0
Diff.	0

X^0	3	19	18
X^1	3	13	12
X^2	2	7	6
X^3	0	7	4
X^4	4	12	11
X^5	2	6	6
X^6	0	0	0
Diff.	2

X^0	4	46	44
X^1	2	35	30
X^2	2	26	23
X^3	2	16	15
X^4	0	8	5
X^5	0	0	0
X^6	2	2	2
Diff.	1

X^0	3	139	137
X^1	1	111	108
X^2	1	89	87
X^3	2	69	68
X^4	1	46	45
X^5	1	23	22
X^6	1	1	1
Diff.	8

X^0	4	31	27
X^1	3	21	18
X^2	3	18	14
X^3	2	9	8
X^4	2	2	2
X^5	1	1	1
X^6	0	0	0
Diff.	4

X^0	5	15	8
X^1	5	12	5
X^2	3	12	7
X^3	5	8	5
X^4	5	7	5
X^5	5	6	5
X^6	5	5	5
Diff.	24

X^0	1	602	601
X^1	1	602	601
X^2	1	269	267
X^3	1	269	268
X^4	1	1	1
X^5	1	1	1
X^6	1	1	1
Diff.	4

X^0	1	315	314
X^1	1	314	313
X^2	1	157	152
X^3	1	156	156
X^4	0	2	2
X^5	0	0	0
X^6	0	0	0
Diff.	2

X^0	2	55	52
X^1	3	42	42
X^2	3	30	26
X^3	0	12	8
X^4	0	0	0
X^5	3	3	3
X^6	1	1	1
Diff.	2

X^0	4	17	17
X^1	4	13	13
X^2	4	4	4
X^3	0	0	0
X^4	0	0	0
X^5	2	2	2
X^6	0	0	0
Diff.	15

X^0	2	95	92
X^1	2	82	77
X^2	3	44	40
X^3	2	12	9
X^4	3	3	3
X^5	1	1	1
X^6	1	1	1
Diff.	6

X^0	5	51	51
X^1	1	45	45
X^2	3	50	50
X^3	2	37	37
X^4	0	23	22
X^5	0	12	10
X^6	0	0	0
Diff.	1

X^0	5	25	20
X^1	4	16	12
X^2	4	11	7
X^3	4	4	4
X^4	5	5	5
X^5	2	2	2
X^6	2	2	2
Diff.	11

X^0	2	81	76
X^1	1	62	59
X^2	1	61	60
X^3	1	58	57
X^4	1	38	38
X^5	1	20	20
X^6	0	0	0
Diff.	7

X^0	2	52	42
X^1	1	46	41
X^2	2	28	22
X^3	3	24	19
X^4	3	3	3
X^5	5	5	5
X^6	0	0	0
Diff.	6

X^0	2	12	8
X^1	8	16	13
X^2	3	7	7
X^3	4	4	4
X^4	0	0	0
X^5	0	0	0
X^6	0	0	0
Diff.	8

X^0	4	23	16
X^1	4	17	13
X^2	4	13	8
X^3	4	4	4
X^4	4	4	4
X^5	4	4	4
X^6	2	2	2
Diff.	15

X^0	4	15	13
X^1	1	13	11
X^2	4	9	8
X^3	1	5	2
X^4	1	1	1
X^5	1	1	1
X^6	0	0	0
Diff.	1

X^0	2	137	135
X^1	1	52	51
X^2	1	56	54
X^3	0	58	57
X^4	1	1	1
X^5	0	0	0
X^6	0	0	0
Diff.	4

X^0	2	27	23
X^1	9	19	12
X^2	1	9	7
X^3	1	7	6
X^4	1	1	1
X^5	0	0	0
X^6	2	2	2
Diff.	2

X^0	4	29	27
X^1	4	26	24
X^2	4	11	8
X^3	4	4	4
X^4	0	0	0
X^5	3	3	3
X^6	0	0	0
Diff.	6

X^0	1	25	24
X^1	1	25	24
X^2	1	3	2
X^3	1	1	1
X^4	1	1	1
X^5	0	0	0
X^6	0	0	0
Diff.	3

X^0	4	87	83
X^1	4	44	30
X^2	2	35	34
X^3	1	1	1
X^4	3	7	6
X^5	1	1	1
X^6	0	0	0
Diff.	1

X^0	1	900	700
X^1	3	872	700
X^2	3	452	448
X^3	9	432	429
X^4	3	3	3
X^5	3	3	3
X^6	3	3	3
Diff.	1

X^0	3	156	154
X^1	4	150	149
X^2	2	157	156
X^3	1	109	108
X^4	2	82	80
X^5	1	48	47
X^6	1	1	1
Diff.	1

X^0	3	146	141
X^1	3	120	113
X^2	3	96	91
X^3	3	71	67
X^4	3	50	47
X^5	3	25	22
X^6	3	3	3
Diff.	12

X^0	4	130	123
X^1	2	101	95
X^2	2	79	74
X^3	2	55	46
X^4	2	35	29
X^5	2	11	6
X^6	5	5	5
Diff.	3

X^0	2	30	25
X^1	2	19	18
X^2	4	4	4
X^3	2	2	2
X^4	1	1	1
X^5	1	1	1
X^6	1	1	1
Diff.	3

X^0	3	355	353
X^1	3	353	351
X^2	2	281	280
X^3	2	210	209
X^4	1	139	138
X^5	6	76	71
X^6	1	1	1
Diff.	8

X^0	3	86	84
X^1	1	79	78
X^2	2	43	42
X^3	1	39	37
X^4	1	1	1
X^5	1	1	1
X^6	0	0	0
Diff.	5

X^0	2	79	77
X^1	2	67	64
X^2	2	41	38
X^3	2	28	26
X^4	2	2	2
X^5	1	1	1
X^6	2	2	2
Diff.	14

X^0	2	241	234
X^1	1	195	192
X^2	1	152	152
X^3	1	115	111
X^4	1	79	78
X^5	0	34	30
X^6	0	0	0
Diff.	1

X^0	6	13	11
X^1	3	6	5
X^2	4	4	4
X^3	0	0	0
X^4	1	1	1
X^5	1	1	1
X^6	1	1	1
Diff.	5

X^0	1	15	11
X^1	4	18	17
X^2	2	11	10
X^3	4	7	6
X^4	1	1	1
X^5	0	0	0
X^6	1	1	1
Diff.	8

X^0	3	11	7
X^1	3	9	4
X^2	3	3	3
X^3	3	3	3
X^4	0	0	0
X^5	1	1	1
X^6	1	1	1
Diff.	6

X^0	5	369	361
X^1	1	191	187
X^2	1	178	174
X^3	4	10	8
X^4	2	2	2
X^5	1	1	1
X^6	0	0	0
Diff.	1

X^0	4	506	502
X^1	4	258	257
X^2	1	245	243
X^3	1	245	244
X^4	0	0	0
X^5	0	0	0
X^6	0	0	0
Diff.	0

X^0	1	38	33
X^1	2	29	27
X^2	1	28	26
X^3	4	32	30
X^4	1	17	17
X^5	1	7	7
X^6	0	0	0
Diff.	3

X^0	3	220	217
X^1	3	142	141
X^2	1	122	116
X^3	1	100	97
X^4	1	1	1
X^5	3	3	3
X^6	0	0	0
Diff.	10

X^0	5	30	25
X^1	3	28	25
X^2	2	15	7
X^3	2	3	2
X^4	2	2	2
X^5	2	2	2
X^6	0	0	0
Diff.	5

X^0	2	19	15
X^1	3	12	11
X^2	0	2	1
X^3	0	0	0
X^4	1	1	1
X^5	1	1	1
X^6	7	7	7
Diff.	0

X^0	4	19	16
X^1	4	16	12
X^2	4	11	7
X^3	4	4	4
X^4	3	3	3
X^5	1	1	1
X^6	3	3	3
Diff.	11

X^0	2	17	16
X^1	4	14	13
X^2	5	5	5
X^3	1	1	1
X^4	0	0	0
X^5	0	0	0
X^6	2	2	2
Diff.	3

X^0	2	52	50
X^1	2	37	36
X^2	6	31	31
X^3	2	17	15
X^4	1	11	11
X^5	0	0	0
X^6	0	0	0
Diff.	5

X^0	2	8	6
X^1	2	4	2
X^2	2	2	2
X^3	2	2	2
X^4	2	2	2
X^5	2	2	2
X^6	1	1	1
Diff.	9

X^0	2	252	245
X^1	5	259	257
X^2	2	125	122
X^3	12	136	134
X^4	2	2	2
X^5	2	2	2
X^6	0	0	0
Diff.	5

X^0	2	13	12
X^1	4	8	7
X^2	3	6	5
X^3	2	2	2
X^4	3	3	3
X^5	0	0	0
X^6	2	2	2
Diff.	1

X^0	2	274	266
X^1	2	184	183
X^2	1	72	71
X^3	1	1	1
X^4	0	0	0
X^5	0	0	0
X^6	0	0	0
Diff.	3

X^0	6	37	35
X^1	1	35	33
X^2	1	18	16
X^3	1	16	14
X^4	1	1	1
X^5	2	2	2
X^6	0	0	0
Diff.	5

X^0	3	25	21
X^1	1	19	19
X^2	2	21	21
X^3	2	20	20
X^4	2	12	12
X^5	0	8	7
X^6	0	0	0
Diff.	3

X^0	3	546	535
X^1	6	309	300
X^2	2	268	261
X^3	2	268	261
X^4	6	36	26
X^5	6	6	6
X^6	0	0	0
Diff.	12

X^0	1	269	268
X^1	3	142	140
X^2	1	134	130
X^3	1	3	1
X^4	3	3	3
X^5	1	1	1
X^6	1	1	1
Diff.	0

X^0	7	28	21
X^1	7	25	17
X^2	7	12	7
X^3	7	11	7
X^4	7	7	7
X^5	7	7	7
X^6	2	2	2
Diff.	24

X^0	3	11	3
X^1	2	11	3
X^2	2	3	2
X^3	2	2	2
X^4	2	2	2
X^5	4	4	4
X^6	1	1	1
Diff.	1

X^0	3	13	6
X^1	6	9	6
X^2	2	4	2
X^3	2	2	2
X^4	4	4	4
X^5	2	4	2
X^6	2	2	2
Diff.	10

X^0	3	24	21
X^1	3	15	12
X^2	3	3	3
X^3	3	3	3
X^4	3	3	3
X^5	1	1	1
X^6	1	1	1
Diff.	5

X^0	2	2	2
X^1	2	2	2
X^2	1	1	1
X^3	1	1	1
X^4	3	3	3
X^5	6	6	6
X^6	0	0	0
Diff.	4

X^0	2	15	13
X^1	3	11	8
X^2	2	4	2
X^3	2	2	2
X^4	2	2	2
X^5	2	2	2
X^6	4	4	4
Diff.	2

X^0	3	113	111
X^1	3	81	79
X^2	3	59	51
X^3	3	59	58
X^4	3	53	52
X^5	3	25	24
X^6	0	0	0
Diff.	11

X^0	5	26	24
X^1	1	16	11
X^2	1	11	10
X^3	1	14	11
X^4	1	1	1
X^5	1	1	1
X^6	0	0	0
Diff.	1

X^0	4	76	76
X^1	3	57	56
X^2	2	41	40
X^3	2	26	26
X^4	2	11	10
X^5	2	11	6
X^6	0	0	0
Diff.	10

X^0	2	36	35
X^1	1	26	18
X^2	1	20	19
X^3	3	18	17
X^4	1	17	16
X^5	1	11	10
X^6	1	1	1
Diff.	3

X^0	2	70	66
X^1	3	72	70
X^2	2	33	31
X^3	2	32	30
X^4	2	3	2
X^5	2	2	2
X^6	0	0	0
Diff.	6

X^0	1	128	125
X^1	2	124	123
X^2	5	68	62
X^3	5	64	64
X^4	2	2	2
X^5	0	0	0
X^6	2	2	2
Diff.	9

X^0	3	20	13
X^1	4	13	10
X^2	4	8	5
X^3	2	4	4
X^4	4	4	4
X^5	0	0	0
X^6	4	4	4
Diff.	3

X^0	1	75	71
X^1	1	73	72
X^2	1	10	9
X^3	1	15	14
X^4	1	1	1
X^5	1	1	1
X^6	1	1	1
Diff.	3

X^0	6	15	13
X^1	3	11	7
X^2	3	6	5
X^3	2	4	2
X^4	5	5	5
X^5	0	0	0
X^6	1	1	1
Diff.	2

X^0	1	5	2
X^1	1	5	2
X^2	3	4	3
X^3	1	1	1
X^4	1	1	1
X^5	1	1	1
X^6	4	4	4
Diff.	3

X^0	4	165	164
X^1	4	133	132
X^2	4	104	103
X^3	7	79	78
X^4	4	48	47
X^5	4	31	26
X^6	0	0	0
Diff.	10

X^0	3	115	114
X^1	4	84	83
X^2	3	55	50
X^3	3	26	23
X^4	6	6	6
X^5	5	5	5
X^6	0	0	0
Diff.	10

X^0	2	12	11
X^1	2	9	8
X^2	2	7	6
X^3	1	3	2
X^4	1	1	1
X^5	1	1	1
X^6	1	1	1
Diff.	5

X^0	4	31	28
X^1	4	18	17
X^2	4	14	14
X^3	4	13	13
X^4	4	15	15
X^5	2	12	10
X^6	0	0	0
Diff.	11

X^0	3	129	127
X^1	3	106	105
X^2	2	55	54
X^3	1	34	34
X^4	1	1	1
X^5	0	0	0
X^6	1	1	1
Diff.	13

X^0	1	19	18
X^1	1	15	11
X^2	1	8	6
X^3	7	14	13
X^4	2	2	2
X^5	1	1	1
X^6	0	0	0
Diff.	3

X^0	2	70	66
X^1	3	42	38
X^2	3	39	38
X^3	1	18	16
X^4	1	1	1
X^5	0	0	0
X^6	1	1	1
Diff.	18

X^0	5	90	87
X^1	1	64	61
X^2	1	59	55
X^3	1	60	59
X^4	1	41	37
X^5	1	19	18
X^6	1	1	1
Diff.	2

X^0	2	19	18
X^1	2	17	15
X^2	2	5	4
X^3	0	1	1
X^4	1	1	1
X^5	0	0	0
X^6	3	3	3
Diff.	3

X^0	4	419	413
X^1	4	232	227
X^2	4	214	210
X^3	4	203	198
X^4	4	4	4
X^5	4	4	4
X^6	0	0	0
Diff.	18

X^0	1	119	115
X^1	3	113	112
X^2	1	60	59
X^3	3	56	54
X^4	1	1	1
X^5	1	1	1
X^6	0	0	0
Diff.	0

X^0	5	16	15
X^1	1	10	8
X^2	1	4	2
X^3	1	2	1
X^4	1	1	1
X^5	3	4	3
X^6	1	1	1
Diff.	3

X^0	2	33	31
X^1	2	25	23
X^2	1	10	9
X^3	1	1	1
X^4	2	2	2
X^5	1	1	1
X^6	2	2	2
Diff.	9

X^0	5	13	12
X^1	1	8	6
X^2	4	4	4
X^3	5	5	5
X^4	1	1	1
X^5	0	0	0
X^6	1	1	1
Diff.	6

X^0	1	5	3
X^1	2	3	2
X^2	1	1	1
X^3	0	0	0
X^4	2	2	2
X^5	9	9	9
X^6	1	1	1
Diff.	2

X^0	4	67	67
X^1	0	60	60
X^2	1	32	32
X^3	3	32	32
X^4	0	0	0
X^5	0	0	0
X^6	0	0	0
Diff.	2

X^0	5	57	47
X^1	5	49	39
X^2	5	32	27
X^3	5	23	13
X^4	5	13	8
X^5	5	12	7
X^6	5	5	5
Diff.	21

X^0	1	128	127
X^1	2	108	107
X^2	1	19	17
X^3	1	22	21
X^4	2	2	2
X^5	1	1	1
X^6	0	0	0
Diff.	0

X^0	1	6	4
X^1	1	4	2
X^2	1	3	1
X^3	1	1	1
X^4	0	0	0
X^5	2	2	2
X^6	0	0	0
Diff.	1

X^0	2	95	92
X^1	2	77	74
X^2	3	46	42
X^3	2	32	28
X^4	2	2	2
X^5	2	2	2
X^6	0	0	0
Diff.	21

X^0	3	350	341
X^1	3	348	339
X^2	2	111	109
X^3	2	110	108
X^4	3	3	3
X^5	2	2	2
X^6	3	3	3
Diff.	10

X^0	2	98	96
X^1	4	96	93
X^2	1	43	42
X^3	1	43	42
X^4	1	1	1
X^5	1	1	1
X^6	0	0	0
Diff.	7

X^0	2	16	11
X^1	2	12	8
X^2	4	4	4
X^3	2	2	2
X^4	2	2	2
X^5	3	3	3
X^6	2	2	2
Diff.	6

X^0	5	15	13
X^1	3	12	11
X^2	6	11	6
X^3	1	5	5
X^4	3	3	3
X^5	0	0	0
X^6	2	2	2
Diff.	2

X^0	3	18	15
X^1	3	9	7
X^2	4	6	4
X^3	3	3	3
X^4	1	1	1
X^5	2	2	2
X^6	3	3	3
Diff.	10

X^0	1	47	47
X^1	2	49	49
X^2	3	27	25
X^3	1	22	22
X^4	1	1	1
X^5	0	0	0
X^6	1	1	1
Diff.	3

X^0	1	258	257
X^1	1	205	156
X^2	1	154	153
X^3	1	100	99
X^4	0	0	0
X^5	0	0	0
X^6	0	0	0
Diff.	53

X^0	1	33	31
X^1	2	25	23
X^2	1	21	19
X^3	2	22	18
X^4	1	21	19
X^5	1	17	15
X^6	1	1	1
Diff.	1

X^0	4	22	18
X^1	6	23	21
X^2	3	11	9
X^3	3	11	9
X^4	2	2	2
X^5	2	2	2
X^6	4	4	4
Diff.	5

X^0	6	46	45
X^1	2	49	48
X^2	1	37	37
X^3	1	26	26
X^4	1	17	15
X^5	1	6	6
X^6	0	0	0
Diff.	2

X^0	1	45	44
X^1	1	37	37
X^2	2	20	17
X^3	3	14	14
X^4	1	1	1
X^5	0	0	0
X^6	2	2	2
Diff.	1

X^0	1	202	201
X^1	1	201	199
X^2	1	92	91
X^3	1	92	91
X^4	1	1	1
X^5	1	1	1
X^6	0	0	0
Diff.	5

X^0	2	62	57
X^1	4	52	47
X^2	1	29	28
X^3	2	22	21
X^4	1	1	1
X^5	0	0	0
X^6	0	0	0
Diff.	3

X^0	10	317	307
X^1	10	238	228
X^2	10	156	146
X^3	10	95	79
X^4	10	89	79
X^5	10	83	73
X^6	10	10	10
Diff.	52

X^0	1	10	7
X^1	0	7	4
X^2	3	7	3
X^3	2	5	2
X^4	0	0	0
X^5	3	3	3
X^6	1	1	1
Diff.	0

X^0	1	72	67
X^1	1	57	57
X^2	1	32	32
X^3	1	18	18
X^4	0	0	0
X^5	0	0	0
X^6	0	0	0
Diff.	13

X^0	4	10	9
X^1	13	19	18
X^2	1	4	3
X^3	1	1	1
X^4	1	1	1
X^5	0	0	0
X^6	2	2	2
Diff.	1

X^0	1	73	66
X^1	1	69	62
X^2	1	35	27
X^3	1	25	16
X^4	6	6	6
X^5	7	7	7
X^6	0	0	0
Diff.	17

X^0	5	206	205
X^1	1	170	168
X^2	1	89	86
X^3	2	11	9
X^4	1	1	1
X^5	1	1	1
X^6	1	1	1
Diff.	8

X^0	1	73	69
X^1	2	39	36
X^2	1	39	38
X^3	3	40	39
X^4	1	1	1
X^5	1	1	1
X^6	0	0	0
Diff.	8

X^0	1	120	117
X^1	1	120	117
X^2	4	100	99
X^3	1	69	67
X^4	1	46	45
X^5	1	25	24
X^6	1	1	1
Diff.	2

X^0	2	6	2
X^1	3	5	4
X^2	2	3	2
X^3	2	2	2
X^4	2	2	2
X^5	3	3	3
X^6	0	0	0
Diff.	4

X^0	1	41	40
X^1	1	42	41
X^2	1	25	23
X^3	1	19	18
X^4	2	2	2
X^5	1	1	1
X^6	1	1	1
Diff.	4

X^0	6	17	13
X^1	5	16	15
X^2	2	2	2
X^3	1	2	1
X^4	2	2	2
X^5	1	1	1
X^6	1	1	1
Diff.	1

X^0	4	39	37
X^1	3	36	31
X^2	3	17	16
X^3	3	15	14
X^4	1	1	1
X^5	1	1	1
X^6	0	0	0
Diff.	9

X^0	1	911	700
X^1	5	868	700
X^2	2	449	447
X^3	2	409	404
X^4	2	2	2
X^5	1	1	1
X^6	0	0	0
Diff.	0

X^0	5	72	71
X^1	5	75	74
X^2	5	25	24
X^3	5	29	25
X^4	1	2	1
X^5	1	1	1
X^6	0	0	0
Diff.	11

X^0	4	692	690
X^1	2	647	644
X^2	4	347	345
X^3	2	304	299
X^4	2	2	2
X^5	2	2	2
X^6	1	1	1
Diff.	3

X^0	4	9	5
X^1	4	8	4
X^2	4	7	4
X^3	4	7	4
X^4	4	4	4
X^5	4	4	4
X^6	2	2	2
Diff.	17

X^0	3	26	20
X^1	3	22	19
X^2	2	8	6
X^3	2	2	2
X^4	1	1	1
X^5	5	5	5
X^6	4	4	4
Diff.	4

X^0	5	45	43
X^1	1	44	42
X^2	1	47	47
X^3	1	25	23
X^4	1	15	14
X^5	0	10	9
X^6	0	0	0
Diff.	11

X^0	3	22	20
X^1	2	15	13
X^2	2	9	7
X^3	2	6	2
X^4	2	2	2
X^5	2	2	2
X^6	0	0	0
Diff.	8

X^0	7	42	37
X^1	2	20	16
X^2	2	7	4
X^3	2	2	2
X^4	2	2	2
X^5	2	2	2
X^6	0	0	0
Diff.	7

X^0	1	407	404
X^1	1	408	407
X^2	2	205	204
X^3	7	213	212
X^4	1	1	1
X^5	1	1	1
X^6	1	1	1
Diff.	4

X^0	3	19	14
X^1	2	13	12
X^2	3	11	10
X^3	1	5	4
X^4	0	0	0
X^5	1	1	1
X^6	1	1	1
Diff.	1

X^0	1	35	30
X^1	1	27	26
X^2	1	18	17
X^3	1	10	8
X^4	1	1	1
X^5	1	1	1
X^6	1	1	1
Diff.	10

X^0	3	74	70
X^1	3	51	51
X^2	4	40	33
X^3	3	36	36
X^4	4	4	4
X^5	0	0	0
X^6	2	2	2
Diff.	12

X^0	4	24	19
X^1	7	18	17
X^2	2	9	8
X^3	1	1	1
X^4	1	1	1
X^5	4	6	6
X^6	0	0	0
Diff.	11

X^0	4	22	20
X^1	4	12	12
X^2	4	8	6
X^3	2	5	5
X^4	2	2	2
X^5	0	0	0
X^6	2	2	2
Diff.	5

X^0	1	8	7
X^1	2	6	5
X^2	1	4	3
X^3	2	2	2
X^4	2	3	2
X^5	3	3	3
X^6	1	1	1
Diff.	7

X^0	2	35	27
X^1	2	21	18
X^2	2	22	17
X^3	2	17	15
X^4	2	14	11
X^5	2	12	11
X^6	0	0	0
Diff.	4

X^0	5	25	23
X^1	2	22	19
X^2	2	9	5
X^3	2	11	9
X^4	2	2	2
X^5	2	2	2
X^6	1	1	1
Diff.	5

X^0	1	2	1
X^1	3	3	3
X^2	1	1	1
X^3	4	4	4
X^4	4	4	4
X^5	2	2	2
X^6	1	1	1
Diff.	2

X^0	1	11	7
X^1	1	10	9
X^2	2	7	5
X^3	0	5	2
X^4	0	4	0
X^5	0	1	0
X^6	2	2	2
Diff.	0

X^0	4	35	31
X^1	4	28	24
X^2	4	27	21
X^3	4	21	15
X^4	4	23	17
X^5	4	14	6
X^6	4	4	4
Diff.	18

X^0	3	157	154
X^1	3	82	80
X^2	1	76	75
X^3	1	1	1
X^4	1	1	1
X^5	1	1	1
X^6	0	0	0
Diff.	3

X^0	2	15	13
X^1	2	15	13
X^2	1	12	11
X^3	1	14	13
X^4	2	2	2
X^5	0	0	0
X^6	4	4	4
Diff.	1

X^0	2	19	17
X^1	2	17	15
X^2	2	7	5
X^3	2	11	9
X^4	2	2	2
X^5	2	2	2
X^6	1	1	1
Diff.	9

X^0	2	39	37
X^1	2	28	26
X^2	2	2	2
X^3	2	2	2
X^4	1	1	1
X^5	1	1	1
X^6	0	0	0
Diff.	2

X^0	3	132	127
X^1	3	71	67
X^2	3	68	64
X^3	3	69	65
X^4	3	3	3
X^5	3	3	3
X^6	1	1	1
Diff.	8

X^0	1	7	6
X^1	1	5	1
X^2	1	5	4
X^3	2	5	3
X^4	1	2	2
X^5	1	2	1
X^6	0	0	0
Diff.	2

X^0	2	4	2
X^1	2	3	2
X^2	2	3	2
X^3	3	4	3
X^4	4	5	4
X^5	2	2	2
X^6	4	4	4
Diff.	14

X^0	2	15	14
X^1	3	11	11
X^2	2	8	8
X^3	0	10	10
X^4	2	7	5
X^5	1	5	1
X^6	0	0	0
Diff.	2

X^0	4	121	118
X^1	4	104	103
X^2	4	67	66
X^3	4	31	30
X^4	4	61	60
X^5	1	46	44
X^6	1	1	1
Diff.	8

X^0	6	21	20
X^1	1	13	10
X^2	2	10	8
X^3	2	7	4
X^4	0	0	0
X^5	1	1	1
X^6	0	0	0
Diff.	0

X^0	4	10	8
X^1	4	6	4
X^2	4	4	4
X^3	2	6	4
X^4	4	4	4
X^5	1	1	1
X^6	0	0	0
Diff.	11

X^0	2	214	211
X^1	2	159	157
X^2	2	105	101
X^3	3	61	54
X^4	2	56	52
X^5	2	53	49
X^6	2	2	2
Diff.	7

X^0	1	23	20
X^1	0	17	16
X^2	0	14	14
X^3	5	15	15
X^4	0	0	0
X^5	0	0	0
X^6	4	4	4
Diff.	0

X^0	4	29	28
X^1	2	24	23
X^2	2	12	11
X^3	4	14	12
X^4	1	1	1
X^5	1	1	1
X^6	0	0	0
Diff.	4

X^0	0	999	700
X^1	4	996	698
X^2	4	501	494
X^3	4	497	493
X^4	4	4	4
X^5	4	4	4
X^6	2	2	2
Diff.	12

X^0	4	34	30
X^1	4	18	17
X^2	4	4	4
X^3	4	4	4
X^4	1	1	1
X^5	4	4	4
X^6	0	0	0
Diff.	13

X^0	2	108	105
X^1	1	56	53
X^2	1	60	59
X^3	1	57	56
X^4	1	1	1
X^5	0	0	0
X^6	0	0	0
Diff.	1

X^0	0	71	66
X^1	0	70	68
X^2	0	34	30
X^3	0	33	30
X^4	4	4	4
X^5	0	0	0
X^6	11	11	11
Diff.	4

X^0	3	13	13
X^1	5	14	12
X^2	2	5	5
X^3	1	3	3
X^4	0	0	0
X^5	0	0	0
X^6	0	0	0
Diff.	0

X^0	1	16	9
X^1	1	17	10
X^2	1	9	8
X^3	1	9	5
X^4	1	1	1
X^5	1	1	1
X^6	0	0	0
Diff.	4

X^0	3	10	10
X^1	2	11	11
X^2	3	7	7
X^3	3	8	8
X^4	2	5	2
X^5	2	5	4
X^6	0	0	0
Diff.	5

X^0	5	8	6
X^1	2	2	2
X^2	2	2	2
X^3	0	0	0
X^4	5	5	5
X^5	1	1	1
X^6	2	2	2
Diff.	4

X^0	4	129	122
X^1	4	95	89
X^2	4	62	57
X^3	4	35	30
X^4	4	37	32
X^5	4	33	28
X^6	4	4	4
Diff.	17

X^0	3	10	5
X^1	4	6	4
X^2	4	4	4
X^3	4	4	4
X^4	2	2	2
X^5	2	2	2
X^6	0	0	0
Diff.	7

X^0	2	37	32
X^1	2	40	34
X^2	1	16	14
X^3	1	12	9
X^4	1	1	1
X^5	1	1	1
X^6	1	1	1
Diff.	9

X^0	2	57	53
X^1	2	51	49
X^2	2	25	23
X^3	2	2	2
X^4	2	2	2
X^5	2	2	2
X^6	1	1	1
Diff.	5

X^0	1	1151	1149
X^1	0	1083	700
X^2	2	553	549
X^3	2	530	526
X^4	2	2	2
X^5	2	2	2
X^6	0	0	0
Diff.	105

X^0	1	8	6
X^1	1	7	2
X^2	1	5	4
X^3	1	3	1
X^4	1	1	1
X^5	0	0	0
X^6	1	1	1
Diff.	10

X^0	3	16	12
X^1	4	16	15
X^2	4	5	4
X^3	3	3	3
X^4	1	1	1
X^5	0	0	0
X^6	1	1	1
Diff.	5

X^0	4	12	11
X^1	2	6	5
X^2	1	2	1
X^3	1	1	1
X^4	1	1	1
X^5	0	0	0
X^6	0	0	0
Diff.	5

X^0	0	52	51
X^1	1	51	47
X^2	0	3	0
X^3	1	1	1
X^4	0	0	0
X^5	3	3	3
X^6	1	1	1
Diff.	4

X^0	2	13	8
X^1	1	10	8
X^2	6	11	10
X^3	2	4	2
X^4	2	2	2
X^5	4	4	4
X^6	1	1	1
Diff.	9

X^0	8	69	66
X^1	5	64	61
X^2	3	41	39
X^3	4	26	24
X^4	2	2	2
X^5	2	2	2
X^6	0	0	0
Diff.	8

X^0	2	65	65
X^1	1	41	41
X^2	5	37	37
X^3	2	17	11
X^4	0	4	1
X^5	0	7	6
X^6	0	0	0
Diff.	2

X^0	2	288	286
X^1	3	285	283
X^2	2	143	139
X^3	2	139	138
X^4	2	2	2
X^5	1	1	1
X^6	1	1	1
Diff.	6

X^0	3	84	81
X^1	3	82	78
X^2	3	38	35
X^3	3	42	38
X^4	3	5	3
X^5	3	3	3
X^6	0	0	0
Diff.	12

X^0	2	14	12
X^1	5	15	13
X^2	2	6	4
X^3	2	2	2
X^4	2	2	2
X^5	2	2	2
X^6	0	0	0
Diff.	9

X^0	2	126	122
X^1	2	108	105
X^2	2	61	58
X^3	2	43	41
X^4	3	3	3
X^5	2	2	2
X^6	3	3	3
Diff.	36

X^0	1	3	1
X^1	1	2	1
X^2	2	2	2
X^3	3	3	3
X^4	1	1	1
X^5	1	1	1
X^6	0	0	0
Diff.	4

X^0	3	124	121
X^1	4	122	117
X^2	2	62	59
X^3	2	60	58
X^4	2	2	2
X^5	1	1	1
X^6	0	0	0
Diff.	3

X^0	4	25	20
X^1	2	26	22
X^2	2	6	4
X^3	2	6	3
X^4	2	2	2
X^5	2	2	2
X^6	0	0	0
Diff.	4

X^0	4	151	144
X^1	4	152	143
X^2	4	79	72
X^3	4	72	64
X^4	4	4	4
X^5	7	7	7
X^6	1	1	1
Diff.	9

X^0	5	17	12
X^1	2	11	9
X^2	2	6	2
X^3	2	4	2
X^4	3	3	3
X^5	2	2	2
X^6	3	3	3
Diff.	6

X^0	3	99	92
X^1	3	101	95
X^2	3	54	52
X^3	3	55	53
X^4	1	1	1
X^5	2	2	2
X^6	0	0	0
Diff.	3

X^0	6	17	14
X^1	1	15	7
X^2	1	2	1
X^3	2	3	2
X^4	2	2	2
X^5	1	1	1
X^6	0	0	0
Diff.	1

X^0	4	17	14
X^1	2	15	15
X^2	4	9	7
X^3	0	6	6
X^4	2	2	2
X^5	0	0	0
X^6	2	2	2
Diff.	1

X^0	1	131	127
X^1	1	73	72
X^2	2	72	69
X^3	0	49	46
X^4	0	0	0
X^5	3	3	3
X^6	0	0	0
Diff.	0

X^0	3	30	23
X^1	3	22	19
X^2	3	15	9
X^3	3	9	6
X^4	3	6	3
X^5	4	7	4
X^6	3	3	3
Diff.	18

X^0	1	161	157
X^1	1	87	82
X^2	2	85	82
X^3	3	3	3
X^4	0	0	0
X^5	2	2	2
X^6	0	0	0
Diff.	4

X^0	2	5	4
X^1	2	4	4
X^2	3	3	3
X^3	4	4	4
X^4	0	0	0
X^5	2	2	2
X^6	1	1	1
Diff.	4

X^0	7	152	145
X^1	7	153	146
X^2	7	68	61
X^3	7	77	70
X^4	7	10	7
X^5	7	7	7
X^6	0	0	0
Diff.	30

X^0	2	35	32
X^1	2	34	32
X^2	2	17	15
X^3	2	16	14
X^4	2	2	2
X^5	2	2	2
X^6	3	3	3
Diff.	8

X^0	5	293	288
X^1	5	293	287
X^2	5	166	159
X^3	5	129	123
X^4	5	5	5
X^5	5	5	5
X^6	1	1	1
Diff.	21

X^0	3	579	575
X^1	3	291	284
X^2	5	293	289
X^3	1	287	286
X^4	1	1	1
X^5	1	1	1
X^6	0	0	0
Diff.	11

X^0	3	142	139
X^1	5	129	129
X^2	3	61	56
X^3	0	58	56
X^4	3	3	3
X^5	0	0	0
X^6	4	4	4
Diff.	4

X^0	2	463	462
X^1	1	449	448
X^2	3	205	204
X^3	3	205	204
X^4	1	1	1
X^5	1	1	1
X^6	1	1	1
Diff.	22

X^0	4	9	8
X^1	0	5	4
X^2	0	1	0
X^3	0	0	0
X^4	0	0	0
X^5	3	3	3
X^6	0	0	0
Diff.	0

X^0	2	467	464
X^1	1	245	242
X^2	1	231	228
X^3	4	223	221
X^4	1	1	1
X^5	1	1	1
X^6	0	0	0
Diff.	3

X^0	2	63	63
X^1	2	64	64
X^2	0	39	39
X^3	1	4	1
X^4	0	0	0
X^5	0	0	0
X^6	1	1	1
Diff.	0

X^0	3	258	257
X^1	10	145	144
X^2	7	127	126
X^3	4	20	17
X^4	0	0	0
X^5	0	0	0
X^6	0	0	0
Diff.	1

X^0	2	8	4
X^1	1	7	7
X^2	5	8	5
X^3	0	2	2
X^4	3	3	3
X^5	0	0	0
X^6	1	1	1
Diff.	0

X^0	2	23	20
X^1	2	21	15
X^2	2	6	4
X^3	2	2	2
X^4	2	2	2
X^5	0	0	0
X^6	2	2	2
Diff.	7

X^0	2	13	10
X^1	4	18	14
X^2	2	7	2
X^3	2	7	4
X^4	3	3	3
X^5	3	3	3
X^6	0	0	0
Diff.	12

X^0	2	147	146
X^1	4	128	126
X^2	2	57	54
X^3	3	57	56
X^4	0	0	0
X^5	1	1	1
X^6	5	5	5
Diff.	0

X^0	1	75	74
X^1	1	63	62
X^2	2	30	28
X^3	1	30	29
X^4	1	1	1
X^5	1	1	1
X^6	1	1	1
Diff.	0

X^0	2	213	210
X^1	2	208	205
X^2	7	97	95
X^3	3	92	91
X^4	2	2	2
X^5	1	1	1
X^6	1	1	1
Diff.	2

X^0	2	25	17
X^1	2	21	17
X^2	2	20	16
X^3	2	17	13
X^4	2	6	4
X^5	2	2	2
X^6	0	0	0
Diff.	7

X^0	2	374	373
X^1	2	196	194
X^2	3	175	175
X^3	2	2	2
X^4	2	2	2
X^5	0	0	0
X^6	1	1	1
Diff.	2

X^0	5	37	34
X^1	1	32	27
X^2	1	29	24
X^3	1	22	21
X^4	1	8	7
X^5	1	1	1
X^6	1	1	1
Diff.	3

X^0	1	12	11
X^1	1	5	2
X^2	1	6	6
X^3	1	3	1
X^4	0	2	2
X^5	0	0	0
X^6	0	0	0
Diff.	1

X^0	4	21	19
X^1	4	21	19
X^2	4	16	12
X^3	2	12	10
X^4	4	4	4
X^5	2	2	2
X^6	2	2	2
Diff.	4

X^0	3	6	3
X^1	9	11	11
X^2	2	2	2
X^3	2	4	3
X^4	2	2	2
X^5	0	0	0
X^6	1	1	1
Diff.	1

X^0	1	37	31
X^1	2	27	25
X^2	1	1	1
X^3	4	4	4
X^4	1	1	1
X^5	0	0	0
X^6	0	0	0
Diff.	0

X^0	4	29	28
X^1	4	19	16
X^2	3	7	6
X^3	2	6	5
X^4	1	1	1
X^5	0	0	0
X^6	2	2	2
Diff.	3

X^0	3	146	142
X^1	2	103	99
X^2	2	62	59
X^3	1	31	31
X^4	0	32	31
X^5	1	42	42
X^6	0	0	0
Diff.	3

X^0	2	9	7
X^1	1	5	3
X^2	2	5	3
X^3	1	3	1
X^4	3	3	3
X^5	2	2	2
X^6	2	2	2
Diff.	1

X^0	2	110	104
X^1	1	64	63
X^2	0	55	54
X^3	1	49	48
X^4	1	1	1
X^5	0	0	0
X^6	0	0	0
Diff.	7

X^0	3	7	3
X^1	2	2	2
X^2	2	2	2
X^3	5	5	5
X^4	2	3	2
X^5	1	1	1
X^6	6	6	6
Diff.	3

X^0	2	5	2
X^1	2	6	4
X^2	2	4	2
X^3	2	3	2
X^4	2	2	2
X^5	2	2	2
X^6	0	0	0
Diff.	8

X^0	7	13	10
X^1	4	9	6
X^2	3	3	3
X^3	3	3	3
X^4	3	3	3
X^5	5	5	5
X^6	0	0	0
Diff.	8

X^0	1	35	31
X^1	1	36	32
X^2	1	24	18
X^3	1	15	12
X^4	1	1	1
X^5	3	3	3
X^6	0	0	0
Diff.	4

X^0	3	24	23
X^1	1	16	15
X^2	1	10	5
X^3	1	1	1
X^4	0	0	0
X^5	5	5	5
X^6	6	6	6
Diff.	0

X^0	2	55	52
X^1	5	44	43
X^2	1	35	31
X^3	1	37	33
X^4	0	23	15
X^5	0	13	13
X^6	0	0	0
Diff.	0

X^0	2	11	9
X^1	2	11	4
X^2	2	9	8
X^3	2	9	8
X^4	2	9	9
X^5	0	7	6
X^6	0	0	0
Diff.	6

X^0	0	853	700
X^1	0	827	700
X^2	2	431	428
X^3	2	407	404
X^4	2	14	11
X^5	3	3	3
X^6	1	1	1
Diff.	1

X^0	3	56	55
X^1	2	30	29
X^2	2	29	28
X^3	4	29	28
X^4	1	1	1
X^5	1	1	1
X^6	0	0	0
Diff.	9

X^0	1	12	10
X^1	1	8	6
X^2	2	2	2
X^3	3	4	3
X^4	2	2	2
X^5	3	3	3
X^6	0	0	0
Diff.	0

X^0	2	189	183
X^1	3	185	183
X^2	5	94	92
X^3	2	93	92
X^4	3	3	3
X^5	1	1	1
X^6	0	0	0
Diff.	1

X^0	1	145	142
X^1	1	145	142
X^2	1	47	41
X^3	1	47	46
X^4	1	1	1
X^5	1	1	1
X^6	0	0	0
Diff.	13

X^0	2	32	28
X^1	2	32	23
X^2	2	28	25
X^3	0	23	20
X^4	0	17	17
X^5	0	6	4
X^6	0	0	0
Diff.	4

X^0	2	75	73
X^1	2	44	41
X^2	2	39	37
X^3	2	40	36
X^4	2	2	2
X^5	2	2	2
X^6	5	5	5
Diff.	4

X^0	2	70	67
X^1	6	72	69
X^2	2	38	34
X^3	3	35	32
X^4	3	3	3
X^5	3	3	3
X^6	0	0	0
Diff.	16

X^0	1	44	42
X^1	1	32	31
X^2	1	22	18
X^3	1	14	10
X^4	1	12	11
X^5	1	11	10
X^6	0	0	0
Diff.	3

X^0	3	14	11
X^1	3	9	3
X^2	3	10	7
X^3	3	3	3
X^4	3	3	3
X^5	5	5	5
X^6	1	1	1
Diff.	8

X^0	3	8	4
X^1	3	6	3
X^2	5	5	5
X^3	2	2	2
X^4	4	4	4
X^5	3	3	3
X^6	0	0	0
Diff.	8

X^0	4	53	45
X^1	3	45	41
X^2	2	24	20
X^3	2	8	3
X^4	2	2	2
X^5	3	3	3
X^6	1	1	1
Diff.	6

X^0	1	97	94
X^1	1	55	49
X^2	2	53	50
X^3	1	50	47
X^4	2	2	2
X^5	2	2	2
X^6	0	0	0
Diff.	7

X^0	3	331	330
X^1	3	175	175
X^2	3	175	175
X^3	3	165	165
X^4	1	10	10
X^5	0	0	0
X^6	0	0	0
Diff.	7

X^0	2	203	201
X^1	4	115	113
X^2	2	94	88
X^3	2	2	2
X^4	1	1	1
X^5	1	1	1
X^6	0	0	0
Diff.	1

X^0	1	44	42
X^1	1	21	20
X^2	1	20	19
X^3	1	1	1
X^4	1	1	1
X^5	0	0	0
X^6	3	3	3
Diff.	2

X^0	3	91	89
X^1	3	47	46
X^2	3	41	36
X^3	3	3	3
X^4	0	0	0
X^5	0	0	0
X^6	0	0	0
Diff.	6

X^0	4	24	19
X^1	1	17	16
X^2	1	6	4
X^3	7	17	16
X^4	2	2	2
X^5	1	1	1
X^6	1	1	1
Diff.	1

X^0	4	414	410
X^1	4	405	401
X^2	4	408	404
X^3	4	306	302
X^4	4	208	201
X^5	4	102	98
X^6	4	4	4
Diff.	21

X^0	2	32	25
X^1	2	27	22
X^2	2	8	5
X^3	2	2	2
X^4	2	2	2
X^5	2	2	2
X^6	1	1	1
Diff.	10

X^0	10	406	403
X^1	3	221	218
X^2	3	204	201
X^3	2	200	194
X^4	2	7	5
X^5	2	2	2
X^6	1	1	1
Diff.	6

X^0	5	94	88
X^1	2	51	48
X^2	2	47	44
X^3	6	54	53
X^4	1	1	1
X^5	1	1	1
X^6	0	0	0
Diff.	2

X^0	2	46	44
X^1	6	39	35
X^2	2	13	9
X^3	2	2	2
X^4	2	2	2
X^5	0	0	0
X^6	0	0	0
Diff.	2

X^0	3	323	322
X^1	1	299	298
X^2	5	161	160
X^3	1	144	142
X^4	1	1	1
X^5	1	1	1
X^6	1	1	1
Diff.	22

X^0	1	421	420
X^1	1	417	416
X^2	3	421	420
X^3	1	313	312
X^4	1	209	207
X^5	1	107	106
X^6	1	1	1
Diff.	2

X^0	3	9	8
X^1	3	7	7
X^2	1	4	4
X^3	1	2	1
X^4	1	3	3
X^5	0	1	0
X^6	0	0	0
Diff.	0

X^0	5	114	109
X^1	5	94	93
X^2	5	54	49
X^3	5	34	34
X^4	5	5	5
X^5	0	0	0
X^6	5	5	5
Diff.	28

X^0	1	2	1
X^1	1	4	3
X^2	1	1	1
X^3	1	1	1
X^4	1	1	1
X^5	1	1	1
X^6	0	0	0
Diff.	1

X^0	1	38	36
X^1	1	32	28
X^2	0	18	15
X^3	2	14	12
X^4	2	2	2
X^5	2	2	2
X^6	0	0	0
Diff.	9

X^0	3	54	50
X^1	3	37	34
X^2	3	20	13
X^3	3	20	14
X^4	3	11	5
X^5	3	18	12
X^6	3	3	3
Diff.	14

X^0	2	113	111
X^1	2	59	57
X^2	2	46	42
X^3	2	50	48
X^4	2	2	2
X^5	2	2	2
X^6	1	1	1
Diff.	3

X^0	5	12	7
X^1	8	11	8
X^2	5	5	5
X^3	5	8	5
X^4	2	5	2
X^5	5	5	5
X^6	1	1	1
Diff.	17

X^0	2	70	68
X^1	2	64	61
X^2	2	58	55
X^3	2	61	58
X^4	2	42	39
X^5	2	28	23
X^6	2	2	2
Diff.	9

X^0	4	29	23
X^1	4	21	17
X^2	7	15	11
X^3	4	12	8
X^4	4	4	4
X^5	1	1	1
X^6	0	0	0
Diff.	5

X^0	1	25	24
X^1	1	24	23
X^2	1	7	5
X^3	1	6	6
X^4	2	2	2
X^5	0	0	0
X^6	0	0	0
Diff.	2

X^0	5	63	57
X^1	5	32	27
X^2	5	34	30
X^3	2	30	26
X^4	4	4	4
X^5	4	4	4
X^6	0	0	0
Diff.	12

X^0	10	11	10
X^1	8	8	8
X^2	7	8	7
X^3	10	14	10
X^4	7	9	7
X^5	10	10	10
X^6	2	2	2
Diff.	33

X^0	3	17	13
X^1	3	14	7
X^2	6	14	9
X^3	3	7	4
X^4	3	3	3
X^5	3	3	3
X^6	0	0	0
Diff.	10

X^0	1	10	9
X^1	1	10	7
X^2	1	4	1
X^3	1	1	1
X^4	1	1	1
X^5	5	5	5
X^6	3	3	3
Diff.	0

X^0	3	9	8
X^1	3	4	3
X^2	1	1	1
X^3	1	1	1
X^4	0	0	0
X^5	2	2	2
X^6	0	0	0
Diff.	1

X^0	2	185	182
X^1	2	135	133
X^2	2	90	88
X^3	2	84	82
X^4	2	94	92
X^5	2	52	50
X^6	2	2	2
Diff.	9

X^0	3	59	56
X^1	3	36	34
X^2	2	25	24
X^3	1	13	7
X^4	1	1	1
X^5	1	1	1
X^6	0	0	0
Diff.	2

X^0	1	61	58
X^1	1	54	49
X^2	6	35	26
X^3	3	32	29
X^4	1	1	1
X^5	3	3	3
X^6	1	1	1
Diff.	5

X^0	1	36	35
X^1	2	32	27
X^2	2	18	16
X^3	1	14	12
X^4	1	1	1
X^5	1	1	1
X^6	0	0	0
Diff.	4

Average
X^0	2.88050314465409	106.166666666667	98.4706498951782
X^1	2.60901467505241	85.5199161425576	78.3972746331237
X^2	2.47169811320755	54.3459119496855	51.9926624737945
X^3	2.30817610062893	43.1215932914046	41.3951781970650
X^4	1.98427672955975	8.89937106918239	8.39937106918239
X^5	1.50838574423480	5.48113207547170	5.14779874213836
X^6	1.03773584905660	1.03773584905660	1.03773584905660
Diff:	6.62368972746331

Deviation
X^0	1.83158217066384	173.967178342529	150.571391364632
X^1	1.71781956578137	152.942591145032	126.997236771942
X^2	1.67223467686947	91.1797005219422	90.8752395896669
X^3	1.78785684638353	80.8055868555083	80.4360236280092
X^4	1.63708468926164	26.5733891343695	26.1378950826740
X^5	1.54947509677311	15.5147917645800	15.0213042412549
X^6	1.51672766116690	1.51672766116690	1.51672766116690
Diff:	7.57975792498843

Ratio of success: 0.954000000000000

----

