	Opt.	CR	FP
X^0	2	27	13
X^1	2	27	13
X^2	2	27	10
X^3	1	24	12
X^4	0	24	10
X^5	1	25	13
X^6	2	23	10
X^7	0	18	0

X^0	2	39	21
X^1	2	42	22
X^2	1	35	18
X^3	1	28	11
X^4	1	23	7
X^5	1	23	5
X^6	1	21	6
X^7	1	4	1

X^0	3	358	227
X^1	3	357	227
X^2	3	359	228
X^3	3	360	229
X^4	3	341	227
X^5	1	341	125
X^6	1	223	112
X^7	1	341	125

X^0	1	214	109
X^1	1	214	109
X^2	1	216	108
X^3	1	215	106
X^4	1	210	103
X^5	1	212	106
X^6	1	108	105
X^7	0	116	106

X^0	5	38	16
X^1	5	41	17
X^2	5	43	18
X^3	5	35	11
X^4	5	29	11
X^5	1	26	8
X^6	1	18	1
X^7	1	27	4

X^0	2	230	104
X^1	3	231	105
X^2	2	226	101
X^3	2	200	97
X^4	3	177	96
X^5	2	144	64
X^6	2	76	41
X^7	0	119	43

X^0	5	81	37
X^1	5	83	37
X^2	5	79	38
X^3	5	76	36
X^4	7	73	40
X^5	5	62	28
X^6	1	33	26
X^7	1	47	33

X^0	1	245	122
X^1	0	243	118
X^2	2	243	119
X^3	1	239	116
X^4	1	230	115
X^5	0	223	109
X^6	0	114	100
X^7	0	123	109

X^0	4	28	13
X^1	3	27	12
X^2	2	24	8
X^3	2	21	11
X^4	2	15	5
X^5	2	11	2
X^6	3	9	7
X^7	2	12	6

X^0	2	30	12
X^1	1	25	10
X^2	1	23	6
X^3	1	23	7
X^4	0	20	0
X^5	0	17	0
X^6	2	4	2
X^7	0	20	2

X^0	8	36	22
X^1	4	33	15
X^2	4	36	19
X^3	3	33	16
X^4	3	35	20
X^5	3	32	16
X^6	3	22	17
X^7	3	15	5

X^0	5	58	21
X^1	2	55	17
X^2	3	53	17
X^3	1	37	15
X^4	2	37	17
X^5	2	37	16
X^6	1	23	2
X^7	0	36	16

X^0	3	212	103
X^1	3	217	104
X^2	3	218	107
X^3	3	224	110
X^4	3	217	110
X^5	3	172	65
X^6	4	116	110
X^7	1	162	101

X^0	1	13	4
X^1	1	13	5
X^2	1	12	3
X^3	5	16	7
X^4	1	10	4
X^5	0	10	3
X^6	3	9	5
X^7	0	9	4

X^0	4	37	10
X^1	5	41	20
X^2	4	38	14
X^3	6	37	20
X^4	4	28	14
X^5	3	25	15
X^6	1	14	4
X^7	1	8	1

X^0	3	12	5
X^1	2	7	2
X^2	2	2	2
X^3	2	10	8
X^4	1	13	11
X^5	0	4	2
X^6	7	16	14
X^7	0	9	3

X^0	3	15	7
X^1	3	13	7
X^2	3	15	8
X^3	3	13	4
X^4	2	14	10
X^5	2	13	9
X^6	3	11	8
X^7	0	12	5

X^0	4	79	43
X^1	2	72	36
X^2	3	71	34
X^3	4	68	29
X^4	4	40	32
X^5	1	62	28
X^6	1	34	23
X^7	0	36	28

X^0	1	106	74
X^1	2	112	79
X^2	1	108	80
X^3	4	102	79
X^4	0	104	86
X^5	0	83	80
X^6	0	81	80
X^7	0	83	61

X^0	6	80	42
X^1	5	78	49
X^2	5	79	51
X^3	5	76	47
X^4	5	70	46
X^5	5	69	47
X^6	5	53	43
X^7	0	69	43

X^0	2	363	162
X^1	2	362	161
X^2	1	361	160
X^3	1	308	160
X^4	1	213	112
X^5	1	248	104
X^6	1	148	47
X^7	0	210	107

X^0	4	77	50
X^1	4	80	51
X^2	4	80	52
X^3	4	78	53
X^4	4	78	50
X^5	4	75	38
X^6	4	52	44
X^7	1	59	36

X^0	4	30	16
X^1	4	25	12
X^2	4	24	11
X^3	3	20	9
X^4	1	18	10
X^5	1	14	3
X^6	3	9	5
X^7	2	20	13

X^0	2	25	19
X^1	1	26	20
X^2	2	28	22
X^3	4	27	19
X^4	2	26	17
X^5	1	18	12
X^6	1	23	20
X^7	0	24	18

X^0	6	24	6
X^1	2	21	7
X^2	0	17	5
X^3	4	19	9
X^4	1	15	4
X^5	1	14	2
X^6	1	15	6
X^7	1	15	2

X^0	1	32	15
X^1	1	29	15
X^2	3	26	13
X^3	1	16	7
X^4	0	13	2
X^5	0	5	0
X^6	0	0	0
X^7	0	5	0

X^0	4	146	127
X^1	4	139	122
X^2	4	139	125
X^3	4	143	131
X^4	4	138	127
X^5	4	126	122
X^6	0	132	128
X^7	3	122	114

X^0	1	65	27
X^1	1	67	27
X^2	1	64	26
X^3	1	63	26
X^4	1	42	26
X^5	4	55	26
X^6	6	36	20
X^7	0	42	22

X^0	9	67	28
X^1	6	62	26
X^2	6	64	27
X^3	6	60	25
X^4	7	57	27
X^5	2	54	23
X^6	1	45	21
X^7	1	50	15

X^0	2	18	10
X^1	2	22	15
X^2	4	22	15
X^3	4	21	11
X^4	2	16	6
X^5	2	15	8
X^6	2	16	9
X^7	9	23	16

X^0	1	40	16
X^1	1	46	19
X^2	1	47	20
X^3	2	43	18
X^4	1	45	22
X^5	1	41	22
X^6	2	33	16
X^7	0	25	10

X^0	4	40	17
X^1	3	39	15
X^2	4	40	17
X^3	3	37	16
X^4	1	25	1
X^5	1	25	8
X^6	1	25	5
X^7	1	37	11

X^0	5	45	24
X^1	6	40	18
X^2	3	28	14
X^3	2	25	8
X^4	2	22	2
X^5	1	17	1
X^6	2	2	2
X^7	0	27	9

X^0	3	15	7
X^1	3	15	6
X^2	4	16	5
X^3	3	13	3
X^4	3	14	5
X^5	3	10	4
X^6	4	13	10
X^7	1	14	6

X^0	5	20	12
X^1	5	20	12
X^2	3	20	12
X^3	3	19	12
X^4	2	17	14
X^5	5	20	18
X^6	1	12	10
X^7	2	14	8

X^0	4	215	200
X^1	4	215	199
X^2	4	217	205
X^3	4	217	205
X^4	4	212	195
X^5	4	208	96
X^6	4	71	59
X^7	4	216	102

X^0	2	94	47
X^1	2	97	51
X^2	1	94	48
X^3	1	84	41
X^4	1	77	41
X^5	1	46	27
X^6	2	35	27
X^7	0	57	32

X^0	5	63	36
X^1	5	64	37
X^2	5	63	36
X^3	5	58	30
X^4	5	55	27
X^5	5	52	30
X^6	5	32	27
X^7	1	34	15

X^0	2	18	7
X^1	2	17	7
X^2	2	15	6
X^3	2	7	2
X^4	5	19	11
X^5	2	11	3
X^6	0	6	0
X^7	1	15	6

X^0	2	93	33
X^1	2	91	33
X^2	2	89	33
X^3	2	87	37
X^4	2	70	37
X^5	0	73	36
X^6	0	40	38
X^7	3	65	41

X^0	2	148	98
X^1	5	151	102
X^2	2	147	98
X^3	2	143	106
X^4	1	143	105
X^5	2	111	104
X^6	3	82	81
X^7	8	130	87

X^0	0	39	10
X^1	0	39	15
X^2	0	38	14
X^3	0	37	14
X^4	1	31	14
X^5	4	28	13
X^6	0	15	5
X^7	1	25	10

X^0	3	20	3
X^1	2	17	5
X^2	5	17	9
X^3	2	10	4
X^4	2	9	3
X^5	2	11	6
X^6	2	11	5
X^7	0	8	1

X^0	2	10	2
X^1	2	9	2
X^2	4	11	6
X^3	2	8	4
X^4	1	9	5
X^5	2	8	5
X^6	3	7	3
X^7	1	10	4

X^0	6	323	154
X^1	3	321	154
X^2	4	319	155
X^3	8	320	157
X^4	2	309	142
X^5	2	314	156
X^6	2	161	152
X^7	1	173	151

X^0	3	31	12
X^1	2	27	10
X^2	1	23	9
X^3	2	23	8
X^4	1	23	14
X^5	1	23	10
X^6	0	11	0
X^7	0	14	0

X^0	2	24	4
X^1	2	23	9
X^2	2	21	10
X^3	2	20	11
X^4	4	21	13
X^5	1	17	11
X^6	4	20	13
X^7	2	21	8

X^0	4	47	26
X^1	3	49	26
X^2	5	50	24
X^3	6	41	26
X^4	1	30	18
X^5	1	20	12
X^6	1	20	11
X^7	0	17	5

X^0	4	236	91
X^1	5	240	91
X^2	4	241	91
X^3	5	240	92
X^4	2	170	93
X^5	5	169	80
X^6	0	152	86
X^7	0	65	0

X^0	1	22	7
X^1	0	27	7
X^2	0	35	19
X^3	0	31	9
X^4	0	27	10
X^5	2	27	16
X^6	1	29	17
X^7	0	24	12

X^0	1	81	71
X^1	1	90	79
X^2	1	91	76
X^3	4	91	78
X^4	3	90	76
X^5	3	82	78
X^6	3	80	78
X^7	0	70	56

X^0	2	18	7
X^1	1	18	7
X^2	2	18	6
X^3	1	15	4
X^4	2	12	6
X^5	1	7	2
X^6	4	11	6
X^7	7	17	8

X^0	2	49	28
X^1	1	46	28
X^2	1	40	21
X^3	0	27	11
X^4	0	34	16
X^5	3	35	22
X^6	0	37	17
X^7	0	22	1

X^0	4	12	8
X^1	4	9	5
X^2	4	7	4
X^3	4	11	5
X^4	4	8	4
X^5	4	8	4
X^6	4	4	4
X^7	2	9	6

X^0	0	31	17
X^1	0	26	7
X^2	1	25	9
X^3	0	23	9
X^4	0	23	6
X^5	1	20	2
X^6	5	14	5
X^7	3	26	8

X^0	4	122	70
X^1	4	125	67
X^2	5	123	69
X^3	3	116	66
X^4	5	111	63
X^5	4	106	38
X^6	2	76	70
X^7	0	84	64

X^0	4	102	58
X^1	4	99	56
X^2	4	98	53
X^3	2	95	50
X^4	2	91	50
X^5	2	92	37
X^6	2	61	22
X^7	0	92	33

X^0	6	151	85
X^1	1	142	79
X^2	1	142	76
X^3	1	138	71
X^4	1	107	74
X^5	0	150	84
X^6	1	80	74
X^7	2	94	75

X^0	2	23	14
X^1	2	23	9
X^2	2	24	10
X^3	2	19	8
X^4	11	28	23
X^5	2	17	11
X^6	2	8	2
X^7	2	2	2

X^0	2	9	2
X^1	2	10	3
X^2	2	10	2
X^3	3	10	3
X^4	2	9	3
X^5	3	11	5
X^6	2	6	2
X^7	1	5	1

X^0	1	299	147
X^1	1	300	147
X^2	1	299	146
X^3	3	299	151
X^4	1	294	147
X^5	3	291	151
X^6	3	152	151
X^7	0	152	139

X^0	2	106	55
X^1	0	99	48
X^2	1	93	44
X^3	1	78	43
X^4	2	59	30
X^5	0	49	20
X^6	0	27	0
X^7	0	49	20

X^0	3	36	23
X^1	3	34	16
X^2	3	40	15
X^3	3	40	18
X^4	3	39	19
X^5	3	38	20
X^6	3	25	18
X^7	0	25	11

X^0	3	69	34
X^1	3	68	35
X^2	3	68	36
X^3	3	59	29
X^4	3	49	25
X^5	3	47	28
X^6	4	53	28
X^7	3	48	11

X^0	3	116	92
X^1	3	107	91
X^2	3	112	87
X^3	3	109	94
X^4	3	99	86
X^5	5	103	96
X^6	3	84	81
X^7	1	98	80

X^0	4	45	24
X^1	4	43	24
X^2	4	42	25
X^3	4	33	16
X^4	3	25	15
X^5	3	24	12
X^6	4	29	17
X^7	2	2	2

X^0	0	132	101
X^1	0	126	99
X^2	1	124	100
X^3	3	119	100
X^4	2	107	99
X^5	3	91	81
X^6	1	87	83
X^7	2	107	105

X^0	2	43	14
X^1	1	40	14
X^2	1	38	14
X^3	1	36	18
X^4	1	32	14
X^5	1	31	18
X^6	1	35	21
X^7	0	31	9

X^0	2	44	19
X^1	1	44	19
X^2	4	47	21
X^3	5	47	22
X^4	3	43	20
X^5	3	43	22
X^6	1	23	16
X^7	0	25	17

X^0	5	42	24
X^1	5	40	21
X^2	5	40	22
X^3	5	39	15
X^4	9	41	20
X^5	5	34	14
X^6	5	16	5
X^7	1	31	13

X^0	4	58	33
X^1	0	54	29
X^2	0	53	29
X^3	5	60	34
X^4	1	38	29
X^5	2	35	18
X^6	1	9	2
X^7	0	33	10

X^0	4	21	12
X^1	1	24	14
X^2	1	22	10
X^3	1	17	6
X^4	1	10	4
X^5	1	10	1
X^6	1	6	1
X^7	1	1	1

X^0	3	53	32
X^1	3	41	27
X^2	3	29	22
X^3	3	23	16
X^4	3	21	17
X^5	3	16	7
X^6	3	3	3
X^7	0	16	6

X^0	4	88	61
X^1	4	80	57
X^2	1	67	46
X^3	1	71	36
X^4	1	77	47
X^5	1	72	44
X^6	0	36	35
X^7	0	60	44

X^0	2	52	24
X^1	2	51	24
X^2	1	49	24
X^3	5	52	26
X^4	2	44	23
X^5	1	37	18
X^6	0	19	18
X^7	0	35	18

X^0	2	70	31
X^1	1	64	27
X^2	1	48	27
X^3	1	52	22
X^4	1	44	21
X^5	5	47	29
X^6	1	25	14
X^7	0	34	21

X^0	4	45	21
X^1	5	46	21
X^2	3	43	21
X^3	4	39	22
X^4	5	39	21
X^5	3	32	13
X^6	3	27	8
X^7	0	27	4

X^0	5	35	15
X^1	4	34	14
X^2	2	30	11
X^3	1	30	13
X^4	2	29	15
X^5	2	27	10
X^6	1	25	11
X^7	0	22	7

X^0	2	18	7
X^1	3	19	9
X^2	2	16	8
X^3	2	14	7
X^4	1	10	2
X^5	1	8	1
X^6	2	6	2
X^7	2	11	6

X^0	1	17	10
X^1	1	19	10
X^2	2	19	8
X^3	1	18	7
X^4	1	15	7
X^5	2	19	11
X^6	1	12	8
X^7	0	15	5

X^0	3	159	93
X^1	3	168	98
X^2	3	159	95
X^3	4	168	114
X^4	6	152	98
X^5	6	152	98
X^6	1	97	90
X^7	1	61	28

X^0	3	74	26
X^1	2	82	29
X^2	3	84	35
X^3	2	79	35
X^4	1	62	34
X^5	2	63	27
X^6	0	47	27
X^7	1	60	25

X^0	4	90	42
X^1	6	90	45
X^2	4	79	38
X^3	1	63	33
X^4	1	52	25
X^5	1	51	25
X^6	1	31	13
X^7	0	38	17

X^0	5	245	119
X^1	6	246	120
X^2	6	247	119
X^3	2	246	121
X^4	1	245	121
X^5	1	236	119
X^6	1	124	116
X^7	0	162	112

X^0	4	35	15
X^1	7	33	18
X^2	4	26	10
X^3	2	14	11
X^4	2	21	10
X^5	2	10	5
X^6	2	16	10
X^7	2	2	2

X^0	4	54	20
X^1	2	52	18
X^2	2	48	16
X^3	2	39	18
X^4	0	32	10
X^5	4	37	19
X^6	0	34	14
X^7	0	18	0

X^0	3	170	81
X^1	3	171	82
X^2	4	170	82
X^3	3	130	79
X^4	3	97	46
X^5	3	50	8
X^6	3	58	7
X^7	1	50	1

X^0	2	53	27
X^1	2	52	26
X^2	1	42	21
X^3	1	39	22
X^4	1	30	17
X^5	1	24	9
X^6	0	6	0
X^7	0	32	16

X^0	9	34	20
X^1	1	28	15
X^2	1	23	9
X^3	1	23	12
X^4	1	22	11
X^5	1	16	11
X^6	1	17	4
X^7	1	1	1

X^0	3	118	51
X^1	2	118	50
X^2	1	122	55
X^3	2	121	54
X^4	1	89	42
X^5	1	107	38
X^6	4	89	38
X^7	0	85	39

X^0	8	181	91
X^1	4	177	84
X^2	4	177	88
X^3	2	173	86
X^4	3	154	87
X^5	2	121	65
X^6	0	89	55
X^7	4	90	57

X^0	5	42	25
X^1	5	39	25
X^2	7	39	27
X^3	1	35	20
X^4	5	33	21
X^5	2	25	21
X^6	1	21	20
X^7	0	32	23

X^0	2	36	17
X^1	4	36	17
X^2	2	34	14
X^3	2	33	16
X^4	1	31	19
X^5	1	26	14
X^6	1	22	13
X^7	1	22	7

X^0	3	94	53
X^1	3	95	53
X^2	3	95	47
X^3	3	88	43
X^4	2	87	46
X^5	3	62	50
X^6	3	65	50
X^7	0	37	7

X^0	5	75	30
X^1	5	70	29
X^2	2	71	29
X^3	5	66	26
X^4	5	65	26
X^5	1	63	28
X^6	1	37	26
X^7	0	46	25

X^0	1	92	60
X^1	1	92	58
X^2	2	85	56
X^3	1	77	54
X^4	1	55	28
X^5	1	26	21
X^6	2	29	23
X^7	1	55	23

X^0	3	76	30
X^1	3	76	31
X^2	3	78	34
X^3	3	72	31
X^4	3	68	37
X^5	2	65	34
X^6	1	38	33
X^7	0	44	19

X^0	2	36	17
X^1	1	36	18
X^2	1	36	15
X^3	1	34	16
X^4	1	30	18
X^5	1	20	11
X^6	1	14	7
X^7	5	26	8

X^0	2	109	46
X^1	2	111	55
X^2	2	102	46
X^3	1	78	22
X^4	1	56	13
X^5	1	72	21
X^6	1	57	10
X^7	0	72	22

X^0	8	171	74
X^1	2	174	78
X^2	2	173	84
X^3	2	179	67
X^4	2	132	67
X^5	2	137	65
X^6	2	99	70
X^7	0	141	64

X^0	2	41	16
X^1	2	39	14
X^2	2	39	17
X^3	2	35	12
X^4	2	34	15
X^5	3	30	16
X^6	2	2	2
X^7	3	30	16

X^0	1	14	2
X^1	2	15	6
X^2	1	15	4
X^3	1	15	5
X^4	0	8	7
X^5	1	11	4
X^6	7	15	14
X^7	2	20	7

X^0	6	56	27
X^1	2	45	21
X^2	1	39	21
X^3	1	34	11
X^4	1	24	3
X^5	1	29	7
X^6	2	31	13
X^7	0	33	10

X^0	4	21	8
X^1	2	18	7
X^2	2	17	2
X^3	1	15	8
X^4	0	12	4
X^5	0	10	3
X^6	0	7	1
X^7	0	9	2

X^0	6	58	37
X^1	2	53	24
X^2	1	59	30
X^3	5	65	37
X^4	1	50	25
X^5	3	43	26
X^6	1	38	33
X^7	0	2	0

X^0	3	54	24
X^1	4	52	25
X^2	2	48	21
X^3	1	41	14
X^4	3	53	26
X^5	1	43	15
X^6	1	30	3
X^7	0	40	10

X^0	1	53	23
X^1	1	53	23
X^2	1	54	23
X^3	3	52	22
X^4	1	51	24
X^5	1	46	24
X^6	1	29	24
X^7	4	46	22

X^0	4	160	82
X^1	5	164	85
X^2	4	160	81
X^3	4	159	74
X^4	1	167	83
X^5	4	159	93
X^6	0	85	84
X^7	2	92	84

X^0	4	42	21
X^1	1	37	19
X^2	2	34	13
X^3	1	26	13
X^4	4	31	18
X^5	6	31	19
X^6	5	17	12
X^7	1	20	10

X^0	1	48	32
X^1	2	49	29
X^2	1	40	26
X^3	1	39	28
X^4	1	30	16
X^5	1	32	26
X^6	2	22	20
X^7	0	38	26

X^0	2	89	39
X^1	1	90	39
X^2	2	91	43
X^3	4	87	43
X^4	0	81	41
X^5	4	86	40
X^6	0	44	41
X^7	0	48	40

X^0	6	25	14
X^1	4	23	9
X^2	3	22	11
X^3	3	20	7
X^4	3	17	7
X^5	3	14	5
X^6	3	5	3
X^7	0	11	4

X^0	1	138	69
X^1	1	141	70
X^2	3	146	73
X^3	0	129	69
X^4	0	130	80
X^5	0	115	73
X^6	0	81	80
X^7	4	100	65

X^0	2	25	11
X^1	2	23	11
X^2	3	25	12
X^3	1	22	9
X^4	1	22	9
X^5	0	24	14
X^6	1	18	12
X^7	0	17	8

X^0	1	131	65
X^1	0	127	60
X^2	0	123	55
X^3	1	116	49
X^4	1	107	53
X^5	0	100	52
X^6	0	48	41
X^7	0	72	52

X^0	1	14	8
X^1	1	14	5
X^2	1	13	7
X^3	5	17	11
X^4	1	7	5
X^5	0	11	2
X^6	1	3	1
X^7	1	13	3

X^0	3	55	37
X^1	2	57	37
X^2	4	59	43
X^3	5	55	41
X^4	0	48	39
X^5	0	46	39
X^6	0	39	39
X^7	0	46	26

X^0	2	20	10
X^1	2	21	10
X^2	3	22	10
X^3	9	26	14
X^4	2	15	7
X^5	2	13	2
X^6	2	9	2
X^7	1	13	3

X^0	4	33	22
X^1	2	30	19
X^2	8	31	21
X^3	5	38	20
X^4	1	18	15
X^5	3	27	19
X^6	0	0	0
X^7	1	33	25

X^0	5	44	21
X^1	4	42	20
X^2	2	39	18
X^3	2	39	20
X^4	3	33	21
X^5	2	26	13
X^6	2	19	9
X^7	0	12	2

X^0	4	35	14
X^1	1	28	16
X^2	1	22	12
X^3	1	19	11
X^4	1	15	5
X^5	0	13	4
X^6	1	19	4
X^7	0	0	0

X^0	1	84	36
X^1	6	85	41
X^2	1	78	38
X^3	1	53	33
X^4	1	17	1
X^5	1	1	1
X^6	1	1	1
X^7	0	0	0

X^0	3	75	34
X^1	3	73	31
X^2	4	75	34
X^3	3	74	36
X^4	0	68	31
X^5	2	68	30
X^6	0	38	29
X^7	2	43	27

X^0	6	476	221
X^1	6	472	221
X^2	5	463	221
X^3	1	453	221
X^4	0	454	232
X^5	5	453	232
X^6	0	222	220
X^7	0	248	230

X^0	1	43	12
X^1	1	43	19
X^2	1	41	19
X^3	1	38	19
X^4	1	38	19
X^5	2	28	15
X^6	1	24	15
X^7	1	31	16

X^0	4	35	21
X^1	2	30	15
X^2	2	27	17
X^3	4	25	16
X^4	1	10	8
X^5	0	2	0
X^6	3	5	3
X^7	0	17	15

X^0	1	19	9
X^1	1	15	6
X^2	2	12	4
X^3	1	8	1
X^4	1	9	1
X^5	2	8	2
X^6	2	5	2
X^7	1	8	1

X^0	3	13	9
X^1	3	11	6
X^2	3	11	5
X^3	4	12	6
X^4	1	11	4
X^5	1	13	7
X^6	0	8	0
X^7	2	13	3

X^0	1	176	75
X^1	2	175	75
X^2	7	181	78
X^3	2	171	75
X^4	1	158	75
X^5	1	166	86
X^6	0	79	75
X^7	0	104	88

X^0	2	299	155
X^1	1	302	157
X^2	2	304	157
X^3	1	303	158
X^4	1	303	158
X^5	3	303	158
X^6	0	303	301
X^7	1	161	153

X^0	3	66	43
X^1	3	59	41
X^2	3	54	41
X^3	3	53	15
X^4	3	16	9
X^5	6	67	34
X^6	0	5	0
X^7	2	64	35

X^0	3	22	12
X^1	3	24	13
X^2	3	22	9
X^3	3	17	12
X^4	3	9	4
X^5	3	8	3
X^6	1	11	8
X^7	1	8	4

X^0	4	24	4
X^1	4	24	7
X^2	4	24	7
X^3	2	22	7
X^4	4	26	7
X^5	0	22	6
X^6	1	21	8
X^7	1	21	2

X^0	4	80	39
X^1	2	75	37
X^2	2	74	35
X^3	2	72	33
X^4	2	65	34
X^5	2	59	26
X^6	4	43	39
X^7	0	31	23

X^0	4	69	29
X^1	4	70	32
X^2	2	67	28
X^3	2	62	29
X^4	2	59	29
X^5	2	59	28
X^6	2	35	30
X^7	2	39	29

X^0	3	19	8
X^1	5	19	10
X^2	1	16	7
X^3	1	14	4
X^4	1	4	1
X^5	3	17	7
X^6	1	1	1
X^7	1	15	5

X^0	6	29	11
X^1	2	26	12
X^2	3	26	10
X^3	1	22	11
X^4	1	16	8
X^5	1	12	2
X^6	0	9	0
X^7	1	11	1

X^0	9	41	19
X^1	6	37	15
X^2	8	37	15
X^3	6	37	15
X^4	4	36	16
X^5	3	35	17
X^6	3	26	18
X^7	7	21	13

X^0	1	25	20
X^1	1	25	20
X^2	1	25	19
X^3	2	27	22
X^4	1	25	18
X^5	1	24	20
X^6	1	22	20
X^7	0	18	13

X^0	3	64	29
X^1	3	65	25
X^2	3	52	29
X^3	3	44	32
X^4	3	26	19
X^5	0	50	46
X^6	0	0	0
X^7	2	42	23

X^0	1	250	125
X^1	1	249	124
X^2	1	251	127
X^3	1	250	127
X^4	1	256	135
X^5	4	244	235
X^6	1	130	123
X^7	1	131	113

X^0	4	199	94
X^1	4	201	95
X^2	2	204	95
X^3	2	204	96
X^4	2	150	85
X^5	2	111	58
X^6	2	112	62
X^7	1	117	58

X^0	2	256	129
X^1	4	255	129
X^2	2	253	126
X^3	2	251	126
X^4	1	245	118
X^5	1	245	120
X^6	2	126	121
X^7	1	130	123

X^0	2	37	16
X^1	2	36	14
X^2	4	32	18
X^3	2	26	9
X^4	2	18	4
X^5	2	22	6
X^6	3	16	3
X^7	0	26	8

X^0	3	106	43
X^1	3	107	43
X^2	0	110	45
X^3	3	109	44
X^4	1	87	44
X^5	3	83	42
X^6	0	57	44
X^7	4	81	44

X^0	3	12	4
X^1	4	11	6
X^2	3	10	5
X^3	4	10	6
X^4	3	9	4
X^5	8	13	9
X^6	4	8	5
X^7	1	5	1

X^0	1	118	80
X^1	1	118	77
X^2	1	122	78
X^3	5	126	81
X^4	2	119	77
X^5	1	118	77
X^6	1	81	72
X^7	1	84	41

X^0	3	111	47
X^1	2	111	50
X^2	1	112	52
X^3	1	99	49
X^4	2	92	46
X^5	2	90	46
X^6	1	44	31
X^7	0	67	39

X^0	4	221	100
X^1	4	218	97
X^2	4	199	86
X^3	4	178	105
X^4	4	126	59
X^5	4	149	60
X^6	4	86	31
X^7	0	140	66

X^0	3	78	36
X^1	3	82	36
X^2	3	81	37
X^3	4	86	41
X^4	3	62	30
X^5	3	64	37
X^6	1	66	24
X^7	0	37	0

X^0	4	81	42
X^1	4	81	32
X^2	3	88	41
X^3	4	84	39
X^4	2	86	43
X^5	1	85	39
X^6	1	51	47
X^7	0	45	40

X^0	2	13	7
X^1	1	10	4
X^2	1	7	2
X^3	3	8	3
X^4	1	6	1
X^5	2	4	2
X^6	0	5	0
X^7	0	7	2

X^0	2	36	17
X^1	2	37	16
X^2	0	34	11
X^3	1	33	12
X^4	10	38	22
X^5	1	25	13
X^6	0	29	20
X^7	2	28	12

X^0	3	62	25
X^1	1	61	26
X^2	1	61	26
X^3	1	58	25
X^4	4	59	34
X^5	2	55	27
X^6	1	27	18
X^7	1	33	24

X^0	4	13	10
X^1	3	13	10
X^2	3	13	10
X^3	2	10	6
X^4	4	10	6
X^5	1	8	5
X^6	4	8	5
X^7	0	0	0

X^0	2	69	22
X^1	1	67	22
X^2	3	68	27
X^3	1	57	20
X^4	0	53	25
X^5	0	49	23
X^6	2	49	32
X^7	0	48	17

X^0	4	58	29
X^1	2	54	27
X^2	2	53	28
X^3	2	54	29
X^4	2	54	29
X^5	3	49	30
X^6	1	35	24
X^7	0	33	15

X^0	3	288	172
X^1	3	279	160
X^2	3	270	155
X^3	3	219	153
X^4	3	183	111
X^5	3	132	65
X^6	3	105	101
X^7	0	120	111

X^0	2	176	80
X^1	2	176	79
X^2	3	176	85
X^3	1	169	82
X^4	1	162	82
X^5	1	155	91
X^6	0	130	115
X^7	1	128	57

X^0	2	85	32
X^1	6	87	34
X^2	2	84	34
X^3	2	78	36
X^4	4	70	31
X^5	4	40	34
X^6	0	52	28
X^7	0	5	0

X^0	1	307	158
X^1	1	307	157
X^2	1	290	149
X^3	1	286	144
X^4	0	260	130
X^5	1	275	146
X^6	1	131	129
X^7	0	156	139

X^0	2	74	39
X^1	2	84	41
X^2	2	85	52
X^3	2	85	52
X^4	2	68	54
X^5	1	57	38
X^6	1	35	29
X^7	2	46	43

X^0	4	30	15
X^1	3	30	14
X^2	1	24	13
X^3	1	25	10
X^4	1	21	13
X^5	1	19	11
X^6	1	18	10
X^7	1	23	7

X^0	4	51	16
X^1	3	49	15
X^2	4	43	16
X^3	1	39	15
X^4	2	35	19
X^5	0	39	16
X^6	1	30	9
X^7	0	41	10

X^0	4	26	21
X^1	4	22	19
X^2	2	19	15
X^3	2	18	15
X^4	4	9	5
X^5	2	22	18
X^6	1	3	1
X^7	2	23	18

X^0	2	26	12
X^1	2	25	8
X^2	2	23	11
X^3	3	21	10
X^4	1	22	10
X^5	2	16	9
X^6	1	17	16
X^7	0	14	11

X^0	1	174	83
X^1	1	174	83
X^2	1	173	82
X^3	1	170	75
X^4	4	177	87
X^5	1	170	86
X^6	1	91	78
X^7	5	108	87

X^0	6	42	23
X^1	10	47	27
X^2	5	40	20
X^3	5	38	19
X^4	5	30	13
X^5	5	37	20
X^6	5	30	21
X^7	3	40	17

X^0	5	57	32
X^1	5	57	32
X^2	5	57	32
X^3	5	48	27
X^4	5	29	15
X^5	5	15	5
X^6	4	20	12
X^7	1	31	22

X^0	5	497	260
X^1	5	499	252
X^2	5	493	255
X^3	5	489	255
X^4	5	484	250
X^5	3	455	249
X^6	1	238	232
X^7	5	294	244

X^0	11	40	14
X^1	11	42	16
X^2	11	37	15
X^3	11	31	11
X^4	11	24	11
X^5	2	25	7
X^6	2	15	2
X^7	0	25	8

X^0	3	27	14
X^1	4	29	17
X^2	3	25	17
X^3	3	26	11
X^4	3	24	12
X^5	4	23	13
X^6	3	19	13
X^7	3	12	3

X^0	3	30	13
X^1	3	28	7
X^2	3	28	14
X^3	3	23	10
X^4	1	22	9
X^5	3	26	12
X^6	1	16	13
X^7	3	17	8

X^0	3	85	47
X^1	3	88	53
X^2	3	83	51
X^3	3	79	49
X^4	5	56	52
X^5	3	27	23
X^6	3	27	22
X^7	0	26	16

X^0	3	138	69
X^1	3	134	65
X^2	3	127	64
X^3	3	117	58
X^4	3	113	54
X^5	0	100	59
X^6	1	64	34
X^7	0	72	40

X^0	1	249	157
X^1	2	259	159
X^2	1	254	153
X^3	3	255	153
X^4	3	233	157
X^5	1	229	152
X^6	5	160	160
X^7	0	189	109

X^0	5	138	122
X^1	2	133	116
X^2	1	131	115
X^3	1	128	114
X^4	1	128	116
X^5	1	120	119
X^6	1	121	113
X^7	1	6	1

X^0	1	28	13
X^1	1	23	10
X^2	1	23	9
X^3	1	20	9
X^4	1	18	6
X^5	1	10	3
X^6	1	11	3
X^7	0	4	0

X^0	4	22	11
X^1	4	23	11
X^2	4	26	10
X^3	4	23	9
X^4	4	26	11
X^5	5	21	10
X^6	3	20	3
X^7	3	13	3

X^0	5	44	22
X^1	1	39	19
X^2	1	35	18
X^3	1	30	19
X^4	1	25	10
X^5	1	25	12
X^6	0	26	10
X^7	0	14	0

X^0	2	275	146
X^1	2	274	144
X^2	2	274	145
X^3	2	271	140
X^4	4	270	142
X^5	2	270	140
X^6	2	130	122
X^7	1	147	134

X^0	1	78	35
X^1	1	80	35
X^2	2	81	39
X^3	1	77	35
X^4	1	76	33
X^5	1	74	36
X^6	1	41	37
X^7	2	53	33

X^0	4	32	12
X^1	4	34	14
X^2	4	29	12
X^3	4	26	4
X^4	4	21	8
X^5	4	13	4
X^6	4	12	4
X^7	1	22	9

X^0	1	742	375
X^1	1	745	372
X^2	1	748	377
X^3	1	713	376
X^4	1	674	339
X^5	1	668	338
X^6	2	341	297
X^7	1	378	330

X^0	1	360	214
X^1	2	360	215
X^2	3	360	210
X^3	3	344	215
X^4	3	345	232
X^5	3	338	256
X^6	3	214	185
X^7	3	21	3

X^0	8	15	10
X^1	1	9	5
X^2	1	8	1
X^3	2	8	4
X^4	3	8	3
X^5	1	7	3
X^6	1	6	2
X^7	1	7	2

X^0	5	27	13
X^1	4	28	9
X^2	2	28	14
X^3	2	26	13
X^4	2	25	13
X^5	2	19	10
X^6	0	14	8
X^7	0	21	9

X^0	4	136	67
X^1	2	132	61
X^2	1	135	65
X^3	3	138	69
X^4	1	134	65
X^5	1	115	52
X^6	0	73	71
X^7	2	98	61

X^0	2	30	9
X^1	2	28	11
X^2	4	29	14
X^3	0	21	5
X^4	0	21	7
X^5	0	13	0
X^6	0	0	0
X^7	0	13	0

X^0	2	205	103
X^1	2	205	103
X^2	2	201	100
X^3	3	200	98
X^4	2	188	96
X^5	2	178	88
X^6	2	90	75
X^7	1	103	88

X^0	3	367	183
X^1	4	369	187
X^2	1	365	181
X^3	1	361	179
X^4	1	357	179
X^5	3	357	180
X^6	1	178	172
X^7	0	185	175

X^0	2	337	167
X^1	2	338	171
X^2	3	340	173
X^3	3	337	170
X^4	3	335	171
X^5	3	331	168
X^6	3	182	158
X^7	3	13	3

X^0	3	28	16
X^1	3	26	14
X^2	3	25	9
X^3	3	27	15
X^4	3	27	12
X^5	6	31	16
X^6	1	19	8
X^7	1	18	7

X^0	2	177	90
X^1	8	192	95
X^2	4	189	89
X^3	2	187	85
X^4	2	171	87
X^5	2	154	83
X^6	2	85	83
X^7	1	88	68

X^0	2	19	8
X^1	2	22	8
X^2	2	22	8
X^3	2	24	13
X^4	2	19	13
X^5	2	13	10
X^6	2	13	9
X^7	0	12	2

X^0	4	546	303
X^1	3	545	300
X^2	3	533	305
X^3	3	522	295
X^4	3	455	286
X^5	3	405	283
X^6	3	294	290
X^7	0	354	296

X^0	2	193	91
X^1	1	193	89
X^2	2	193	91
X^3	1	174	90
X^4	1	162	79
X^5	2	155	75
X^6	1	80	52
X^7	2	103	72

X^0	2	14	6
X^1	1	14	6
X^2	5	16	10
X^3	1	10	4
X^4	1	8	2
X^5	1	7	1
X^6	0	9	3
X^7	0	7	0

X^0	1	499	261
X^1	2	500	261
X^2	1	496	259
X^3	1	490	258
X^4	1	474	242
X^5	2	479	257
X^6	8	249	248
X^7	0	265	220

X^0	2	20	6
X^1	3	20	8
X^2	2	16	8
X^3	3	17	10
X^4	1	14	4
X^5	1	8	1
X^6	1	13	4
X^7	0	8	0

X^0	6	47	21
X^1	6	45	21
X^2	6	40	24
X^3	6	36	29
X^4	6	20	13
X^5	1	28	16
X^6	1	6	1
X^7	0	28	21

X^0	3	25	11
X^1	1	25	12
X^2	2	22	12
X^3	0	21	12
X^4	0	15	12
X^5	1	14	5
X^6	0	11	9
X^7	0	18	9

X^0	2	20	6
X^1	2	20	5
X^2	2	20	8
X^3	6	25	15
X^4	2	17	5
X^5	2	16	7
X^6	2	6	4
X^7	3	17	7

X^0	2	40	16
X^1	4	41	18
X^2	1	37	17
X^3	1	37	17
X^4	1	31	15
X^5	1	32	19
X^6	1	23	21
X^7	2	30	18

X^0	5	28	10
X^1	5	21	5
X^2	6	21	6
X^3	2	18	3
X^4	5	15	5
X^5	1	17	5
X^6	1	11	1
X^7	0	16	6

X^0	3	40	21
X^1	3	41	21
X^2	3	38	20
X^3	4	40	22
X^4	3	38	20
X^5	5	36	17
X^6	3	26	20
X^7	0	28	15

X^0	0	21	6
X^1	1	25	7
X^2	0	22	7
X^3	0	20	2
X^4	0	18	1
X^5	0	21	3
X^6	3	23	3
X^7	0	16	0

X^0	3	67	29
X^1	2	64	29
X^2	3	62	27
X^3	10	59	26
X^4	0	47	19
X^5	1	52	28
X^6	1	29	27
X^7	1	41	26

X^0	3	58	31
X^1	1	59	27
X^2	4	62	33
X^3	1	60	25
X^4	2	60	35
X^5	3	57	41
X^6	0	32	28
X^7	0	37	28

X^0	2	89	48
X^1	6	93	52
X^2	2	88	46
X^3	2	90	49
X^4	6	88	47
X^5	0	51	35
X^6	0	6	0
X^7	0	1	0

X^0	3	69	36
X^1	3	71	36
X^2	5	68	38
X^3	2	57	36
X^4	3	40	28
X^5	2	35	19
X^6	2	36	17
X^7	4	50	21

X^0	2	12	3
X^1	2	11	4
X^2	2	9	2
X^3	2	8	4
X^4	0	7	3
X^5	1	3	1
X^6	0	4	0
X^7	1	3	1

X^0	2	36	20
X^1	3	38	21
X^2	2	32	18
X^3	2	27	12
X^4	2	17	2
X^5	0	18	3
X^6	2	17	2
X^7	0	10	0

X^0	3	58	28
X^1	3	57	28
X^2	3	58	29
X^3	3	50	22
X^4	3	45	21
X^5	3	41	21
X^6	3	24	20
X^7	0	35	26

X^0	1	42	27
X^1	4	45	30
X^2	0	38	29
X^3	3	41	28
X^4	0	33	26
X^5	3	34	27
X^6	0	32	29
X^7	5	43	34

X^0	3	50	28
X^1	3	50	24
X^2	3	49	23
X^3	3	50	22
X^4	3	48	25
X^5	3	39	23
X^6	1	27	23
X^7	3	24	9

X^0	3	561	280
X^1	5	565	286
X^2	3	561	280
X^3	3	563	286
X^4	3	562	284
X^5	3	533	275
X^6	3	255	243
X^7	0	292	278

X^0	1	33	19
X^1	1	34	19
X^2	1	36	18
X^3	1	37	17
X^4	0	33	15
X^5	1	31	17
X^6	0	24	12
X^7	1	20	5

X^0	1	15	7
X^1	1	16	10
X^2	2	15	9
X^3	3	17	9
X^4	3	17	11
X^5	2	11	8
X^6	1	7	1
X^7	3	10	3

X^0	2	31	17
X^1	2	33	17
X^2	3	30	14
X^3	2	29	15
X^4	3	31	19
X^5	2	29	17
X^6	3	16	14
X^7	3	26	17

X^0	4	59	25
X^1	5	58	25
X^2	3	55	23
X^3	6	54	25
X^4	0	47	23
X^5	0	44	26
X^6	0	45	32
X^7	1	46	18

X^0	2	93	42
X^1	4	96	47
X^2	2	81	44
X^3	1	73	26
X^4	1	56	19
X^5	1	66	19
X^6	1	55	16
X^7	0	65	14

X^0	3	1023	470
X^1	0	1023	469
X^2	1	1021	471
X^3	0	1019	471
X^4	2	946	472
X^5	0	943	471
X^6	3	480	475
X^7	9	564	475

X^0	6	119	36
X^1	4	117	35
X^2	5	111	33
X^3	3	83	35
X^4	1	81	53
X^5	3	75	72
X^6	1	56	35
X^7	0	74	38

X^0	6	194	100
X^1	5	181	92
X^2	5	169	87
X^3	5	152	86
X^4	5	122	68
X^5	1	115	63
X^6	1	84	63
X^7	1	69	30

X^0	3	39	27
X^1	3	37	23
X^2	3	36	18
X^3	3	25	12
X^4	1	29	12
X^5	1	13	1
X^6	1	1	1
X^7	1	1	1

X^0	3	361	178
X^1	3	361	181
X^2	3	360	180
X^3	3	363	183
X^4	3	360	182
X^5	3	324	240
X^6	2	185	179
X^7	1	195	175

X^0	2	26	15
X^1	4	31	20
X^2	4	32	21
X^3	5	29	18
X^4	3	28	17
X^5	5	22	11
X^6	3	12	7
X^7	4	14	9

X^0	2	17	10
X^1	2	14	8
X^2	1	13	8
X^3	1	8	7
X^4	2	13	7
X^5	0	3	0
X^6	0	4	0
X^7	0	3	0

X^0	2	16	9
X^1	2	9	3
X^2	2	7	2
X^3	2	8	2
X^4	3	6	3
X^5	3	7	3
X^6	0	1	0
X^7	3	14	7

X^0	7	18	7
X^1	7	15	7
X^2	6	12	6
X^3	4	8	4
X^4	3	10	3
X^5	2	8	2
X^6	3	3	3
X^7	4	14	5

X^0	9	241	97
X^1	9	238	94
X^2	9	237	91
X^3	9	217	89
X^4	9	152	72
X^5	2	186	76
X^6	2	121	60
X^7	0	148	78

X^0	2	177	87
X^1	2	177	86
X^2	3	170	80
X^3	2	169	87
X^4	2	167	81
X^5	2	144	87
X^6	2	90	87
X^7	1	67	53

X^0	7	99	49
X^1	5	97	47
X^2	7	92	38
X^3	7	69	42
X^4	2	58	21
X^5	4	47	16
X^6	4	36	9
X^7	0	50	23

X^0	2	71	31
X^1	2	72	32
X^2	2	65	29
X^3	2	65	29
X^4	2	58	23
X^5	2	55	23
X^6	0	37	21
X^7	0	8	0

X^0	3	17	9
X^1	3	20	12
X^2	3	22	15
X^3	3	18	10
X^4	3	16	13
X^5	3	15	12
X^6	3	15	11
X^7	1	1	1

X^0	1	133	60
X^1	1	133	60
X^2	1	106	57
X^3	1	96	60
X^4	1	84	70
X^5	1	76	33
X^6	1	1	1
X^7	0	98	54

X^0	2	48	20
X^1	1	50	22
X^2	1	49	23
X^3	0	38	20
X^4	0	33	15
X^5	0	38	12
X^6	0	27	11
X^7	0	36	10

X^0	4	30	11
X^1	5	36	16
X^2	3	31	12
X^3	2	28	12
X^4	2	27	13
X^5	2	20	12
X^6	4	21	16
X^7	0	25	11

X^0	4	67	30
X^1	3	64	26
X^2	2	61	26
X^3	2	58	25
X^4	2	55	25
X^5	2	51	22
X^6	2	32	24
X^7	0	44	23

X^0	2	13	7
X^1	3	14	7
X^2	1	13	6
X^3	2	16	9
X^4	3	18	10
X^5	3	14	7
X^6	2	12	6
X^7	1	7	1

X^0	1	26	15
X^1	1	27	16
X^2	3	21	9
X^3	0	16	3
X^4	2	15	6
X^5	2	8	2
X^6	0	0	0
X^7	2	8	2

X^0	3	98	52
X^1	4	99	51
X^2	4	96	48
X^3	3	100	52
X^4	1	91	42
X^5	1	88	41
X^6	1	48	41
X^7	0	47	38

X^0	2	84	31
X^1	2	83	31
X^2	5	87	32
X^3	2	59	27
X^4	3	58	25
X^5	1	19	1
X^6	1	28	1
X^7	0	19	0

X^0	3	47	29
X^1	3	47	28
X^2	3	47	31
X^3	1	47	28
X^4	3	46	30
X^5	1	46	29
X^6	1	17	15
X^7	2	41	29

X^0	1	13	8
X^1	1	12	8
X^2	2	12	9
X^3	1	6	3
X^4	4	11	9
X^5	0	5	1
X^6	1	3	2
X^7	2	7	5

X^0	1	89	38
X^1	1	89	38
X^2	0	83	37
X^3	2	77	36
X^4	2	72	35
X^5	1	75	35
X^6	0	42	34
X^7	0	50	30

X^0	2	227	118
X^1	1	224	115
X^2	0	223	114
X^3	1	224	115
X^4	0	224	115
X^5	0	223	114
X^6	0	123	119
X^7	1	165	111

X^0	1	90	44
X^1	1	90	44
X^2	3	90	41
X^3	1	84	44
X^4	1	82	46
X^5	1	74	44
X^6	0	44	40
X^7	2	39	24

X^0	6	29	17
X^1	5	28	16
X^2	2	24	12
X^3	2	20	4
X^4	0	8	0
X^5	5	17	12
X^6	1	8	5
X^7	0	19	6

X^0	4	309	243
X^1	4	310	240
X^2	3	308	242
X^3	1	296	235
X^4	1	237	170
X^5	3	180	178
X^6	1	240	154
X^7	1	81	1

X^0	4	65	49
X^1	4	64	47
X^2	2	58	44
X^3	2	54	40
X^4	2	52	44
X^5	2	54	48
X^6	2	54	48
X^7	2	31	15

X^0	5	370	172
X^1	2	364	165
X^2	4	365	169
X^3	3	357	166
X^4	6	332	163
X^5	3	327	163
X^6	3	163	156
X^7	0	204	159

X^0	8	27	9
X^1	8	26	10
X^2	8	23	10
X^3	8	16	8
X^4	8	13	8
X^5	8	8	8
X^6	8	12	8
X^7	8	8	8

X^0	2	52	30
X^1	2	50	28
X^2	2	49	32
X^3	1	38	14
X^4	1	43	5
X^5	1	22	1
X^6	1	27	1
X^7	0	22	0

X^0	8	27	13
X^1	3	20	5
X^2	3	23	8
X^3	3	18	6
X^4	3	17	5
X^5	3	16	6
X^6	0	19	7
X^7	0	0	0

X^0	2	14	8
X^1	3	13	7
X^2	2	10	5
X^3	2	3	2
X^4	3	3	3
X^5	3	5	3
X^6	4	5	4
X^7	2	10	6

X^0	3	13	5
X^1	3	10	3
X^2	2	10	4
X^3	4	12	5
X^4	1	6	1
X^5	4	14	4
X^6	1	8	2
X^7	0	4	0

X^0	8	27	8
X^1	8	29	11
X^2	8	30	13
X^3	8	26	10
X^4	8	23	10
X^5	6	21	10
X^6	2	25	10
X^7	0	21	3

X^0	2	20	11
X^1	1	21	9
X^2	2	22	12
X^3	1	21	12
X^4	3	19	9
X^5	0	12	6
X^6	3	8	4
X^7	1	15	10

X^0	3	320	155
X^1	3	318	154
X^2	3	301	154
X^3	3	274	136
X^4	3	243	134
X^5	3	193	108
X^6	3	115	111
X^7	0	163	129

X^0	2	38	12
X^1	1	33	12
X^2	2	31	13
X^3	0	26	7
X^4	2	27	14
X^5	2	19	2
X^6	2	26	13
X^7	0	19	1

X^0	2	90	47
X^1	3	91	50
X^2	2	91	51
X^3	6	95	56
X^4	2	88	45
X^5	2	84	46
X^6	2	48	45
X^7	1	72	43

X^0	2	191	93
X^1	2	192	93
X^2	2	189	87
X^3	2	189	92
X^4	2	185	93
X^5	1	179	95
X^6	0	87	84
X^7	1	108	92

X^0	2	541	274
X^1	5	544	277
X^2	6	534	270
X^3	2	523	262
X^4	5	496	253
X^5	3	493	253
X^6	3	246	226
X^7	0	276	246

X^0	2	70	34
X^1	2	72	37
X^2	2	69	34
X^3	2	57	29
X^4	4	48	25
X^5	4	41	25
X^6	2	36	23
X^7	0	34	11

X^0	2	140	66
X^1	5	138	70
X^2	5	135	68
X^3	6	129	63
X^4	5	66	54
X^5	2	111	62
X^6	2	49	38
X^7	0	76	58

X^0	4	30	11
X^1	4	29	13
X^2	4	30	18
X^3	4	24	17
X^4	3	22	17
X^5	5	24	18
X^6	4	12	7
X^7	0	20	9

X^0	2	14	6
X^1	2	13	2
X^2	2	11	5
X^3	2	16	6
X^4	2	11	5
X^5	2	3	2
X^6	2	8	5
X^7	1	1	1

X^0	4	157	115
X^1	1	158	116
X^2	1	161	127
X^3	1	150	115
X^4	1	159	126
X^5	1	120	117
X^6	0	130	125
X^7	0	0	0

X^0	2	330	163
X^1	2	330	164
X^2	2	331	163
X^3	2	331	166
X^4	3	328	165
X^5	3	325	160
X^6	1	164	159
X^7	2	175	159

X^0	4	45	20
X^1	2	38	15
X^2	2	38	22
X^3	2	35	17
X^4	3	33	22
X^5	2	23	20
X^6	2	22	19
X^7	0	28	15

X^0	3	34	17
X^1	2	28	14
X^2	2	26	11
X^3	6	27	14
X^4	2	25	11
X^5	2	17	5
X^6	4	14	7
X^7	0	20	11

X^0	1	21	16
X^1	2	21	14
X^2	2	21	18
X^3	4	22	19
X^4	4	21	16
X^5	4	16	11
X^6	1	9	6
X^7	0	12	9

X^0	1	69	36
X^1	1	78	38
X^2	1	76	36
X^3	0	70	38
X^4	0	67	36
X^5	0	67	39
X^6	0	38	36
X^7	1	56	35

X^0	5	267	132
X^1	5	267	133
X^2	5	268	132
X^3	5	266	131
X^4	5	262	130
X^5	5	244	127
X^6	5	117	111
X^7	1	143	125

X^0	4	373	181
X^1	2	373	177
X^2	6	377	187
X^3	2	369	181
X^4	2	367	183
X^5	2	361	176
X^6	0	185	181
X^7	2	197	179

X^0	8	42	12
X^1	8	38	16
X^2	12	41	16
X^3	5	31	11
X^4	2	27	3
X^5	2	19	3
X^6	1	19	1
X^7	2	16	2

X^0	1	186	85
X^1	1	184	87
X^2	3	189	88
X^3	1	183	86
X^4	1	177	85
X^5	2	174	89
X^6	3	100	88
X^7	1	11	1

X^0	6	40	19
X^1	5	36	16
X^2	5	35	16
X^3	5	38	21
X^4	3	29	23
X^5	5	27	21
X^6	5	25	19
X^7	0	20	15

X^0	3	192	124
X^1	2	196	120
X^2	3	196	124
X^3	2	189	120
X^4	2	189	112
X^5	0	183	95
X^6	0	93	90
X^7	0	142	89

X^0	3	322	157
X^1	3	325	161
X^2	3	301	164
X^3	3	270	136
X^4	0	220	136
X^5	1	297	163
X^6	1	169	168
X^7	3	159	133

X^0	1	14	6
X^1	1	13	6
X^2	1	10	5
X^3	1	9	4
X^4	0	1	0
X^5	0	4	0
X^6	2	8	2
X^7	0	8	4

X^0	2	228	112
X^1	1	227	109
X^2	1	218	111
X^3	1	216	104
X^4	1	194	105
X^5	1	198	105
X^6	0	106	96
X^7	3	138	93

X^0	1	46	21
X^1	1	45	20
X^2	2	48	23
X^3	4	43	19
X^4	2	36	14
X^5	5	42	23
X^6	2	22	17
X^7	6	33	24

X^0	2	30	9
X^1	2	28	12
X^2	2	19	8
X^3	0	11	2
X^4	1	1	1
X^5	0	8	0
X^6	0	0	0
X^7	2	20	9

X^0	2	85	46
X^1	2	85	46
X^2	1	84	41
X^3	2	82	43
X^4	2	39	32
X^5	2	46	43
X^6	0	2	0
X^7	1	47	44

X^0	1	33	18
X^1	1	38	18
X^2	1	36	16
X^3	3	41	21
X^4	0	34	14
X^5	3	33	20
X^6	0	25	19
X^7	0	24	14

X^0	2	50	25
X^1	2	50	25
X^2	2	53	30
X^3	4	50	23
X^4	2	39	18
X^5	1	43	21
X^6	1	29	18
X^7	0	39	18

X^0	3	48	27
X^1	3	52	27
X^2	3	45	22
X^3	3	31	15
X^4	5	20	14
X^5	3	29	15
X^6	2	2	2
X^7	0	38	24

X^0	6	43	23
X^1	5	42	21
X^2	5	44	23
X^3	3	37	16
X^4	3	32	15
X^5	3	31	21
X^6	3	19	8
X^7	0	23	11

X^0	2	37	11
X^1	2	36	6
X^2	2	32	12
X^3	2	35	11
X^4	2	31	8
X^5	2	33	10
X^6	2	25	8
X^7	0	25	7

X^0	3	45	28
X^1	3	47	29
X^2	3	44	24
X^3	3	45	24
X^4	3	43	25
X^5	1	32	12
X^6	1	17	2
X^7	1	32	12

X^0	4	142	75
X^1	2	140	71
X^2	3	139	79
X^3	2	127	78
X^4	2	108	67
X^5	3	69	60
X^6	3	83	66
X^7	2	5	2

X^0	4	281	152
X^1	3	280	150
X^2	2	279	147
X^3	2	285	147
X^4	2	286	139
X^5	2	273	136
X^6	0	151	130
X^7	0	3	0

X^0	4	51	29
X^1	4	55	28
X^2	4	55	28
X^3	4	51	30
X^4	4	49	28
X^5	4	43	22
X^6	4	30	24
X^7	0	28	16

X^0	1	57	20
X^1	1	54	20
X^2	8	64	25
X^3	1	58	24
X^4	1	50	23
X^5	1	40	22
X^6	1	37	22
X^7	0	37	10

X^0	5	202	69
X^1	3	213	81
X^2	3	191	71
X^3	5	183	81
X^4	1	162	68
X^5	1	127	55
X^6	1	144	57
X^7	2	159	59

X^0	3	49	22
X^1	3	47	25
X^2	3	40	18
X^3	3	40	22
X^4	4	21	17
X^5	2	10	2
X^6	0	0	0
X^7	0	1	0

X^0	2	108	87
X^1	1	104	84
X^2	1	100	84
X^3	1	96	83
X^4	1	93	83
X^5	1	86	78
X^6	0	63	54
X^7	1	86	78

X^0	1	20	9
X^1	1	21	12
X^2	2	21	10
X^3	0	20	13
X^4	1	22	8
X^5	3	21	15
X^6	1	15	10
X^7	1	15	7

X^0	4	21	7
X^1	4	25	13
X^2	4	22	10
X^3	4	18	9
X^4	4	19	11
X^5	0	15	8
X^6	1	10	4
X^7	2	19	9

X^0	3	28	15
X^1	1	24	10
X^2	1	22	15
X^3	1	13	10
X^4	1	12	9
X^5	1	8	3
X^6	0	2	0
X^7	0	5	0

X^0	2	70	51
X^1	4	72	54
X^2	2	67	49
X^3	4	57	53
X^4	6	52	47
X^5	4	30	24
X^6	0	28	26
X^7	4	22	19

X^0	3	14	5
X^1	3	10	3
X^2	3	7	3
X^3	4	7	4
X^4	1	5	1
X^5	1	10	4
X^6	0	0	0
X^7	1	10	4

X^0	3	147	67
X^1	3	150	70
X^2	3	149	68
X^3	3	150	73
X^4	3	131	73
X^5	3	117	61
X^6	3	58	35
X^7	4	89	58

X^0	2	7	3
X^1	2	7	3
X^2	3	8	3
X^3	4	8	5
X^4	1	5	3
X^5	0	5	0
X^6	3	7	3
X^7	1	4	1

X^0	3	105	66
X^1	3	105	65
X^2	5	108	70
X^3	3	99	66
X^4	3	77	48
X^5	3	50	46
X^6	1	65	63
X^7	1	69	41

X^0	1	59	27
X^1	1	51	20
X^2	1	45	18
X^3	1	42	16
X^4	1	28	18
X^5	1	5	1
X^6	1	1	1
X^7	0	5	0

X^0	1	497	253
X^1	2	500	257
X^2	1	498	255
X^3	1	492	248
X^4	1	487	250
X^5	1	475	240
X^6	1	262	229
X^7	1	15	1

X^0	1	96	48
X^1	1	95	43
X^2	2	100	53
X^3	1	95	43
X^4	3	66	54
X^5	1	61	35
X^6	0	59	29
X^7	0	13	0

X^0	4	390	198
X^1	3	386	194
X^2	2	383	191
X^3	1	383	191
X^4	2	378	187
X^5	2	371	186
X^6	1	191	184
X^7	2	197	187

X^0	1	41	20
X^1	4	41	20
X^2	4	40	20
X^3	4	38	19
X^4	4	26	20
X^5	3	32	17
X^6	1	1	1
X^7	0	32	17

X^0	4	1219	505
X^1	2	1219	501
X^2	2	1210	501
X^3	3	1214	496
X^4	2	974	492
X^5	1	979	490
X^6	2	492	488
X^7	1	732	487

X^0	4	25	13
X^1	6	27	15
X^2	3	21	9
X^3	6	22	9
X^4	1	15	3
X^5	2	6	2
X^6	2	7	2
X^7	0	6	0

X^0	3	35	14
X^1	3	35	13
X^2	3	36	12
X^3	3	34	12
X^4	3	27	8
X^5	5	31	13
X^6	0	23	7
X^7	1	26	7

X^0	2	9	2
X^1	4	14	6
X^2	2	11	5
X^3	2	11	2
X^4	2	11	4
X^5	2	10	3
X^6	5	14	10
X^7	0	9	3

X^0	3	1001	573
X^1	3	997	573
X^2	3	992	572
X^3	3	988	571
X^4	0	990	565
X^5	1	991	503
X^6	0	500	497
X^7	1	644	492

X^0	3	26	12
X^1	3	24	9
X^2	3	23	9
X^3	3	24	10
X^4	3	25	11
X^5	1	19	1
X^6	2	20	3
X^7	0	20	5

X^0	3	9	4
X^1	2	9	5
X^2	2	10	5
X^3	2	9	5
X^4	2	9	5
X^5	2	8	4
X^6	2	5	2
X^7	2	2	2

X^0	4	24	9
X^1	2	20	6
X^2	2	20	2
X^3	3	20	6
X^4	0	17	5
X^5	0	17	4
X^6	0	17	6
X^7	0	17	4

X^0	2	83	36
X^1	2	74	29
X^2	2	79	34
X^3	2	75	30
X^4	2	74	41
X^5	2	44	34
X^6	1	36	23
X^7	0	56	35

X^0	2	209	196
X^1	3	210	195
X^2	1	209	193
X^3	4	205	195
X^4	1	198	192
X^5	0	204	199
X^6	0	189	186
X^7	0	204	199

X^0	2	45	30
X^1	2	39	26
X^2	2	37	29
X^3	2	33	20
X^4	2	23	10
X^5	2	3	2
X^6	2	2	2
X^7	1	23	8

X^0	2	60	25
X^1	1	58	27
X^2	1	56	27
X^3	1	54	27
X^4	1	48	21
X^5	1	42	21
X^6	0	26	16
X^7	0	4	0

X^0	4	22	12
X^1	4	19	10
X^2	5	23	15
X^3	4	14	12
X^4	4	18	12
X^5	1	15	9
X^6	2	12	10
X^7	4	23	13

X^0	2	46	23
X^1	3	48	25
X^2	2	49	26
X^3	1	46	23
X^4	2	39	27
X^5	1	40	17
X^6	1	20	17
X^7	1	25	20

X^0	4	34	10
X^1	4	33	10
X^2	4	29	10
X^3	4	26	17
X^4	4	24	11
X^5	4	26	17
X^6	4	15	9
X^7	3	30	10

X^0	2	37	15
X^1	2	37	11
X^2	2	33	16
X^3	2	22	11
X^4	2	22	8
X^5	3	24	7
X^6	4	26	11
X^7	0	21	5

X^0	6	15	8
X^1	5	16	8
X^2	4	12	4
X^3	4	10	5
X^4	2	12	7
X^5	1	11	3
X^6	0	0	0
X^7	6	16	9

X^0	4	81	29
X^1	3	79	28
X^2	1	75	27
X^3	2	68	28
X^4	1	53	26
X^5	1	37	25
X^6	3	42	23
X^7	1	30	6

X^0	1	27	16
X^1	1	27	11
X^2	7	31	17
X^3	3	14	8
X^4	4	15	9
X^5	3	17	9
X^6	1	1	1
X^7	0	12	4

X^0	6	54	24
X^1	2	49	16
X^2	2	50	18
X^3	2	46	19
X^4	3	44	17
X^5	0	43	13
X^6	0	37	11
X^7	0	31	5

X^0	3	11	3
X^1	3	12	7
X^2	2	12	6
X^3	2	13	8
X^4	4	15	10
X^5	2	9	2
X^6	2	8	5
X^7	0	7	3

X^0	4	115	55
X^1	2	109	48
X^2	4	107	47
X^3	4	104	49
X^4	4	103	49
X^5	2	100	47
X^6	1	50	45
X^7	3	61	52

X^0	1	345	175
X^1	1	348	175
X^2	2	353	170
X^3	1	342	165
X^4	1	333	165
X^5	1	316	160
X^6	1	164	160
X^7	0	169	152

X^0	1	17	8
X^1	1	17	9
X^2	1	16	4
X^3	1	19	1
X^4	3	21	9
X^5	1	14	8
X^6	1	8	1
X^7	0	7	0

X^0	1	29	7
X^1	3	32	9
X^2	3	31	11
X^3	1	28	8
X^4	1	28	9
X^5	1	24	9
X^6	0	23	8
X^7	0	21	2

X^0	2	12	2
X^1	2	12	2
X^2	2	10	2
X^3	4	12	4
X^4	1	8	1
X^5	2	10	4
X^6	0	4	0
X^7	4	9	4

X^0	2	56	26
X^1	2	57	21
X^2	2	56	26
X^3	2	55	27
X^4	2	51	25
X^5	2	28	20
X^6	1	29	21
X^7	1	1	1

X^0	1	86	42
X^1	1	87	40
X^2	1	85	38
X^3	1	84	41
X^4	1	66	37
X^5	1	42	37
X^6	1	55	26
X^7	1	30	1

X^0	2	254	126
X^1	2	253	125
X^2	6	256	128
X^3	5	251	122
X^4	1	217	121
X^5	1	214	89
X^6	1	126	122
X^7	0	132	123

X^0	4	31	14
X^1	1	27	13
X^2	0	24	13
X^3	0	22	12
X^4	0	21	7
X^5	0	21	11
X^6	0	16	14
X^7	0	15	5

X^0	2	176	86
X^1	2	177	85
X^2	2	166	87
X^3	2	159	84
X^4	2	137	84
X^5	2	102	76
X^6	1	62	56
X^7	0	112	67

X^0	3	42	29
X^1	2	39	28
X^2	4	41	30
X^3	2	36	20
X^4	2	35	18
X^5	2	33	7
X^6	2	12	2
X^7	2	39	13

X^0	7	112	52
X^1	7	110	56
X^2	7	109	55
X^3	7	103	56
X^4	7	98	47
X^5	7	87	28
X^6	7	59	40
X^7	1	74	50

X^0	1	396	202
X^1	2	397	202
X^2	3	398	203
X^3	1	396	200
X^4	0	394	197
X^5	0	394	198
X^6	1	201	200
X^7	1	202	199

X^0	3	28	13
X^1	2	25	11
X^2	3	24	9
X^3	1	21	4
X^4	0	20	3
X^5	0	18	1
X^6	2	2	2
X^7	0	20	3

X^0	1	89	34
X^1	1	87	34
X^2	1	90	38
X^3	1	86	34
X^4	1	74	35
X^5	1	76	38
X^6	0	60	29
X^7	1	68	28

X^0	2	9	2
X^1	1	11	6
X^2	0	7	3
X^3	0	7	0
X^4	0	6	1
X^5	0	6	2
X^6	0	4	0
X^7	0	3	0

X^0	5	82	30
X^1	6	84	28
X^2	1	83	31
X^3	3	81	33
X^4	3	57	25
X^5	2	56	26
X^6	0	47	26
X^7	2	47	17

X^0	1	94	49
X^1	1	98	53
X^2	1	91	48
X^3	1	91	49
X^4	2	67	44
X^5	1	63	41
X^6	1	51	38
X^7	0	45	15

X^0	3	81	39
X^1	3	82	42
X^2	2	80	38
X^3	5	81	43
X^4	2	73	39
X^5	2	73	40
X^6	2	51	47
X^7	1	45	29

X^0	4	37	15
X^1	4	38	18
X^2	4	34	15
X^3	4	34	18
X^4	2	34	19
X^5	1	32	17
X^6	1	18	17
X^7	1	25	14

X^0	3	217	117
X^1	3	217	117
X^2	4	222	122
X^3	2	225	125
X^4	3	214	115
X^5	0	189	94
X^6	6	100	82
X^7	0	124	105

X^0	3	29	16
X^1	1	28	17
X^2	1	27	14
X^3	4	30	19
X^4	1	23	14
X^5	1	18	11
X^6	3	21	12
X^7	0	23	12

X^0	2	375	175
X^1	2	375	178
X^2	2	374	177
X^3	2	373	174
X^4	2	335	164
X^5	1	307	167
X^6	2	165	154
X^7	0	197	162

X^0	4	428	210
X^1	4	416	210
X^2	4	413	207
X^3	4	398	202
X^4	2	341	198
X^5	2	257	196
X^6	2	59	57
X^7	0	216	199

X^0	2	41	17
X^1	2	37	14
X^2	2	35	10
X^3	1	42	13
X^4	1	30	11
X^5	1	34	13
X^6	1	2	1
X^7	0	34	13

X^0	4	232	116
X^1	4	234	115
X^2	4	237	121
X^3	4	237	116
X^4	4	240	126
X^5	4	232	201
X^6	4	126	122
X^7	1	125	114

X^0	2	396	192
X^1	1	403	193
X^2	1	402	194
X^3	2	402	198
X^4	1	385	194
X^5	2	363	197
X^6	1	192	188
X^7	1	170	106

X^0	2	35	18
X^1	4	35	18
X^2	2	28	11
X^3	2	20	8
X^4	2	12	8
X^5	1	17	7
X^6	1	1	1
X^7	0	17	7

X^0	3	22	9
X^1	2	22	9
X^2	2	21	9
X^3	4	16	10
X^4	1	9	1
X^5	0	5	0
X^6	5	5	5
X^7	3	14	7

X^0	6	41	21
X^1	6	43	21
X^2	6	36	21
X^3	6	26	12
X^4	6	23	12
X^5	6	18	6
X^6	6	6	6
X^7	0	18	8

X^0	2	28	11
X^1	2	27	9
X^2	1	25	11
X^3	1	23	10
X^4	0	22	11
X^5	2	17	10
X^6	0	1	0
X^7	0	17	10

X^0	3	51	23
X^1	1	48	21
X^2	1	48	20
X^3	1	43	20
X^4	1	38	21
X^5	1	37	21
X^6	0	34	17
X^7	0	31	8

X^0	5	52	19
X^1	6	54	24
X^2	5	54	25
X^3	1	51	21
X^4	1	49	20
X^5	1	44	19
X^6	0	25	17
X^7	0	31	18

X^0	2	48	17
X^1	2	52	19
X^2	2	45	17
X^3	2	36	21
X^4	2	41	17
X^5	2	33	7
X^6	0	36	21
X^7	0	41	17

X^0	2	88	48
X^1	2	89	46
X^2	2	83	48
X^3	2	75	38
X^4	3	83	46
X^5	1	66	38
X^6	3	53	34
X^7	0	6	0

X^0	2	501	243
X^1	3	504	249
X^2	0	498	247
X^3	0	495	245
X^4	0	480	241
X^5	1	457	230
X^6	0	236	204
X^7	1	262	221

X^0	4	70	35
X^1	3	70	35
X^2	3	67	32
X^3	3	65	32
X^4	3	60	30
X^5	3	57	28
X^6	3	30	24
X^7	1	31	20

X^0	3	36	18
X^1	3	22	16
X^2	3	7	3
X^3	2	5	2
X^4	2	3	2
X^5	3	7	3
X^6	1	1	1
X^7	3	7	3

X^0	3	45	20
X^1	3	42	22
X^2	3	38	19
X^3	3	35	17
X^4	3	29	13
X^5	3	28	11
X^6	3	28	13
X^7	1	23	8

X^0	2	46	19
X^1	2	40	19
X^2	7	40	18
X^3	2	31	10
X^4	2	29	10
X^5	2	28	7
X^6	2	24	7
X^7	0	21	5

X^0	6	95	50
X^1	3	91	46
X^2	2	95	45
X^3	3	89	45
X^4	2	72	45
X^5	2	46	28
X^6	1	46	27
X^7	3	46	29

X^0	2	33	19
X^1	1	30	16
X^2	2	27	8
X^3	1	20	7
X^4	1	18	7
X^5	1	17	7
X^6	1	21	9
X^7	0	17	3

X^0	1	15	8
X^1	2	13	7
X^2	2	12	4
X^3	2	11	4
X^4	1	8	1
X^5	4	11	4
X^6	0	12	2
X^7	0	5	0

X^0	3	24	13
X^1	2	24	13
X^2	2	20	10
X^3	2	17	7
X^4	2	13	8
X^5	2	16	10
X^6	0	1	0
X^7	0	0	0

X^0	3	165	127
X^1	3	164	126
X^2	3	164	126
X^3	3	156	126
X^4	2	150	123
X^5	2	149	127
X^6	1	129	127
X^7	1	149	123

X^0	2	57	31
X^1	2	56	32
X^2	2	54	30
X^3	2	32	29
X^4	1	33	28
X^5	2	30	19
X^6	2	11	7
X^7	2	24	19

X^0	2	13	8
X^1	1	11	1
X^2	1	12	6
X^3	2	10	5
X^4	2	9	2
X^5	0	7	0
X^6	0	11	1
X^7	0	2	0

X^0	1	995	514
X^1	4	997	516
X^2	2	993	510
X^3	1	992	513
X^4	2	984	505
X^5	2	971	488
X^6	1	490	486
X^7	1	534	488

X^0	2	118	103
X^1	3	118	101
X^2	3	116	104
X^3	3	114	105
X^4	1	111	103
X^5	1	109	96
X^6	0	89	86
X^7	1	109	100

X^0	2	59	33
X^1	2	58	32
X^2	2	39	25
X^3	2	16	4
X^4	2	10	2
X^5	2	5	2
X^6	2	11	2
X^7	2	5	2

X^0	1	32	13
X^1	1	30	11
X^2	1	22	10
X^3	1	19	6
X^4	2	21	7
X^5	3	18	3
X^6	1	1	1
X^7	0	18	3

X^0	4	35	15
X^1	2	32	12
X^2	2	28	8
X^3	1	25	11
X^4	1	25	11
X^5	2	26	13
X^6	3	18	11
X^7	3	23	12

X^0	6	40	19
X^1	5	39	18
X^2	3	33	12
X^3	3	29	4
X^4	3	28	10
X^5	3	19	5
X^6	3	14	3
X^7	1	18	5

X^0	0	89	39
X^1	5	86	37
X^2	3	79	31
X^3	2	72	26
X^4	2	53	22
X^5	1	54	22
X^6	1	38	19
X^7	0	52	19

X^0	4	47	32
X^1	4	49	36
X^2	4	45	32
X^3	4	40	28
X^4	6	51	38
X^5	4	4	4
X^6	2	9	5
X^7	0	45	32

X^0	2	379	199
X^1	2	380	199
X^2	4	377	197
X^3	4	377	198
X^4	4	370	190
X^5	4	372	196
X^6	4	204	178
X^7	4	7	4

X^0	2	103	54
X^1	2	112	54
X^2	2	111	54
X^3	1	111	55
X^4	3	111	57
X^5	0	110	61
X^6	1	101	99
X^7	2	61	55

X^0	5	31	17
X^1	1	26	13
X^2	1	23	9
X^3	1	18	9
X^4	3	18	9
X^5	1	12	1
X^6	1	10	1
X^7	1	12	3

X^0	2	35	14
X^1	2	36	15
X^2	2	34	18
X^3	1	34	15
X^4	2	29	16
X^5	2	22	11
X^6	2	10	2
X^7	2	22	10

X^0	3	55	20
X^1	2	55	22
X^2	2	48	21
X^3	2	39	18
X^4	1	31	14
X^5	1	27	10
X^6	1	20	5
X^7	1	31	6

X^0	2	73	39
X^1	3	76	41
X^2	1	76	40
X^3	1	87	40
X^4	2	75	39
X^5	0	78	39
X^6	2	50	38
X^7	3	62	36

X^0	3	36	11
X^1	3	33	11
X^2	3	29	8
X^3	3	29	7
X^4	3	27	10
X^5	4	30	8
X^6	2	26	4
X^7	1	26	6

X^0	1	93	45
X^1	1	92	41
X^2	1	89	42
X^3	1	87	44
X^4	4	84	47
X^5	1	85	42
X^6	2	52	50
X^7	0	60	35

X^0	2	49	25
X^1	2	54	26
X^2	1	54	28
X^3	3	54	30
X^4	3	47	24
X^5	0	43	25
X^6	2	32	29
X^7	3	37	15

X^0	5	158	151
X^1	5	156	147
X^2	5	152	145
X^3	5	153	147
X^4	5	150	144
X^5	5	155	150
X^6	5	146	141
X^7	0	155	149

X^0	2	49	22
X^1	2	49	24
X^2	2	50	26
X^3	2	46	26
X^4	2	48	24
X^5	2	43	24
X^6	2	24	11
X^7	2	11	2

X^0	1	984	511
X^1	1	994	508
X^2	2	994	508
X^3	3	995	503
X^4	1	989	508
X^5	3	1039	521
X^6	0	528	526
X^7	0	538	520

X^0	4	23	5
X^1	5	22	13
X^2	6	23	16
X^3	1	18	12
X^4	1	14	11
X^5	1	19	8
X^6	1	12	11
X^7	1	18	11

X^0	4	52	24
X^1	4	59	21
X^2	1	56	25
X^3	0	44	22
X^4	1	48	28
X^5	2	41	27
X^6	0	42	29
X^7	0	46	20

X^0	2	19	6
X^1	2	23	10
X^2	2	24	12
X^3	2	16	7
X^4	2	16	4
X^5	1	17	5
X^6	0	11	3
X^7	0	8	0

X^0	6	99	65
X^1	6	101	67
X^2	6	98	67
X^3	6	98	67
X^4	2	98	68
X^5	3	99	54
X^6	3	69	65
X^7	0	63	30

X^0	4	129	63
X^1	2	129	57
X^2	2	130	58
X^3	2	122	52
X^4	2	95	47
X^5	0	85	47
X^6	0	63	39
X^7	0	28	1

X^0	1	34	17
X^1	1	34	17
X^2	1	34	16
X^3	1	29	17
X^4	1	25	17
X^5	3	26	16
X^6	1	28	11
X^7	1	1	1

X^0	2	27	15
X^1	2	26	15
X^2	1	25	14
X^3	1	25	14
X^4	1	22	11
X^5	1	19	7
X^6	1	10	2
X^7	0	19	4

X^0	2	59	32
X^1	2	58	32
X^2	2	57	32
X^3	2	55	32
X^4	2	38	21
X^5	2	55	32
X^6	2	28	17
X^7	0	38	27

X^0	1	38	14
X^1	1	36	12
X^2	2	37	13
X^3	1	35	14
X^4	1	27	14
X^5	1	25	12
X^6	1	13	9
X^7	0	23	12

X^0	6	61	21
X^1	1	58	22
X^2	1	56	14
X^3	5	56	23
X^4	3	41	23
X^5	3	25	15
X^6	1	40	18
X^7	1	18	1

X^0	2	99	50
X^1	2	96	47
X^2	2	91	46
X^3	2	73	40
X^4	2	57	25
X^5	2	38	9
X^6	2	28	2
X^7	1	48	19

X^0	3	34	20
X^1	2	29	18
X^2	2	21	18
X^3	0	20	11
X^4	0	3	0
X^5	2	22	16
X^6	2	11	8
X^7	0	20	11

X^0	2	68	27
X^1	2	62	29
X^2	2	60	28
X^3	2	61	31
X^4	2	57	17
X^5	2	63	32
X^6	1	34	33
X^7	5	42	35

X^0	3	47	20
X^1	3	47	20
X^2	3	48	23
X^3	3	47	19
X^4	3	46	19
X^5	3	49	20
X^6	3	37	32
X^7	1	26	18

X^0	4	61	57
X^1	2	63	56
X^2	2	63	56
X^3	3	63	53
X^4	7	68	61
X^5	5	66	56
X^6	5	72	67
X^7	2	52	51

X^0	2	198	126
X^1	3	181	107
X^2	2	179	104
X^3	3	158	83
X^4	2	145	80
X^5	3	118	67
X^6	1	65	35
X^7	3	78	53

X^0	1	474	236
X^1	3	474	234
X^2	3	471	234
X^3	2	470	227
X^4	2	472	233
X^5	4	476	235
X^6	2	245	241
X^7	0	247	239

X^0	1	90	44
X^1	2	89	41
X^2	1	80	38
X^3	1	74	37
X^4	0	73	41
X^5	0	65	40
X^6	6	45	36
X^7	0	47	28

X^0	3	114	43
X^1	3	118	45
X^2	3	108	45
X^3	2	100	50
X^4	5	91	49
X^5	3	83	41
X^6	1	53	46
X^7	0	78	42

X^0	1	70	36
X^1	1	71	37
X^2	1	67	34
X^3	5	67	34
X^4	1	60	30
X^5	5	50	31
X^6	5	34	31
X^7	1	23	15

X^0	2	195	71
X^1	2	197	76
X^2	3	198	77
X^3	2	185	67
X^4	2	133	69
X^5	2	145	76
X^6	9	111	75
X^7	0	124	68

X^0	3	40	20
X^1	2	38	19
X^2	2	38	19
X^3	2	38	19
X^4	2	24	19
X^5	1	22	17
X^6	0	22	17
X^7	1	1	1

X^0	2	24	10
X^1	2	19	8
X^2	2	13	2
X^3	2	12	4
X^4	6	19	8
X^5	2	17	9
X^6	1	17	7
X^7	0	15	4

X^0	2	77	39
X^1	1	74	31
X^2	4	74	37
X^3	1	71	34
X^4	4	69	37
X^5	1	67	34
X^6	1	38	35
X^7	2	48	34

X^0	1	18	8
X^1	3	18	8
X^2	2	17	9
X^3	0	10	1
X^4	0	8	0
X^5	0	4	0
X^6	3	13	5
X^7	0	8	0

X^0	4	25	15
X^1	2	20	10
X^2	2	19	9
X^3	2	13	5
X^4	1	14	6
X^5	1	4	1
X^6	3	10	3
X^7	1	16	8

X^0	4	468	420
X^1	3	461	419
X^2	3	452	415
X^3	3	448	417
X^4	3	430	420
X^5	3	437	424
X^6	1	408	405
X^7	2	434	416

X^0	3	180	97
X^1	3	182	99
X^2	3	180	96
X^3	3	152	73
X^4	3	131	68
X^5	3	105	68
X^6	2	106	79
X^7	0	131	63

X^0	1	129	72
X^1	1	126	66
X^2	1	126	69
X^3	1	120	70
X^4	1	104	55
X^5	1	98	55
X^6	0	59	56
X^7	1	52	36

X^0	4	48	24
X^1	4	49	24
X^2	7	50	26
X^3	5	48	27
X^4	2	39	20
X^5	0	34	19
X^6	0	37	19
X^7	0	34	8

X^0	1	12	1
X^1	1	11	3
X^2	1	11	1
X^3	3	12	5
X^4	1	10	3
X^5	0	10	5
X^6	0	8	0
X^7	0	0	0

X^0	2	68	30
X^1	2	65	28
X^2	2	64	28
X^3	2	58	22
X^4	2	57	22
X^5	0	55	26
X^6	0	30	25
X^7	0	41	28

X^0	4	22	7
X^1	2	21	6
X^2	6	21	7
X^3	2	20	6
X^4	4	20	6
X^5	3	19	5
X^6	1	16	2
X^7	1	14	1

X^0	2	83	41
X^1	2	78	40
X^2	2	75	39
X^3	2	72	36
X^4	2	56	32
X^5	2	56	20
X^6	2	47	33
X^7	2	9	2

X^0	3	53	26
X^1	3	49	22
X^2	3	48	21
X^3	3	47	22
X^4	3	34	20
X^5	3	12	3
X^6	3	3	3
X^7	1	34	20

X^0	1	9	5
X^1	1	8	4
X^2	5	14	10
X^3	1	7	3
X^4	2	11	7
X^5	1	6	1
X^6	0	7	2
X^7	1	8	1

X^0	3	31	10
X^1	6	34	13
X^2	3	31	6
X^3	4	28	11
X^4	1	22	9
X^5	2	18	9
X^6	1	15	5
X^7	1	18	1

X^0	2	25	8
X^1	2	26	7
X^2	2	26	9
X^3	2	25	6
X^4	2	23	10
X^5	2	23	9
X^6	3	25	11
X^7	1	22	4

X^0	4	104	45
X^1	4	106	47
X^2	4	101	45
X^3	4	95	43
X^4	4	81	37
X^5	4	76	31
X^6	4	43	25
X^7	1	60	30

X^0	2	18	6
X^1	1	18	9
X^2	1	17	7
X^3	0	17	7
X^4	0	14	7
X^5	1	12	8
X^6	0	6	4
X^7	1	10	6

X^0	2	92	69
X^1	2	93	71
X^2	2	92	70
X^3	2	93	68
X^4	2	91	69
X^5	2	76	69
X^6	2	77	75
X^7	0	74	67

X^0	5	29	11
X^1	8	37	19
X^2	5	26	9
X^3	5	23	16
X^4	1	20	11
X^5	2	19	9
X^6	1	14	5
X^7	3	27	11

X^0	3	23	16
X^1	2	20	14
X^2	3	21	13
X^3	3	17	10
X^4	3	13	9
X^5	0	16	7
X^6	0	3	2
X^7	0	18	11

X^0	1	52	27
X^1	2	53	30
X^2	2	53	29
X^3	1	53	29
X^4	4	53	29
X^5	1	46	23
X^6	0	24	18
X^7	0	35	23

X^0	1	28	8
X^1	2	30	10
X^2	5	31	14
X^3	0	23	9
X^4	0	18	5
X^5	0	16	4
X^6	4	16	5
X^7	5	14	5

X^0	3	64	36
X^1	3	60	32
X^2	3	58	30
X^3	3	48	21
X^4	3	40	17
X^5	3	37	21
X^6	3	20	12
X^7	1	36	21

X^0	1	500	282
X^1	1	500	290
X^2	1	487	280
X^3	1	487	272
X^4	0	484	282
X^5	0	484	282
X^6	0	283	282
X^7	0	211	201

X^0	3	6	3
X^1	3	7	3
X^2	2	6	2
X^3	5	10	5
X^4	2	2	2
X^5	2	2	2
X^6	2	2	2
X^7	0	4	0

X^0	2	10	4
X^1	2	10	4
X^2	1	9	2
X^3	2	9	4
X^4	1	2	1
X^5	1	9	6
X^6	0	7	5
X^7	2	10	2

X^0	2	26	11
X^1	2	26	10
X^2	2	25	15
X^3	1	22	15
X^4	3	19	14
X^5	0	15	11
X^6	0	16	9
X^7	0	12	0

X^0	2	20	8
X^1	1	19	8
X^2	1	18	7
X^3	1	18	6
X^4	2	17	8
X^5	0	16	6
X^6	5	17	12
X^7	0	0	0

X^0	3	53	34
X^1	2	55	27
X^2	9	61	41
X^3	5	54	36
X^4	2	47	27
X^5	2	41	19
X^6	2	30	11
X^7	2	12	2

X^0	1	439	226
X^1	1	439	232
X^2	1	436	228
X^3	0	433	223
X^4	2	438	227
X^5	0	431	218
X^6	0	213	211
X^7	0	228	216

X^0	1	28	10
X^1	2	29	11
X^2	1	25	9
X^3	0	21	6
X^4	0	19	3
X^5	0	21	3
X^6	2	22	8
X^7	1	20	6

X^0	6	96	75
X^1	1	108	71
X^2	2	106	72
X^3	0	104	68
X^4	1	108	72
X^5	0	102	66
X^6	0	75	67
X^7	0	84	37

X^0	3	162	83
X^1	3	157	78
X^2	3	157	79
X^3	3	154	73
X^4	3	152	72
X^5	3	152	77
X^6	3	85	77
X^7	3	118	70

X^0	5	47	21
X^1	5	49	23
X^2	5	53	27
X^3	7	55	25
X^4	5	31	18
X^5	4	30	21
X^6	0	12	6
X^7	0	24	14

X^0	2	401	195
X^1	3	398	193
X^2	2	395	187
X^3	3	392	195
X^4	2	386	191
X^5	2	376	183
X^6	0	194	183
X^7	2	201	180

X^0	2	203	114
X^1	2	204	116
X^2	2	203	116
X^3	2	202	116
X^4	2	207	116
X^5	2	233	116
X^6	2	118	116
X^7	0	117	115

X^0	6	123	57
X^1	6	118	52
X^2	6	109	44
X^3	6	109	41
X^4	6	96	42
X^5	6	76	52
X^6	6	72	52
X^7	1	56	18

X^0	7	285	134
X^1	7	287	135
X^2	7	286	137
X^3	7	273	132
X^4	7	274	143
X^5	7	254	125
X^6	7	151	124
X^7	7	18	7

X^0	1	41	18
X^1	1	40	17
X^2	1	38	16
X^3	1	37	16
X^4	2	31	13
X^5	2	27	12
X^6	2	18	12
X^7	0	21	6

X^0	4	63	32
X^1	2	58	26
X^2	1	55	23
X^3	2	55	27
X^4	1	29	25
X^5	3	51	30
X^6	0	21	15
X^7	0	35	29

X^0	2	50	23
X^1	4	48	22
X^2	2	40	19
X^3	2	32	17
X^4	2	16	2
X^5	2	34	19
X^6	2	3	2
X^7	1	32	19

X^0	4	110	48
X^1	2	104	50
X^2	1	99	51
X^3	1	96	44
X^4	1	80	36
X^5	1	61	42
X^6	1	58	42
X^7	1	48	16

X^0	3	69	27
X^1	4	77	33
X^2	3	66	31
X^3	3	67	36
X^4	3	65	45
X^5	0	53	34
X^6	1	39	31
X^7	0	50	26

X^0	3	30	15
X^1	2	28	10
X^2	1	25	6
X^3	2	20	9
X^4	2	15	3
X^5	1	15	8
X^6	1	6	3
X^7	0	15	8

X^0	1	84	45
X^1	1	82	44
X^2	3	84	48
X^3	0	84	47
X^4	7	90	53
X^5	1	64	34
X^6	2	36	15
X^7	0	57	30

X^0	2	12	5
X^1	2	11	5
X^2	2	12	5
X^3	2	12	6
X^4	1	8	2
X^5	10	20	12
X^6	1	2	1
X^7	1	11	4

X^0	3	278	136
X^1	1	272	132
X^2	1	267	131
X^3	1	239	127
X^4	0	213	101
X^5	1	196	95
X^6	0	101	70
X^7	1	133	89

X^0	2	167	80
X^1	3	166	77
X^2	2	164	80
X^3	1	159	76
X^4	2	153	79
X^5	1	138	71
X^6	1	69	67
X^7	0	112	75

X^0	1	22	14
X^1	1	20	14
X^2	1	17	13
X^3	0	17	12
X^4	1	16	13
X^5	0	7	3
X^6	2	2	2
X^7	1	11	9

X^0	4	107	52
X^1	4	110	54
X^2	4	108	52
X^3	4	96	48
X^4	4	91	44
X^5	4	80	36
X^6	4	42	31
X^7	1	52	38

X^0	2	57	35
X^1	1	57	33
X^2	3	58	34
X^3	0	54	33
X^4	0	52	33
X^5	4	58	39
X^6	1	42	31
X^7	1	42	16

X^0	1	61	33
X^1	1	63	33
X^2	1	67	34
X^3	1	66	33
X^4	1	62	32
X^5	1	50	32
X^6	1	38	36
X^7	0	46	26

X^0	2	48	16
X^1	2	48	17
X^2	2	48	18
X^3	2	50	15
X^4	2	43	19
X^5	2	39	19
X^6	2	35	19
X^7	0	38	14

X^0	2	82	42
X^1	2	83	41
X^2	2	80	35
X^3	2	83	38
X^4	2	92	51
X^5	2	48	43
X^6	4	49	44
X^7	4	62	44

X^0	6	47	25
X^1	6	46	21
X^2	6	39	14
X^3	6	38	15
X^4	6	36	14
X^5	8	41	26
X^6	0	28	23
X^7	0	21	8

X^0	5	54	30
X^1	5	53	30
X^2	5	51	29
X^3	5	49	22
X^4	5	45	21
X^5	5	42	21
X^6	5	37	31
X^7	2	26	12

X^0	1	37	10
X^1	3	34	15
X^2	1	35	14
X^3	2	35	14
X^4	1	34	13
X^5	1	33	9
X^6	0	29	7
X^7	0	33	7

X^0	1	24	8
X^1	1	26	10
X^2	1	23	9
X^3	1	21	7
X^4	1	22	13
X^5	1	14	5
X^6	1	14	3
X^7	0	17	8

X^0	1	29	17
X^1	2	28	15
X^2	1	24	12
X^3	1	21	8
X^4	1	12	6
X^5	1	13	9
X^6	0	0	0
X^7	1	13	7

X^0	11	31	16
X^1	2	23	8
X^2	1	21	8
X^3	2	21	8
X^4	0	16	3
X^5	0	12	0
X^6	2	3	2
X^7	0	15	2

X^0	3	295	128
X^1	4	297	125
X^2	4	286	126
X^3	1	290	122
X^4	1	256	125
X^5	1	250	126
X^6	0	130	126
X^7	1	184	118

X^0	4	171	82
X^1	5	166	80
X^2	5	158	73
X^3	4	146	64
X^4	4	128	66
X^5	4	119	61
X^6	4	60	38
X^7	2	93	59

X^0	3	158	77
X^1	3	155	77
X^2	3	153	74
X^3	8	155	81
X^4	3	136	79
X^5	3	93	84
X^6	3	110	84
X^7	1	93	32

X^0	8	29	13
X^1	3	25	6
X^2	7	25	10
X^3	2	21	8
X^4	2	15	2
X^5	3	18	3
X^6	0	14	3
X^7	1	19	6

X^0	4	290	166
X^1	2	294	169
X^2	2	292	167
X^3	3	295	170
X^4	2	284	160
X^5	3	229	112
X^6	0	178	173
X^7	0	182	160

X^0	4	86	43
X^1	2	89	42
X^2	5	95	45
X^3	2	90	42
X^4	2	67	46
X^5	2	68	55
X^6	2	26	24
X^7	0	54	44

X^0	3	57	44
X^1	3	52	42
X^2	2	44	39
X^3	2	40	37
X^4	2	34	30
X^5	1	41	35
X^6	0	31	30
X^7	4	41	37

X^0	1	25	13
X^1	3	28	17
X^2	1	24	11
X^3	3	24	12
X^4	1	19	9
X^5	3	22	13
X^6	1	16	8
X^7	0	15	4

X^0	4	87	39
X^1	1	84	37
X^2	1	84	39
X^3	1	80	38
X^4	1	75	35
X^5	0	75	35
X^6	0	42	39
X^7	1	43	37

X^0	1	87	81
X^1	1	92	81
X^2	1	92	80
X^3	1	86	78
X^4	2	88	79
X^5	1	83	73
X^6	1	75	70
X^7	0	83	67

X^0	2	86	36
X^1	2	85	36
X^2	2	82	36
X^3	4	79	33
X^4	2	64	27
X^5	2	69	34
X^6	2	36	29
X^7	1	49	30

X^0	1	17	5
X^1	0	15	5
X^2	0	14	4
X^3	0	16	3
X^4	1	15	3
X^5	0	13	0
X^6	0	11	0
X^7	0	13	1

X^0	1	23	8
X^1	1	21	7
X^2	1	22	6
X^3	1	20	7
X^4	3	21	9
X^5	2	18	8
X^6	0	18	7
X^7	0	7	0

X^0	3	120	80
X^1	3	120	80
X^2	6	120	80
X^3	2	108	68
X^4	2	79	66
X^5	4	46	32
X^6	4	68	38
X^7	0	34	2

X^0	2	115	51
X^1	4	128	60
X^2	2	121	53
X^3	1	117	57
X^4	2	112	61
X^5	1	111	62
X^6	0	66	62
X^7	2	91	51

X^0	1	12	7
X^1	1	13	8
X^2	1	10	3
X^3	1	8	4
X^4	2	11	7
X^5	3	10	4
X^6	2	5	2
X^7	0	9	4

X^0	4	12	4
X^1	1	8	4
X^2	1	4	3
X^3	1	6	2
X^4	1	1	1
X^5	0	5	4
X^6	0	1	0
X^7	0	5	3

X^0	1	34	19
X^1	1	32	20
X^2	1	32	20
X^3	2	36	17
X^4	1	32	20
X^5	2	28	18
X^6	1	18	11
X^7	0	31	14

X^0	2	111	50
X^1	2	113	53
X^2	3	108	54
X^3	2	98	48
X^4	2	95	48
X^5	1	86	43
X^6	3	49	38
X^7	0	62	43

X^0	1	114	43
X^1	1	102	42
X^2	1	83	43
X^3	1	74	46
X^4	1	69	55
X^5	2	74	60
X^6	0	57	56
X^7	0	74	41

X^0	2	65	29
X^1	2	63	29
X^2	2	59	27
X^3	2	52	29
X^4	2	43	30
X^5	0	33	30
X^6	0	33	30
X^7	0	33	13

X^0	5	166	75
X^1	4	167	76
X^2	4	163	72
X^3	3	159	72
X^4	1	127	76
X^5	3	124	73
X^6	1	75	72
X^7	1	96	65

X^0	2	238	115
X^1	2	238	117
X^2	2	236	114
X^3	4	237	118
X^4	1	193	113
X^5	0	152	74
X^6	1	119	73
X^7	0	2	0

X^0	2	29	19
X^1	5	32	25
X^2	2	28	26
X^3	2	24	22
X^4	2	20	10
X^5	3	3	3
X^6	3	3	3
X^7	2	3	2

X^0	2	41	33
X^1	4	44	33
X^2	1	42	33
X^3	0	38	25
X^4	0	35	29
X^5	0	34	29
X^6	0	32	29
X^7	0	34	25

X^0	3	26	21
X^1	3	25	18
X^2	3	29	20
X^3	2	30	25
X^4	1	29	24
X^5	1	30	25
X^6	1	27	24
X^7	0	25	20

X^0	7	75	36
X^1	2	71	32
X^2	4	68	32
X^3	4	64	34
X^4	5	59	35
X^5	8	59	37
X^6	2	27	24
X^7	0	43	27

X^0	3	18	9
X^1	3	16	11
X^2	3	5	3
X^3	3	3	3
X^4	0	1	0
X^5	3	3	3
X^6	0	1	0
X^7	3	3	3

X^0	1	152	72
X^1	1	153	72
X^2	1	153	73
X^3	1	140	64
X^4	1	144	76
X^5	3	132	85
X^6	4	95	57
X^7	0	95	30

X^0	1	86	55
X^1	1	84	51
X^2	1	73	48
X^3	1	59	28
X^4	1	51	24
X^5	1	41	35
X^6	4	28	24
X^7	0	64	37

X^0	4	402	229
X^1	4	399	230
X^2	4	402	237
X^3	4	396	230
X^4	2	332	235
X^5	0	329	165
X^6	0	169	166
X^7	1	167	159

X^0	3	32	9
X^1	3	34	10
X^2	3	30	6
X^3	4	28	12
X^4	3	22	9
X^5	2	24	10
X^6	3	21	7
X^7	2	23	2

X^0	2	46	24
X^1	2	47	21
X^2	4	48	27
X^3	1	53	30
X^4	1	47	24
X^5	1	47	27
X^6	0	25	20
X^7	0	42	27

X^0	2	38	19
X^1	2	37	17
X^2	2	35	17
X^3	7	40	21
X^4	2	32	16
X^5	1	28	16
X^6	1	20	14
X^7	2	26	11

X^0	3	48	17
X^1	5	46	21
X^2	3	37	16
X^3	1	43	17
X^4	2	38	18
X^5	1	39	16
X^6	2	28	20
X^7	0	37	15

X^0	2	11	2
X^1	2	11	4
X^2	1	10	5
X^3	2	9	4
X^4	1	9	4
X^5	3	8	5
X^6	0	5	1
X^7	2	7	2

X^0	4	130	77
X^1	4	130	78
X^2	4	95	43
X^3	4	56	10
X^4	1	61	12
X^5	4	48	5
X^6	1	48	5
X^7	4	43	4

X^0	2	79	34
X^1	4	72	26
X^2	1	65	26
X^3	4	64	36
X^4	1	55	33
X^5	1	53	33
X^6	6	50	38
X^7	1	52	23

X^0	4	70	31
X^1	4	67	32
X^2	4	64	33
X^3	4	63	33
X^4	4	54	32
X^5	1	66	37
X^6	4	52	50
X^7	1	34	26

X^0	5	64	33
X^1	5	59	29
X^2	5	53	29
X^3	5	56	30
X^4	5	44	18
X^5	5	42	18
X^6	5	36	28
X^7	1	49	23

X^0	1	65	37
X^1	2	65	43
X^2	1	61	39
X^3	1	64	37
X^4	1	53	29
X^5	1	42	32
X^6	1	32	26
X^7	0	46	33

X^0	1	9	4
X^1	0	9	4
X^2	0	9	2
X^3	0	8	2
X^4	0	6	4
X^5	1	9	7
X^6	0	3	0
X^7	2	10	6

X^0	2	35	19
X^1	2	34	17
X^2	1	30	14
X^3	1	27	15
X^4	1	22	13
X^5	1	21	7
X^6	0	9	0
X^7	1	21	6

X^0	8	39	24
X^1	4	35	20
X^2	2	36	18
X^3	2	31	17
X^4	2	20	17
X^5	2	14	11
X^6	2	2	2
X^7	1	19	16

X^0	5	211	105
X^1	3	207	104
X^2	5	206	106
X^3	1	202	98
X^4	1	195	96
X^5	1	197	100
X^6	0	99	98
X^7	0	110	97

X^0	4	26	11
X^1	3	25	12
X^2	1	24	11
X^3	1	23	9
X^4	2	21	8
X^5	2	22	11
X^6	0	18	9
X^7	0	16	2

X^0	1	110	52
X^1	2	109	55
X^2	1	99	50
X^3	1	83	37
X^4	1	81	47
X^5	1	61	31
X^6	0	33	31
X^7	1	47	27

X^0	1	40	19
X^1	1	37	18
X^2	1	34	18
X^3	2	33	18
X^4	4	32	20
X^5	1	25	13
X^6	1	18	10
X^7	0	0	0

X^0	2	160	73
X^1	1	163	76
X^2	1	164	77
X^3	6	164	77
X^4	1	144	74
X^5	2	139	78
X^6	2	82	73
X^7	1	105	65

X^0	2	31	14
X^1	3	36	19
X^2	2	32	15
X^3	2	29	16
X^4	1	22	13
X^5	1	19	1
X^6	1	20	9
X^7	1	8	1

X^0	2	13	12
X^1	1	11	10
X^2	1	7	5
X^3	0	9	8
X^4	0	7	6
X^5	0	5	4
X^6	0	0	0
X^7	4	4	4

X^0	7	508	263
X^1	2	505	255
X^2	2	507	258
X^3	2	505	256
X^4	2	508	261
X^5	2	514	255
X^6	2	272	264
X^7	1	261	245

X^0	6	14	7
X^1	4	11	4
X^2	3	9	3
X^3	1	8	1
X^4	1	6	1
X^5	8	14	8
X^6	2	9	4
X^7	0	6	0

X^0	3	104	54
X^1	3	108	54
X^2	3	107	53
X^3	3	97	54
X^4	3	88	40
X^5	3	98	50
X^6	1	73	68
X^7	3	40	23

X^0	3	14	6
X^1	1	11	4
X^2	2	9	2
X^3	1	9	2
X^4	1	7	2
X^5	0	8	2
X^6	0	7	1
X^7	0	5	0

X^0	1	214	107
X^1	1	219	106
X^2	1	222	104
X^3	2	223	111
X^4	1	215	109
X^5	0	202	103
X^6	1	115	93
X^7	5	122	101

X^0	4	24	11
X^1	4	25	12
X^2	4	26	11
X^3	2	20	10
X^4	5	18	6
X^5	2	17	5
X^6	6	22	12
X^7	0	17	4

X^0	1	67	27
X^1	1	64	26
X^2	1	56	26
X^3	1	55	22
X^4	1	56	32
X^5	3	53	36
X^6	3	42	36
X^7	1	23	11

X^0	3	43	15
X^1	1	38	15
X^2	1	39	17
X^3	1	30	16
X^4	2	33	14
X^5	2	33	9
X^6	0	0	0
X^7	0	34	10

X^0	3	16	3
X^1	3	14	7
X^2	1	10	4
X^3	2	12	7
X^4	0	8	5
X^5	2	12	10
X^6	0	6	0
X^7	0	10	4

X^0	3	401	370
X^1	3	402	370
X^2	3	399	369
X^3	3	390	365
X^4	3	378	361
X^5	3	369	345
X^6	3	358	352
X^7	3	369	352

X^0	2	21	6
X^1	4	24	9
X^2	1	21	7
X^3	1	19	6
X^4	1	17	6
X^5	1	4	1
X^6	8	8	8
X^7	0	18	7

X^0	2	14	4
X^1	3	17	9
X^2	3	17	9
X^3	4	18	10
X^4	2	14	6
X^5	2	12	7
X^6	2	12	6
X^7	0	7	0

X^0	2	48	22
X^1	1	47	19
X^2	2	46	20
X^3	1	41	19
X^4	1	35	17
X^5	0	30	14
X^6	0	14	8
X^7	0	30	13

X^0	1	26	15
X^1	1	26	12
X^2	5	17	16
X^3	1	13	9
X^4	1	1	1
X^5	1	13	9
X^6	1	1	1
X^7	3	21	18

X^0	4	22	9
X^1	1	21	6
X^2	1	19	5
X^3	1	17	2
X^4	1	11	1
X^5	1	6	1
X^6	1	1	1
X^7	0	6	0

X^0	3	61	31
X^1	3	62	31
X^2	0	59	30
X^3	2	60	34
X^4	0	55	35
X^5	1	47	32
X^6	0	31	21
X^7	1	45	20

X^0	1	37	15
X^1	3	39	17
X^2	0	33	14
X^3	0	33	13
X^4	1	30	14
X^5	4	31	16
X^6	0	14	6
X^7	5	32	11

X^0	4	96	48
X^1	4	89	40
X^2	4	89	39
X^3	2	85	39
X^4	2	48	39
X^5	2	61	37
X^6	2	24	15
X^7	1	57	44

X^0	3	145	71
X^1	3	151	77
X^2	3	157	83
X^3	3	149	80
X^4	0	137	84
X^5	1	114	59
X^6	1	78	52
X^7	0	6	0

X^0	3	37	34
X^1	1	35	29
X^2	1	33	22
X^3	1	24	19
X^4	0	33	12
X^5	0	17	0
X^6	1	1	1
X^7	1	35	18

X^0	9	25	17
X^1	1	16	9
X^2	1	14	6
X^3	1	15	9
X^4	1	11	3
X^5	1	6	1
X^6	0	14	11
X^7	0	11	3

X^0	2	72	60
X^1	2	71	60
X^2	2	72	56
X^3	2	76	60
X^4	5	79	59
X^5	0	73	60
X^6	3	73	66
X^7	0	67	61

X^0	2	71	38
X^1	2	71	38
X^2	2	48	20
X^3	2	54	27
X^4	2	54	26
X^5	2	27	2
X^6	2	45	22
X^7	0	74	46

X^0	3	92	39
X^1	2	88	35
X^2	3	89	39
X^3	1	81	34
X^4	4	81	37
X^5	3	65	40
X^6	1	6	1
X^7	2	63	37

X^0	3	27	12
X^1	1	26	11
X^2	1	27	12
X^3	1	27	15
X^4	1	24	16
X^5	2	21	15
X^6	1	15	11
X^7	0	21	11

X^0	2	32	14
X^1	1	31	12
X^2	2	27	15
X^3	2	23	12
X^4	1	17	10
X^5	3	18	6
X^6	1	5	3
X^7	1	24	13

X^0	2	193	179
X^1	4	192	180
X^2	3	187	176
X^3	2	186	174
X^4	0	179	171
X^5	0	165	161
X^6	0	165	160
X^7	0	162	148

X^0	8	42	24
X^1	8	45	27
X^2	8	45	28
X^3	8	37	18
X^4	8	26	8
X^5	8	12	8
X^6	4	22	4
X^7	8	11	8

X^0	7	47	19
X^1	4	43	12
X^2	4	40	15
X^3	4	36	16
X^4	4	31	12
X^5	4	27	7
X^6	2	30	10
X^7	1	32	10

X^0	3	31	16
X^1	3	31	14
X^2	2	29	14
X^3	2	28	15
X^4	1	23	8
X^5	1	19	15
X^6	2	11	10
X^7	4	21	12

X^0	4	32	12
X^1	4	32	16
X^2	4	32	11
X^3	4	31	15
X^4	2	29	12
X^5	4	29	12
X^6	1	15	10
X^7	1	28	13

X^0	7	16	7
X^1	7	19	8
X^2	7	15	7
X^3	7	14	7
X^4	7	13	7
X^5	7	11	7
X^6	4	11	4
X^7	7	11	7

X^0	3	101	52
X^1	3	104	51
X^2	3	99	52
X^3	3	93	47
X^4	3	93	47
X^5	2	94	48
X^6	1	82	47
X^7	0	93	46

X^0	8	55	31
X^1	5	46	22
X^2	5	38	14
X^3	5	30	8
X^4	2	34	21
X^5	2	37	16
X^6	2	13	2
X^7	0	37	17

X^0	1	87	44
X^1	2	87	43
X^2	1	87	45
X^3	1	87	41
X^4	1	84	43
X^5	3	77	46
X^6	1	38	31
X^7	0	52	37

X^0	9	62	33
X^1	6	58	25
X^2	4	51	22
X^3	2	47	15
X^4	2	37	13
X^5	2	40	18
X^6	0	19	5
X^7	7	45	24

X^0	1	73	46
X^1	2	74	46
X^2	1	68	46
X^3	3	68	43
X^4	1	49	37
X^5	1	41	38
X^6	1	56	35
X^7	1	1	1

X^0	4	28	15
X^1	3	24	11
X^2	3	23	10
X^3	3	21	8
X^4	1	20	9
X^5	1	15	7
X^6	1	15	10
X^7	1	12	2

X^0	3	29	11
X^1	3	33	14
X^2	3	30	11
X^3	3	24	10
X^4	3	16	4
X^5	3	21	9
X^6	3	13	3
X^7	0	20	8

X^0	3	36	14
X^1	3	35	14
X^2	3	35	14
X^3	9	37	19
X^4	4	32	14
X^5	3	29	11
X^6	1	16	1
X^7	0	26	7

X^0	3	30	26
X^1	1	28	24
X^2	2	29	26
X^3	2	27	25
X^4	1	25	23
X^5	1	18	16
X^6	1	1	1
X^7	0	0	0

X^0	2	30	21
X^1	2	29	20
X^2	3	30	22
X^3	1	24	10
X^4	1	22	14
X^5	0	26	18
X^6	1	13	6
X^7	4	31	21

X^0	5	808	398
X^1	8	806	396
X^2	8	806	395
X^3	8	778	392
X^4	8	750	363
X^5	8	747	383
X^6	8	386	344
X^7	0	417	360

X^0	3	434	210
X^1	3	439	218
X^2	3	434	215
X^3	3	428	216
X^4	1	423	216
X^5	3	428	216
X^6	1	221	216
X^7	3	238	207

X^0	1	15	6
X^1	3	17	8
X^2	1	12	6
X^3	1	12	3
X^4	1	10	4
X^5	1	9	2
X^6	1	8	1
X^7	0	4	0

X^0	4	373	203
X^1	4	378	205
X^2	4	383	206
X^3	4	372	202
X^4	4	361	186
X^5	4	364	188
X^6	1	189	186
X^7	0	228	180

X^0	2	15	5
X^1	2	15	6
X^2	2	9	6
X^3	1	1	1
X^4	1	1	1
X^5	1	3	2
X^6	0	3	1
X^7	1	1	1

X^0	6	308	267
X^1	3	304	270
X^2	3	292	264
X^3	3	276	261
X^4	0	280	266
X^5	3	272	268
X^6	0	267	266
X^7	0	279	263

X^0	2	24	9
X^1	2	21	8
X^2	4	20	10
X^3	1	18	8
X^4	1	15	8
X^5	0	13	8
X^6	4	19	13
X^7	0	17	7

X^0	6	154	64
X^1	6	151	64
X^2	6	128	62
X^3	2	112	58
X^4	0	99	51
X^5	2	112	63
X^6	0	52	51
X^7	2	91	60

X^0	3	15	3
X^1	2	14	4
X^2	2	12	3
X^3	2	7	2
X^4	2	3	2
X^5	5	9	5
X^6	1	1	1
X^7	1	6	1

X^0	3	37	23
X^1	1	42	22
X^2	1	41	23
X^3	1	41	24
X^4	4	44	27
X^5	1	38	20
X^6	0	24	20
X^7	1	26	13

X^0	5	63	32
X^1	5	50	16
X^2	5	64	33
X^3	5	56	26
X^4	5	49	34
X^5	5	38	33
X^6	5	28	23
X^7	0	36	17

X^0	3	13	9
X^1	3	13	8
X^2	3	14	9
X^3	3	16	10
X^4	3	9	3
X^5	3	6	3
X^6	2	6	2
X^7	2	2	2

X^0	2	13	3
X^1	2	11	2
X^2	2	11	2
X^3	4	12	4
X^4	2	9	2
X^5	2	8	2
X^6	2	2	2
X^7	3	11	3

X^0	3	225	110
X^1	6	230	116
X^2	4	224	110
X^3	2	217	104
X^4	1	162	103
X^5	0	121	58
X^6	1	118	55
X^7	0	9	0

X^0	3	21	7
X^1	2	22	6
X^2	2	19	8
X^3	2	18	6
X^4	2	15	8
X^5	2	14	5
X^6	1	14	7
X^7	2	16	6

X^0	1	198	99
X^1	2	197	102
X^2	1	191	100
X^3	1	180	96
X^4	1	164	89
X^5	1	144	78
X^6	1	82	78
X^7	0	88	62

X^0	7	77	46
X^1	5	77	41
X^2	1	74	40
X^3	2	63	41
X^4	2	55	32
X^5	0	43	8
X^6	2	22	5
X^7	0	54	19

X^0	4	16	10
X^1	2	12	10
X^2	2	12	10
X^3	4	13	10
X^4	1	12	10
X^5	1	12	8
X^6	1	13	12
X^7	1	7	4

X^0	3	28	13
X^1	5	29	13
X^2	4	20	9
X^3	2	16	9
X^4	1	6	1
X^5	1	4	1
X^6	1	1	1
X^7	0	4	0

X^0	5	52	43
X^1	1	51	42
X^2	1	47	41
X^3	5	47	42
X^4	1	42	35
X^5	1	35	30
X^6	1	35	30
X^7	0	25	19

X^0	2	6	3
X^1	2	4	2
X^2	2	3	2
X^3	4	6	4
X^4	3	3	3
X^5	3	4	3
X^6	0	3	0
X^7	0	1	0

X^0	2	30	14
X^1	1	28	14
X^2	6	28	15
X^3	2	17	2
X^4	4	25	12
X^5	0	14	5
X^6	0	13	5
X^7	0	19	8

X^0	1	28	11
X^1	1	28	11
X^2	1	26	10
X^3	1	27	12
X^4	1	24	12
X^5	1	20	11
X^6	0	14	11
X^7	1	14	6

X^0	1	84	39
X^1	1	85	39
X^2	1	85	42
X^3	1	84	43
X^4	1	83	42
X^5	1	80	43
X^6	1	43	37
X^7	7	50	43

X^0	2	65	32
X^1	2	66	29
X^2	2	66	31
X^3	2	65	31
X^4	2	64	31
X^5	1	72	37
X^6	2	41	38
X^7	1	37	31

X^0	2	33	19
X^1	2	29	15
X^2	1	25	17
X^3	3	22	21
X^4	1	22	8
X^5	0	8	4
X^6	0	8	7
X^7	4	26	19

X^0	4	11	4
X^1	2	10	2
X^2	4	9	4
X^3	3	10	3
X^4	6	9	6
X^5	2	7	2
X^6	1	7	1
X^7	2	2	2

X^0	1	198	76
X^1	1	200	78
X^2	3	203	83
X^3	1	196	73
X^4	0	166	75
X^5	0	135	61
X^6	1	87	86
X^7	0	126	78

X^0	2	125	72
X^1	2	120	71
X^2	2	118	70
X^3	2	113	67
X^4	2	104	63
X^5	2	100	72
X^6	0	64	59
X^7	0	95	52

X^0	5	39	16
X^1	5	40	17
X^2	5	35	18
X^3	7	26	19
X^4	4	19	7
X^5	1	12	1
X^6	1	1	1
X^7	4	19	6

X^0	8	46	28
X^1	5	43	25
X^2	3	41	25
X^3	2	40	25
X^4	0	37	13
X^5	0	22	15
X^6	2	26	19
X^7	0	29	15

X^0	6	399	190
X^1	6	403	197
X^2	6	402	199
X^3	6	391	194
X^4	6	392	197
X^5	6	376	190
X^6	3	214	186
X^7	3	17	3

X^0	1	38	19
X^1	2	38	19
X^2	1	38	20
X^3	1	30	13
X^4	3	29	12
X^5	2	24	9
X^6	2	19	4
X^7	1	23	4

X^0	9	28	11
X^1	4	21	9
X^2	2	19	5
X^3	2	17	2
X^4	2	10	2
X^5	2	15	8
X^6	2	7	4
X^7	0	11	0

X^0	2	60	27
X^1	1	54	25
X^2	1	51	18
X^3	2	50	21
X^4	5	45	20
X^5	3	34	13
X^6	0	23	10
X^7	0	34	17

X^0	3	86	29
X^1	2	89	29
X^2	2	88	27
X^3	2	78	30
X^4	3	74	32
X^5	3	65	31
X^6	3	65	31
X^7	0	65	19

X^0	3	174	84
X^1	2	176	83
X^2	3	176	86
X^3	1	171	82
X^4	1	167	76
X^5	1	164	79
X^6	0	88	79
X^7	1	99	76

X^0	1	218	122
X^1	5	226	125
X^2	1	218	122
X^3	1	214	122
X^4	2	178	130
X^5	0	174	162
X^6	0	123	121
X^7	0	174	154

X^0	4	67	31
X^1	4	69	33
X^2	4	63	27
X^3	3	52	26
X^4	4	36	14
X^5	2	44	14
X^6	1	32	4
X^7	1	38	11

X^0	4	456	279
X^1	6	457	280
X^2	2	450	273
X^3	0	454	275
X^4	0	281	157
X^5	1	323	172
X^6	1	181	38
X^7	0	310	156

X^0	3	143	74
X^1	3	122	67
X^2	3	118	54
X^3	3	114	59
X^4	3	82	51
X^5	0	76	47
X^6	0	38	24
X^7	6	82	49

X^0	3	144	71
X^1	2	143	70
X^2	2	143	70
X^3	3	141	70
X^4	0	122	65
X^5	3	125	50
X^6	1	105	48
X^7	0	124	33

X^0	2	68	42
X^1	2	67	35
X^2	2	70	39
X^3	2	70	36
X^4	2	70	38
X^5	2	58	29
X^6	0	41	33
X^7	1	61	32

X^0	2	145	66
X^1	2	143	64
X^2	2	116	46
X^3	2	111	42
X^4	2	104	49
X^5	2	77	26
X^6	1	94	46
X^7	1	41	1

X^0	7	31	10
X^1	7	31	18
X^2	7	32	18
X^3	7	30	17
X^4	9	33	24
X^5	7	25	11
X^6	7	19	10
X^7	0	25	7

X^0	2	26	20
X^1	4	27	22
X^2	3	25	19
X^3	1	23	18
X^4	1	23	18
X^5	0	19	7
X^6	0	4	3
X^7	0	19	7

X^0	2	31	8
X^1	1	33	11
X^2	2	35	13
X^3	1	30	12
X^4	1	26	13
X^5	3	25	15
X^6	1	23	12
X^7	0	20	6

X^0	3	56	35
X^1	3	52	38
X^2	6	50	42
X^3	2	36	31
X^4	2	28	20
X^5	2	21	17
X^6	1	21	17
X^7	0	28	13

X^0	1	36	24
X^1	1	39	25
X^2	1	31	24
X^3	1	31	10
X^4	1	15	9
X^5	0	30	12
X^6	0	1	0
X^7	0	37	18

X^0	6	47	20
X^1	6	50	20
X^2	6	47	17
X^3	7	38	22
X^4	3	34	28
X^5	1	15	7
X^6	3	61	59
X^7	5	69	66

X^0	1	41	24
X^1	1	36	19
X^2	2	34	20
X^3	1	26	6
X^4	1	26	15
X^5	1	13	7
X^6	1	16	9
X^7	0	16	8

X^0	2	17	2
X^1	6	21	10
X^2	2	13	3
X^3	2	12	2
X^4	2	10	2
X^5	1	11	2
X^6	0	8	0
X^7	1	11	1

X^0	4	34	14
X^1	4	33	14
X^2	7	34	15
X^3	5	29	12
X^4	6	28	13
X^5	1	18	8
X^6	0	10	0
X^7	0	2	0

X^0	2	127	59
X^1	4	132	61
X^2	1	123	60
X^3	1	119	66
X^4	0	110	57
X^5	0	117	68
X^6	0	61	60
X^7	0	72	55

X^0	6	92	45
X^1	3	91	42
X^2	1	83	36
X^3	1	72	36
X^4	3	74	38
X^5	1	54	18
X^6	1	37	1
X^7	1	26	1

X^0	4	117	59
X^1	3	118	60
X^2	4	119	60
X^3	2	96	45
X^4	2	90	43
X^5	2	58	15
X^6	1	77	38
X^7	0	22	0

X^0	3	29	20
X^1	3	19	15
X^2	3	13	10
X^3	3	16	10
X^4	2	10	3
X^5	2	10	4
X^6	2	3	2
X^7	1	20	14

X^0	2	436	215
X^1	2	431	216
X^2	2	428	216
X^3	2	428	215
X^4	2	413	209
X^5	2	403	191
X^6	0	218	207
X^7	0	228	210

X^0	1	40	19
X^1	0	39	16
X^2	1	37	17
X^3	0	30	12
X^4	0	18	10
X^5	0	4	0
X^6	0	3	0
X^7	0	4	0

X^0	3	95	53
X^1	2	96	54
X^2	2	84	46
X^3	4	73	36
X^4	4	62	28
X^5	7	48	22
X^6	4	25	10
X^7	0	43	19

X^0	2	31	9
X^1	1	27	12
X^2	2	22	11
X^3	5	20	15
X^4	1	12	3
X^5	2	10	3
X^6	1	9	5
X^7	0	16	8

X^0	3	67	33
X^1	3	69	31
X^2	3	61	32
X^3	1	58	31
X^4	1	55	31
X^5	1	54	31
X^6	1	51	31
X^7	0	54	21

X^0	1	76	71
X^1	2	75	71
X^2	2	79	74
X^3	2	72	64
X^4	2	67	63
X^5	2	12	2
X^6	2	2	2
X^7	1	12	1

X^0	2	53	25
X^1	2	51	24
X^2	2	46	19
X^3	2	44	19
X^4	2	37	18
X^5	2	25	6
X^6	2	6	2
X^7	0	25	11

X^0	2	34	19
X^1	3	35	20
X^2	4	38	22
X^3	2	36	16
X^4	3	39	21
X^5	4	38	21
X^6	0	21	20
X^7	1	24	12

X^0	2	152	79
X^1	2	149	76
X^2	2	148	75
X^3	3	149	75
X^4	1	148	70
X^5	3	149	77
X^6	1	79	76
X^7	0	80	69

X^0	2	26	9
X^1	1	22	8
X^2	2	21	12
X^3	1	18	10
X^4	5	20	17
X^5	1	12	10
X^6	5	8	5
X^7	2	18	11

X^0	4	41	15
X^1	1	43	14
X^2	2	44	16
X^3	8	50	22
X^4	3	37	17
X^5	1	29	16
X^6	1	32	16
X^7	0	26	4

X^0	5	32	14
X^1	3	28	12
X^2	2	26	16
X^3	3	22	18
X^4	2	21	13
X^5	0	11	7
X^6	0	15	5
X^7	0	10	0

X^0	6	169	161
X^1	3	165	157
X^2	1	159	150
X^3	2	160	156
X^4	1	153	151
X^5	0	153	151
X^6	0	155	153
X^7	0	0	0

X^0	1	31	14
X^1	6	36	20
X^2	0	31	15
X^3	2	26	9
X^4	2	20	9
X^5	3	27	9
X^6	2	2	2
X^7	0	26	11

X^0	6	21	12
X^1	4	19	9
X^2	2	18	5
X^3	2	18	8
X^4	2	15	8
X^5	1	12	5
X^6	1	6	3
X^7	1	11	6

X^0	11	20	11
X^1	8	15	8
X^2	6	12	6
X^3	7	10	7
X^4	7	8	7
X^5	0	5	0
X^6	0	0	0
X^7	2	11	2

X^0	2	51	26
X^1	5	53	28
X^2	2	47	19
X^3	2	39	21
X^4	2	30	13
X^5	1	18	4
X^6	0	18	2
X^7	1	14	1

X^0	1	8	4
X^1	1	7	3
X^2	2	8	5
X^3	1	4	1
X^4	2	4	2
X^5	1	5	1
X^6	0	1	0
X^7	1	7	4

X^0	5	404	201
X^1	5	398	197
X^2	5	393	197
X^3	5	392	196
X^4	5	387	191
X^5	5	385	196
X^6	5	196	189
X^7	2	228	189

X^0	2	181	69
X^1	1	185	74
X^2	2	182	75
X^3	2	174	69
X^4	2	142	66
X^5	1	132	66
X^6	1	94	67
X^7	1	120	62

X^0	1	12	6
X^1	1	10	2
X^2	1	9	3
X^3	3	11	6
X^4	2	8	5
X^5	5	13	9
X^6	1	1	1
X^7	3	11	7

X^0	2	21	11
X^1	2	22	12
X^2	2	20	10
X^3	2	20	10
X^4	3	23	13
X^5	2	20	9
X^6	2	10	5
X^7	4	14	9

X^0	5	746	368
X^1	4	746	368
X^2	1	740	362
X^3	1	739	361
X^4	1	724	351
X^5	1	715	354
X^6	1	362	354
X^7	0	384	353

X^0	4	238	110
X^1	2	230	109
X^2	1	225	98
X^3	1	206	95
X^4	1	188	95
X^5	1	159	83
X^6	0	86	78
X^7	0	132	96

X^0	2	842	417
X^1	1	838	413
X^2	1	835	411
X^3	1	822	412
X^4	1	811	402
X^5	1	803	403
X^6	1	407	391
X^7	1	423	395

X^0	2	57	30
X^1	2	59	32
X^2	1	51	31
X^3	1	44	29
X^4	1	39	17
X^5	1	31	18
X^6	1	26	18
X^7	1	31	16

X^0	3	132	63
X^1	3	135	62
X^2	2	135	67
X^3	2	123	61
X^4	2	130	68
X^5	2	104	54
X^6	1	73	55
X^7	1	11	1

X^0	2	19	9
X^1	1	18	7
X^2	2	18	7
X^3	4	18	8
X^4	4	19	6
X^5	5	20	10
X^6	2	10	6
X^7	1	17	7

X^0	1	24	8
X^1	2	21	6
X^2	5	22	10
X^3	2	19	5
X^4	1	16	2
X^5	1	11	1
X^6	3	15	3
X^7	0	15	1

X^0	2	519	233
X^1	1	522	236
X^2	2	520	234
X^3	2	511	227
X^4	0	454	225
X^5	2	443	220
X^6	0	229	215
X^7	0	292	218

X^0	3	448	232
X^1	3	450	233
X^2	5	452	233
X^3	2	447	226
X^4	1	444	221
X^5	3	406	221
X^6	1	223	221
X^7	3	230	227

X^0	4	28	12
X^1	3	20	9
X^2	2	19	8
X^3	4	19	7
X^4	3	16	6
X^5	2	15	3
X^6	2	14	5
X^7	1	13	1

X^0	0	309	158
X^1	0	303	152
X^2	0	299	148
X^3	2	299	148
X^4	1	283	145
X^5	0	237	133
X^6	1	151	92
X^7	0	54	0

X^0	1	18	5
X^1	1	17	1
X^2	1	15	1
X^3	2	17	5
X^4	0	12	2
X^5	1	12	1
X^6	1	9	1
X^7	0	14	3

X^0	3	34	12
X^1	3	33	14
X^2	5	37	19
X^3	3	31	13
X^4	3	20	13
X^5	3	22	10
X^6	3	3	3
X^7	0	25	13

X^0	1	10	7
X^1	1	10	7
X^2	0	10	7
X^3	2	8	6
X^4	0	3	0
X^5	0	3	1
X^6	0	0	0
X^7	0	0	0

X^0	2	45	18
X^1	1	45	19
X^2	1	46	20
X^3	1	45	21
X^4	5	45	24
X^5	1	31	12
X^6	3	32	16
X^7	0	0	0

X^0	2	17	14
X^1	1	17	13
X^2	1	17	14
X^3	1	17	8
X^4	2	11	3
X^5	1	5	1
X^6	2	2	2
X^7	1	14	7

X^0	4	87	39
X^1	2	83	33
X^2	2	70	29
X^3	2	65	43
X^4	2	42	30
X^5	2	53	26
X^6	2	18	5
X^7	3	58	31

X^0	2	89	68
X^1	2	86	67
X^2	2	75	67
X^3	2	59	55
X^4	4	35	24
X^5	4	4	4
X^6	4	18	7
X^7	2	4	2

X^0	3	814	408
X^1	3	815	408
X^2	5	819	412
X^3	3	809	404
X^4	3	796	394
X^5	3	798	400
X^6	2	406	403
X^7	0	415	400

X^0	3	50	30
X^1	3	54	33
X^2	3	51	30
X^3	3	49	29
X^4	3	50	32
X^5	3	38	29
X^6	3	33	26
X^7	1	44	25

X^0	7	229	224
X^1	5	224	219
X^2	5	224	219
X^3	5	212	200
X^4	5	223	197
X^5	5	209	180
X^6	5	185	180
X^7	0	202	157

X^0	4	65	38
X^1	1	57	36
X^2	1	53	40
X^3	3	48	37
X^4	0	34	22
X^5	0	32	3
X^6	2	11	10
X^7	1	48	25

X^0	5	16	11
X^1	1	13	6
X^2	2	12	9
X^3	2	8	7
X^4	2	3	2
X^5	3	6	4
X^6	0	7	5
X^7	0	7	5

X^0	5	111	95
X^1	5	113	94
X^2	5	110	92
X^3	5	106	93
X^4	5	108	101
X^5	2	102	88
X^6	1	97	77
X^7	0	2	0

X^0	4	51	22
X^1	5	49	24
X^2	3	43	19
X^3	3	30	10
X^4	1	17	6
X^5	3	24	12
X^6	1	3	1
X^7	3	24	11

X^0	7	29	9
X^1	8	29	11
X^2	8	30	14
X^3	3	26	8
X^4	3	26	13
X^5	5	28	9
X^6	2	20	11
X^7	3	24	11

X^0	4	13	4
X^1	4	13	5
X^2	4	11	4
X^3	4	10	4
X^4	3	9	5
X^5	6	9	6
X^6	7	12	7
X^7	0	11	1

X^0	0	116	78
X^1	0	116	77
X^2	0	107	71
X^3	0	83	73
X^4	1	62	47
X^5	0	80	37
X^6	0	0	0
X^7	0	80	36

X^0	3	335	165
X^1	3	333	165
X^2	3	332	164
X^3	2	330	164
X^4	2	328	164
X^5	3	323	168
X^6	2	165	159
X^7	2	177	158

X^0	3	63	43
X^1	3	65	42
X^2	3	57	35
X^3	3	50	34
X^4	3	16	13
X^5	5	23	19
X^6	2	2	2
X^7	0	38	34

X^0	3	33	15
X^1	2	32	14
X^2	3	32	13
X^3	3	27	6
X^4	2	27	16
X^5	3	20	8
X^6	5	27	12
X^7	0	16	2

X^0	1	359	180
X^1	2	354	176
X^2	2	354	171
X^3	3	349	172
X^4	1	347	171
X^5	3	341	169
X^6	1	172	168
X^7	1	182	173

X^0	4	86	42
X^1	3	87	39
X^2	10	95	50
X^3	3	84	40
X^4	4	53	46
X^5	1	48	39
X^6	1	1	1
X^7	0	22	13

X^0	4	54	29
X^1	3	51	30
X^2	3	50	28
X^3	5	51	30
X^4	4	49	29
X^5	2	48	27
X^6	4	26	19
X^7	0	37	25

X^0	2	62	29
X^1	2	57	28
X^2	2	53	27
X^3	2	53	26
X^4	1	26	24
X^5	3	40	24
X^6	1	1	1
X^7	2	43	28

X^0	1	67	33
X^1	2	68	33
X^2	2	67	33
X^3	1	68	35
X^4	1	63	31
X^5	2	60	30
X^6	0	34	26
X^7	0	45	32

X^0	7	18	10
X^1	1	10	8
X^2	1	11	6
X^3	1	7	4
X^4	1	10	4
X^5	1	9	3
X^6	7	15	13
X^7	4	15	8

X^0	4	129	102
X^1	4	135	99
X^2	4	133	102
X^3	4	131	96
X^4	5	134	103
X^5	6	134	75
X^6	1	88	74
X^7	0	118	53

X^0	1	36	18
X^1	1	34	17
X^2	1	28	13
X^3	1	30	9
X^4	1	24	11
X^5	1	24	11
X^6	2	13	3
X^7	0	20	11

X^0	1	494	250
X^1	1	494	247
X^2	1	496	247
X^3	1	501	256
X^4	1	492	245
X^5	1	493	248
X^6	1	258	243
X^7	0	302	232

X^0	3	138	68
X^1	3	135	68
X^2	3	126	66
X^3	2	121	65
X^4	3	106	51
X^5	1	97	53
X^6	1	44	39
X^7	2	68	53

X^0	2	222	116
X^1	3	224	117
X^2	1	221	114
X^3	2	221	106
X^4	1	192	104
X^5	1	181	99
X^6	4	82	78
X^7	0	115	97

X^0	2	351	186
X^1	2	352	185
X^2	2	353	182
X^3	2	344	175
X^4	2	338	178
X^5	2	258	175
X^6	4	196	116
X^7	2	110	15

X^0	3	25	8
X^1	3	24	11
X^2	3	23	12
X^3	3	20	8
X^4	4	20	9
X^5	7	20	9
X^6	4	15	5
X^7	0	14	2

X^0	2	384	176
X^1	5	394	193
X^2	1	390	199
X^3	2	389	198
X^4	1	382	196
X^5	1	371	211
X^6	1	191	190
X^7	0	236	187

X^0	1	28	17
X^1	1	26	14
X^2	1	24	10
X^3	1	25	12
X^4	1	18	12
X^5	1	5	2
X^6	2	3	2
X^7	1	19	14

X^0	4	65	41
X^1	4	65	42
X^2	4	60	37
X^3	5	62	44
X^4	5	42	32
X^5	4	24	10
X^6	2	2	2
X^7	2	14	2

X^0	4	29	22
X^1	4	29	25
X^2	4	26	21
X^3	4	29	18
X^4	4	22	11
X^5	4	20	16
X^6	4	23	19
X^7	1	27	18

X^0	1	37	15
X^1	1	38	18
X^2	2	38	20
X^3	3	35	25
X^4	0	28	20
X^5	2	22	19
X^6	3	26	17
X^7	3	26	12

X^0	4	13	6
X^1	1	11	5
X^2	4	12	7
X^3	1	10	7
X^4	3	9	5
X^5	4	10	9
X^6	2	10	8
X^7	1	12	1

X^0	1	28	12
X^1	0	29	11
X^2	1	30	13
X^3	1	27	8
X^4	4	28	11
X^5	1	23	9
X^6	0	22	8
X^7	0	20	0

X^0	9	1749	1161
X^1	5	1751	1165
X^2	2	1748	1165
X^3	2	1745	1164
X^4	2	1746	1169
X^5	2	1735	1163
X^6	1	1172	1172
X^7	1	596	586

X^0	1	25	8
X^1	0	24	9
X^2	3	24	10
X^3	0	19	8
X^4	6	21	9
X^5	2	12	2
X^6	2	11	4
X^7	0	17	5

X^0	3	54	52
X^1	4	55	50
X^2	3	56	46
X^3	2	55	51
X^4	1	53	47
X^5	2	51	49
X^6	6	47	45
X^7	2	51	46

X^0	2	186	173
X^1	2	174	170
X^2	2	173	171
X^3	2	185	180
X^4	2	174	170
X^5	2	186	173
X^6	2	120	120
X^7	0	184	170

X^0	3	69	24
X^1	3	67	15
X^2	3	57	17
X^3	3	44	17
X^4	2	52	18
X^5	2	40	11
X^6	0	52	14
X^7	0	6	0

X^0	6	31	12
X^1	8	26	11
X^2	5	15	5
X^3	5	15	5
X^4	1	11	1
X^5	1	3	1
X^6	0	3	0
X^7	0	0	0

X^0	9	111	69
X^1	9	113	66
X^2	9	109	67
X^3	7	106	67
X^4	9	104	67
X^5	9	100	66
X^6	9	86	66
X^7	1	80	22

X^0	5	26	7
X^1	6	28	10
X^2	5	23	7
X^3	3	22	3
X^4	2	17	4
X^5	3	20	5
X^6	2	16	4
X^7	1	17	5

X^0	3	60	21
X^1	3	62	24
X^2	7	66	45
X^3	3	55	37
X^4	3	47	25
X^5	3	29	24
X^6	3	37	32
X^7	3	3	3

X^0	4	361	354
X^1	6	361	353
X^2	2	356	350
X^3	2	348	341
X^4	2	331	327
X^5	2	345	343
X^6	0	347	346
X^7	6	352	345

X^0	3	9	3
X^1	3	12	4
X^2	3	11	5
X^3	4	11	6
X^4	1	8	1
X^5	2	6	4
X^6	0	6	0
X^7	0	4	0

X^0	3	415	209
X^1	0	414	208
X^2	5	410	212
X^3	2	398	206
X^4	1	388	198
X^5	0	378	188
X^6	1	198	196
X^7	0	205	195

X^0	4	28	16
X^1	2	27	13
X^2	2	28	9
X^3	2	24	10
X^4	0	22	11
X^5	1	21	10
X^6	0	19	10
X^7	0	23	9

X^0	2	15	8
X^1	1	9	4
X^2	1	11	3
X^3	0	9	2
X^4	7	15	8
X^5	2	11	4
X^6	0	1	0
X^7	0	10	3

X^0	4	92	42
X^1	4	94	44
X^2	4	88	40
X^3	4	77	40
X^4	4	62	35
X^5	4	51	23
X^6	4	23	5
X^7	1	55	27

X^0	3	38	20
X^1	3	42	20
X^2	3	39	17
X^3	3	30	16
X^4	1	32	18
X^5	1	30	8
X^6	1	2	1
X^7	1	37	16

X^0	4	84	35
X^1	2	84	38
X^2	2	84	39
X^3	2	75	37
X^4	2	62	33
X^5	2	45	25
X^6	2	48	30
X^7	0	53	26

X^0	2	83	31
X^1	2	87	34
X^2	3	80	32
X^3	4	73	33
X^4	4	64	33
X^5	1	61	31
X^6	1	48	32
X^7	3	63	29

X^0	3	24	11
X^1	5	30	13
X^2	3	28	12
X^3	0	25	7
X^4	0	23	11
X^5	1	17	13
X^6	0	13	9
X^7	2	19	9

X^0	1	23	10
X^1	4	23	10
X^2	1	19	2
X^3	1	16	1
X^4	1	18	5
X^5	1	18	5
X^6	1	1	1
X^7	3	20	7

X^0	5	23	10
X^1	5	24	9
X^2	5	28	14
X^3	5	29	15
X^4	5	23	14
X^5	5	21	7
X^6	5	18	12
X^7	0	12	2

X^0	1	82	47
X^1	0	81	46
X^2	0	81	47
X^3	1	79	41
X^4	1	77	44
X^5	0	76	43
X^6	0	33	32
X^7	0	47	41

X^0	2	35	21
X^1	2	35	20
X^2	2	33	19
X^3	2	32	14
X^4	2	26	17
X^5	2	22	14
X^6	0	23	7
X^7	0	9	0

X^0	3	228	113
X^1	2	226	111
X^2	2	231	114
X^3	2	221	110
X^4	2	220	112
X^5	8	225	116
X^6	7	123	119
X^7	3	128	112

X^0	3	13	9
X^1	2	9	3
X^2	5	11	7
X^3	8	13	10
X^4	2	6	2
X^5	2	3	2
X^6	0	0	0
X^7	1	6	3

X^0	3	22	12
X^1	3	17	5
X^2	3	15	8
X^3	3	10	3
X^4	3	7	3
X^5	4	6	4
X^6	4	4	4
X^7	3	6	3

X^0	2	56	29
X^1	2	55	30
X^2	2	55	23
X^3	2	50	28
X^4	1	40	20
X^5	3	30	15
X^6	0	21	17
X^7	2	35	25

X^0	1	166	93
X^1	3	166	91
X^2	1	164	90
X^3	3	163	89
X^4	4	162	89
X^5	3	157	86
X^6	1	116	74
X^7	0	41	0

X^0	4	173	91
X^1	1	168	87
X^2	2	172	88
X^3	1	167	83
X^4	1	173	90
X^5	1	146	85
X^6	1	96	84
X^7	1	100	76

X^0	5	129	54
X^1	1	144	60
X^2	2	109	50
X^3	2	87	39
X^4	0	84	44
X^5	0	52	20
X^6	0	60	18
X^7	0	40	0

X^0	0	151	78
X^1	0	149	74
X^2	1	145	69
X^3	0	144	73
X^4	0	144	73
X^5	0	136	65
X^6	0	76	61
X^7	0	9	0

X^0	7	207	103
X^1	7	209	104
X^2	7	207	102
X^3	7	204	100
X^4	7	195	96
X^5	7	187	95
X^6	6	106	105
X^7	0	112	98

X^0	2	39	17
X^1	3	38	17
X^2	2	29	13
X^3	1	25	11
X^4	1	22	6
X^5	2	20	2
X^6	0	6	0
X^7	1	25	7

X^0	4	52	17
X^1	4	62	28
X^2	2	60	28
X^3	1	52	22
X^4	1	40	15
X^5	0	35	9
X^6	0	30	9
X^7	1	33	8

X^0	3	132	71
X^1	3	131	67
X^2	3	128	72
X^3	2	125	70
X^4	2	125	72
X^5	2	121	68
X^6	2	78	59
X^7	2	6	2

X^0	2	19	9
X^1	3	26	11
X^2	2	23	10
X^3	4	26	11
X^4	12	32	20
X^5	1	20	10
X^6	0	14	10
X^7	1	15	6

X^0	5	34	16
X^1	5	37	20
X^2	2	31	15
X^3	2	25	15
X^4	5	24	17
X^5	4	20	11
X^6	1	4	1
X^7	0	18	8

X^0	1	41	22
X^1	2	42	25
X^2	1	38	23
X^3	2	36	21
X^4	4	36	28
X^5	2	30	27
X^6	1	27	26
X^7	0	32	19

X^0	4	273	138
X^1	4	273	134
X^2	4	277	137
X^3	4	272	133
X^4	4	269	137
X^5	4	172	136
X^6	0	131	131
X^7	3	149	140

X^0	2	203	97
X^1	1	202	98
X^2	1	193	95
X^3	1	170	91
X^4	1	145	69
X^5	0	144	71
X^6	0	73	47
X^7	0	104	72

X^0	2	193	101
X^1	1	193	100
X^2	1	193	97
X^3	1	176	96
X^4	0	176	96
X^5	1	173	97
X^6	0	102	97
X^7	1	94	71

X^0	2	121	62
X^1	2	120	57
X^2	2	117	57
X^3	2	120	60
X^4	2	115	56
X^5	2	104	51
X^6	2	51	42
X^7	3	69	57

X^0	3	19	6
X^1	2	19	2
X^2	1	19	5
X^3	1	16	6
X^4	4	18	11
X^5	0	11	7
X^6	1	3	3
X^7	0	12	4

X^0	5	175	87
X^1	5	174	87
X^2	5	174	85
X^3	1	173	89
X^4	1	170	89
X^5	1	135	89
X^6	1	93	92
X^7	0	47	39

X^0	3	29	13
X^1	3	28	13
X^2	3	26	12
X^3	3	21	10
X^4	3	20	8
X^5	3	17	6
X^6	3	13	3
X^7	3	5	3

X^0	2	42	25
X^1	2	40	25
X^2	2	41	23
X^3	1	43	26
X^4	2	41	24
X^5	2	25	22
X^6	0	22	16
X^7	2	25	16

X^0	2	66	51
X^1	2	63	51
X^2	1	61	51
X^3	1	58	46
X^4	1	58	52
X^5	1	56	49
X^6	1	50	48
X^7	0	56	49

X^0	3	111	76
X^1	3	111	76
X^2	3	111	76
X^3	3	108	76
X^4	1	109	63
X^5	6	99	68
X^6	3	80	50
X^7	1	22	1

X^0	3	14	3
X^1	4	15	5
X^2	5	17	10
X^3	2	15	8
X^4	3	13	8
X^5	1	11	6
X^6	3	10	7
X^7	0	10	4

X^0	3	266	148
X^1	8	270	155
X^2	2	263	148
X^3	2	271	154
X^4	0	261	144
X^5	0	165	103
X^6	1	134	83
X^7	0	160	102

X^0	3	126	52
X^1	2	123	54
X^2	2	117	57
X^3	2	112	59
X^4	2	104	51
X^5	2	99	43
X^6	0	50	32
X^7	0	88	47

X^0	2	47	20
X^1	2	47	16
X^2	3	46	20
X^3	3	45	19
X^4	1	41	21
X^5	1	32	24
X^6	2	31	23
X^7	3	28	14

X^0	8	24	15
X^1	2	20	8
X^2	1	17	6
X^3	1	14	5
X^4	1	17	1
X^5	0	1	0
X^6	2	2	2
X^7	0	16	5

X^0	5	230	118
X^1	5	233	119
X^2	5	234	118
X^3	5	232	119
X^4	5	232	119
X^5	5	223	115
X^6	5	122	104
X^7	5	13	5

X^0	3	62	35
X^1	2	58	33
X^2	2	53	30
X^3	2	52	31
X^4	2	48	28
X^5	2	52	23
X^6	2	15	7
X^7	2	52	25

X^0	2	825	532
X^1	3	835	531
X^2	2	835	532
X^3	2	832	530
X^4	5	833	535
X^5	2	800	527
X^6	2	535	504
X^7	1	540	264

X^0	3	67	24
X^1	3	65	25
X^2	3	60	25
X^3	3	53	26
X^4	1	48	21
X^5	0	43	24
X^6	0	32	18
X^7	2	41	13

X^0	3	247	119
X^1	1	237	109
X^2	3	237	105
X^3	3	237	105
X^4	2	211	103
X^5	1	150	108
X^6	4	106	104
X^7	1	81	40

X^0	1	64	31
X^1	1	64	30
X^2	1	63	31
X^3	1	63	31
X^4	2	58	38
X^5	1	47	30
X^6	1	29	26
X^7	0	36	24

X^0	1	11	4
X^1	1	12	5
X^2	1	14	5
X^3	2	16	9
X^4	3	17	10
X^5	1	12	6
X^6	1	9	4
X^7	1	10	5

X^0	6	71	35
X^1	11	76	38
X^2	3	68	31
X^3	2	61	25
X^4	8	60	29
X^5	1	46	29
X^6	1	35	18
X^7	1	48	18

X^0	4	73	25
X^1	4	79	35
X^2	4	84	40
X^3	4	69	38
X^4	4	46	25
X^5	4	49	17
X^6	4	31	15
X^7	0	34	17

X^0	3	567	306
X^1	3	569	307
X^2	3	570	306
X^3	3	568	307
X^4	5	566	306
X^5	0	416	258
X^6	0	261	258
X^7	0	223	151

X^0	1	40	16
X^1	5	43	22
X^2	1	37	16
X^3	1	33	13
X^4	2	32	15
X^5	1	24	8
X^6	2	20	9
X^7	1	7	1

X^0	2	20	11
X^1	2	24	12
X^2	3	24	13
X^3	2	20	9
X^4	5	19	12
X^5	2	15	2
X^6	2	9	2
X^7	0	17	6

X^0	1	514	253
X^1	1	514	253
X^2	2	515	254
X^3	1	508	252
X^4	4	505	255
X^5	0	495	250
X^6	0	252	246
X^7	1	265	240

X^0	2	24	14
X^1	2	24	14
X^2	1	24	14
X^3	1	23	11
X^4	2	18	13
X^5	1	18	14
X^6	1	18	11
X^7	0	3	0

X^0	3	390	192
X^1	1	388	191
X^2	4	392	200
X^3	1	384	195
X^4	1	363	195
X^5	1	333	195
X^6	6	194	165
X^7	0	4	0

X^0	5	17	5
X^1	5	15	9
X^2	5	12	6
X^3	5	10	5
X^4	5	8	5
X^5	5	10	5
X^6	5	5	5
X^7	0	10	1

X^0	4	27	12
X^1	4	31	13
X^2	4	30	14
X^3	3	30	11
X^4	4	32	10
X^5	2	26	13
X^6	1	19	16
X^7	0	18	14

X^0	0	404	198
X^1	0	407	196
X^2	0	404	200
X^3	3	398	207
X^4	1	392	202
X^5	0	370	204
X^6	0	205	204
X^7	0	203	164

X^0	2	37	33
X^1	2	36	33
X^2	1	31	28
X^3	1	29	22
X^4	1	27	22
X^5	1	28	22
X^6	0	23	22
X^7	0	30	20

X^0	2	109	50
X^1	2	101	50
X^2	2	99	45
X^3	2	90	46
X^4	3	85	46
X^5	2	74	36
X^6	2	34	32
X^7	1	54	44

X^0	7	80	18
X^1	5	75	16
X^2	1	73	18
X^3	1	76	23
X^4	0	73	14
X^5	0	26	0
X^6	0	0	0
X^7	0	71	45

X^0	6	263	127
X^1	2	257	121
X^2	2	258	123
X^3	2	255	120
X^4	2	232	123
X^5	6	185	113
X^6	2	83	80
X^7	1	138	97

X^0	5	27	18
X^1	3	21	16
X^2	3	19	12
X^3	3	19	13
X^4	2	17	11
X^5	0	16	7
X^6	1	6	5
X^7	0	19	18

X^0	3	110	63
X^1	3	114	62
X^2	6	116	64
X^3	3	95	47
X^4	2	85	39
X^5	1	73	40
X^6	1	29	25
X^7	5	66	44

X^0	4	211	79
X^1	4	212	81
X^2	4	203	75
X^3	4	198	71
X^4	4	129	61
X^5	0	193	68
X^6	3	130	62
X^7	0	140	70

X^0	2	29	20
X^1	2	28	20
X^2	4	28	20
X^3	1	28	18
X^4	3	28	13
X^5	0	25	13
X^6	2	17	17
X^7	1	20	13

X^0	3	33	22
X^1	3	34	21
X^2	1	32	24
X^3	3	28	20
X^4	1	26	21
X^5	1	26	17
X^6	7	35	30
X^7	1	24	14

X^0	2	28	9
X^1	2	30	14
X^2	3	29	12
X^3	0	20	10
X^4	2	23	9
X^5	0	17	9
X^6	2	22	11
X^7	0	10	0

X^0	3	397	164
X^1	2	396	165
X^2	2	396	165
X^3	2	393	162
X^4	2	317	153
X^5	1	316	217
X^6	1	164	148
X^7	0	242	149

X^0	2	34	20
X^1	2	22	13
X^2	2	11	9
X^3	2	14	6
X^4	2	4	2
X^5	2	12	8
X^6	0	1	0
X^7	0	18	15

X^0	4	98	58
X^1	4	98	55
X^2	4	97	58
X^3	4	90	56
X^4	4	72	34
X^5	4	38	4
X^6	1	66	33
X^7	0	66	32

X^0	3	76	53
X^1	3	74	53
X^2	3	71	55
X^3	3	71	39
X^4	3	62	28
X^5	2	70	38
X^6	1	32	26
X^7	2	66	46

X^0	1	52	19
X^1	3	52	19
X^2	2	50	18
X^3	1	46	17
X^4	3	48	19
X^5	4	47	15
X^6	0	39	17
X^7	0	32	5

X^0	3	65	31
X^1	3	68	34
X^2	3	68	35
X^3	3	47	34
X^4	1	42	33
X^5	1	41	30
X^6	1	18	5
X^7	0	41	27

X^0	2	162	78
X^1	2	165	83
X^2	2	160	78
X^3	2	155	82
X^4	2	147	70
X^5	2	84	74
X^6	0	3	0
X^7	0	77	74

X^0	3	24	9
X^1	4	21	9
X^2	1	18	7
X^3	4	23	14
X^4	1	13	7
X^5	1	15	6
X^6	2	17	11
X^7	0	20	11

X^0	3	27	12
X^1	3	30	13
X^2	3	29	11
X^3	3	29	8
X^4	3	29	13
X^5	3	27	13
X^6	3	27	11
X^7	2	29	13

X^0	2	48	24
X^1	2	51	23
X^2	3	54	23
X^3	6	55	30
X^4	4	51	28
X^5	0	47	25
X^6	1	34	32
X^7	1	34	22

X^0	4	59	54
X^1	2	56	50
X^2	2	56	49
X^3	2	55	48
X^4	2	49	45
X^5	2	45	41
X^6	2	42	40
X^7	1	30	28

X^0	2	49	37
X^1	1	49	40
X^2	6	51	38
X^3	2	34	21
X^4	2	41	28
X^5	0	30	6
X^6	0	1	0
X^7	0	46	25

X^0	2	43	21
X^1	2	45	21
X^2	4	47	23
X^3	2	44	21
X^4	2	45	24
X^5	2	43	21
X^6	2	27	19
X^7	0	35	17

X^0	3	21	7
X^1	3	14	5
X^2	3	14	6
X^3	6	13	6
X^4	3	9	3
X^5	2	7	2
X^6	0	4	0
X^7	2	14	2

X^0	4	17	12
X^1	4	15	10
X^2	4	8	4
X^3	4	8	4
X^4	4	7	4
X^5	4	7	4
X^6	4	14	10
X^7	0	9	2

X^0	5	80	45
X^1	3	74	41
X^2	4	77	43
X^3	3	67	40
X^4	3	53	26
X^5	3	46	25
X^6	3	30	21
X^7	3	6	3

X^0	3	25	12
X^1	3	23	14
X^2	5	28	19
X^3	3	23	12
X^4	3	18	11
X^5	3	18	12
X^6	3	10	3
X^7	2	2	2

X^0	2	47	22
X^1	2	47	23
X^2	1	46	21
X^3	1	38	22
X^4	1	31	16
X^5	0	24	5
X^6	0	16	0
X^7	1	1	1

X^0	2	38	21
X^1	2	46	28
X^2	2	37	27
X^3	4	45	29
X^4	2	33	28
X^5	0	48	28
X^6	0	22	19
X^7	0	24	19

X^0	4	65	32
X^1	4	63	29
X^2	12	70	38
X^3	7	65	29
X^4	2	58	29
X^5	2	55	27
X^6	2	32	23
X^7	2	4	2

X^0	7	633	322
X^1	1	628	319
X^2	6	635	327
X^3	1	627	324
X^4	1	632	329
X^5	1	605	310
X^6	1	292	286
X^7	1	293	288

X^0	1	15	11
X^1	1	21	13
X^2	1	19	13
X^3	1	14	8
X^4	1	1	1
X^5	2	14	6
X^6	1	1	1
X^7	2	14	10

X^0	3	70	33
X^1	3	70	35
X^2	7	72	42
X^3	3	62	32
X^4	3	54	25
X^5	1	36	27
X^6	3	40	27
X^7	1	12	1

X^0	0	42	29
X^1	2	42	33
X^2	0	42	25
X^3	2	46	25
X^4	0	47	23
X^5	2	49	25
X^6	1	27	24
X^7	3	37	26

X^0	1	40	21
X^1	4	43	24
X^2	1	39	20
X^3	1	37	20
X^4	1	31	18
X^5	0	25	11
X^6	0	20	2
X^7	0	16	0

X^0	6	223	105
X^1	3	220	101
X^2	3	216	103
X^3	3	213	105
X^4	3	207	108
X^5	4	206	106
X^6	3	104	101
X^7	3	121	100

X^0	6	26	19
X^1	5	23	15
X^2	3	23	15
X^3	5	19	12
X^4	1	12	5
X^5	0	7	0
X^6	0	9	2
X^7	1	12	5

X^0	2	57	43
X^1	2	61	44
X^2	2	59	44
X^3	2	55	44
X^4	3	50	43
X^5	2	44	40
X^6	2	47	43
X^7	0	53	38

X^0	7	39	17
X^1	6	39	17
X^2	8	40	16
X^3	1	30	13
X^4	0	23	14
X^5	1	27	10
X^6	1	16	6
X^7	1	22	12

X^0	4	23	7
X^1	4	24	9
X^2	4	19	4
X^3	4	17	4
X^4	4	16	4
X^5	4	11	4
X^6	2	2	2
X^7	4	11	4

X^0	1	61	28
X^1	1	56	21
X^2	1	49	20
X^3	1	33	22
X^4	1	41	14
X^5	1	25	14
X^6	1	27	16
X^7	0	5	0

X^0	3	16	8
X^1	3	12	4
X^2	4	11	4
X^3	3	6	3
X^4	2	2	2
X^5	1	6	1
X^6	2	2	2
X^7	1	1	1

X^0	2	82	27
X^1	2	86	28
X^2	2	78	29
X^3	2	72	34
X^4	2	66	31
X^5	6	62	34
X^6	6	67	34
X^7	0	57	12

X^0	5	91	44
X^1	5	93	47
X^2	5	91	45
X^3	5	97	51
X^4	5	92	48
X^5	5	76	34
X^6	5	42	30
X^7	2	62	41

X^0	4	192	156
X^1	1	178	154
X^2	1	173	150
X^3	2	173	156
X^4	1	155	147
X^5	1	168	160
X^6	1	145	143
X^7	2	161	145

X^0	4	95	50
X^1	4	88	41
X^2	4	84	38
X^3	4	78	35
X^4	4	69	35
X^5	4	66	33
X^6	1	38	33
X^7	4	40	28

X^0	3	43	37
X^1	3	42	32
X^2	3	41	33
X^3	3	40	36
X^4	3	45	36
X^5	3	45	32
X^6	3	35	32
X^7	0	32	26

X^0	2	27	19
X^1	1	27	19
X^2	5	30	20
X^3	1	28	20
X^4	2	29	21
X^5	2	38	19
X^6	0	21	19
X^7	0	26	18

X^0	5	57	26
X^1	5	57	26
X^2	5	58	27
X^3	5	54	24
X^4	5	34	26
X^5	5	7	5
X^6	5	5	5
X^7	1	7	1

X^0	3	39	16
X^1	3	39	19
X^2	3	40	21
X^3	3	34	19
X^4	2	33	19
X^5	3	30	19
X^6	1	25	19
X^7	3	24	6

X^0	5	160	78
X^1	5	157	75
X^2	5	156	74
X^3	5	157	76
X^4	2	150	77
X^5	2	138	73
X^6	2	77	73
X^7	0	78	61

X^0	3	135	73
X^1	3	137	73
X^2	3	140	76
X^3	3	138	78
X^4	3	127	72
X^5	1	122	74
X^6	3	95	78
X^7	0	99	43

X^0	2	114	64
X^1	3	117	59
X^2	2	116	66
X^3	3	111	63
X^4	3	92	60
X^5	3	98	67
X^6	1	64	59
X^7	0	59	44

X^0	2	66	23
X^1	2	64	22
X^2	1	59	17
X^3	1	61	26
X^4	2	55	26
X^5	2	50	16
X^6	1	47	27
X^7	0	47	22

X^0	5	9	5
X^1	5	9	5
X^2	5	11	5
X^3	5	10	5
X^4	5	11	6
X^5	5	5	5
X^6	5	12	7
X^7	5	5	5

X^0	2	51	21
X^1	1	48	18
X^2	1	49	19
X^3	2	47	22
X^4	2	35	15
X^5	1	31	14
X^6	2	33	16
X^7	0	34	11

X^0	3	12	4
X^1	3	12	3
X^2	3	10	3
X^3	3	11	4
X^4	1	9	1
X^5	4	12	4
X^6	3	9	3
X^7	5	13	6

X^0	1	919	453
X^1	2	922	456
X^2	1	912	454
X^3	4	901	456
X^4	0	861	439
X^5	3	842	420
X^6	0	419	384
X^7	4	466	424

X^0	3	8	3
X^1	4	9	4
X^2	3	7	3
X^3	5	8	5
X^4	3	6	3
X^5	2	6	2
X^6	1	4	1
X^7	1	5	1

X^0	5	31	11
X^1	5	27	12
X^2	5	29	11
X^3	5	26	9
X^4	5	25	6
X^5	5	22	9
X^6	5	20	5
X^7	5	5	5

X^0	2	77	51
X^1	2	76	51
X^2	2	75	50
X^3	2	74	50
X^4	3	72	52
X^5	2	63	48
X^6	3	51	48
X^7	1	66	46

X^0	3	52	29
X^1	3	61	29
X^2	3	60	29
X^3	3	60	28
X^4	3	64	31
X^5	3	64	44
X^6	3	47	44
X^7	2	33	15

X^0	2	48	29
X^1	2	43	28
X^2	1	42	29
X^3	2	40	28
X^4	1	36	24
X^5	0	32	22
X^6	0	24	21
X^7	1	33	18

X^0	2	92	88
X^1	1	90	87
X^2	1	91	87
X^3	1	90	83
X^4	1	89	66
X^5	0	82	62
X^6	0	76	73
X^7	0	91	66

X^0	4	160	85
X^1	5	162	87
X^2	2	160	85
X^3	6	160	86
X^4	3	151	74
X^5	1	151	77
X^6	2	74	70
X^7	1	90	79

X^0	1	215	192
X^1	1	219	191
X^2	1	217	191
X^3	1	217	193
X^4	4	231	211
X^5	1	211	202
X^6	1	193	189
X^7	0	204	186

X^0	0	19	6
X^1	2	24	9
X^2	3	24	9
X^3	0	24	5
X^4	0	20	9
X^5	3	18	10
X^6	0	13	7
X^7	0	15	6

X^0	3	117	57
X^1	2	118	54
X^2	1	114	57
X^3	1	104	57
X^4	1	95	51
X^5	1	77	38
X^6	1	39	18
X^7	2	63	41

X^0	6	44	20
X^1	7	49	20
X^2	6	44	18
X^3	6	39	9
X^4	6	40	17
X^5	6	37	19
X^6	0	26	16
X^7	5	39	19

X^0	2	89	36
X^1	2	94	41
X^2	3	95	44
X^3	0	94	42
X^4	2	84	42
X^5	0	77	36
X^6	0	42	34
X^7	2	63	38

X^0	2	598	294
X^1	2	600	297
X^2	3	600	297
X^3	4	599	297
X^4	2	594	296
X^5	2	591	294
X^6	4	306	293
X^7	0	311	283

X^0	2	45	20
X^1	3	39	21
X^2	2	30	17
X^3	2	25	12
X^4	2	21	15
X^5	3	31	16
X^6	2	2	2
X^7	0	29	12

X^0	6	274	241
X^1	3	269	234
X^2	4	248	239
X^3	3	244	215
X^4	3	240	235
X^5	3	203	202
X^6	0	203	202
X^7	3	131	125

X^0	5	286	281
X^1	5	286	281
X^2	5	285	281
X^3	5	285	281
X^4	4	299	295
X^5	4	282	269
X^6	3	313	308
X^7	0	285	260

X^0	1	63	32
X^1	3	64	31
X^2	1	66	33
X^3	1	63	30
X^4	1	63	30
X^5	0	51	28
X^6	0	32	21
X^7	2	46	26

X^0	2	35	13
X^1	2	40	13
X^2	1	38	15
X^3	2	37	16
X^4	3	36	17
X^5	2	32	12
X^6	1	30	10
X^7	1	28	2

X^0	2	210	101
X^1	2	207	100
X^2	2	210	102
X^3	2	206	99
X^4	2	195	99
X^5	0	188	89
X^6	0	96	86
X^7	5	117	96

X^0	1	32	16
X^1	1	31	16
X^2	1	31	16
X^3	8	38	23
X^4	2	30	17
X^5	1	24	16
X^6	1	19	17
X^7	2	25	13

X^0	1	179	77
X^1	1	174	77
X^2	1	165	71
X^3	1	150	70
X^4	1	136	65
X^5	1	122	66
X^6	0	56	49
X^7	0	112	72

X^0	4	73	47
X^1	4	73	47
X^2	4	74	47
X^3	4	74	46
X^4	4	69	41
X^5	4	52	23
X^6	0	29	18
X^7	4	29	21

X^0	1	71	37
X^1	2	74	37
X^2	1	72	37
X^3	3	73	37
X^4	1	69	33
X^5	2	72	40
X^6	1	37	34
X^7	0	41	34

X^0	1	27	24
X^1	3	28	25
X^2	1	26	23
X^3	0	25	22
X^4	0	23	17
X^5	0	25	22
X^6	0	21	14
X^7	0	24	21

X^0	1	31	11
X^1	6	35	18
X^2	1	29	12
X^3	1	28	13
X^4	1	26	10
X^5	1	13	4
X^6	1	18	12
X^7	0	28	11

X^0	4	27	12
X^1	5	28	15
X^2	4	25	9
X^3	3	20	14
X^4	4	23	12
X^5	3	22	9
X^6	3	13	5
X^7	0	22	10

X^0	1	606	301
X^1	1	608	303
X^2	1	604	302
X^3	1	596	302
X^4	1	593	305
X^5	1	582	297
X^6	1	298	293
X^7	1	311	284

X^0	3	126	61
X^1	3	125	59
X^2	3	117	59
X^3	3	111	58
X^4	3	105	55
X^5	3	98	46
X^6	0	53	51
X^7	1	63	45

X^0	11	30	17
X^1	4	22	4
X^2	3	20	8
X^3	8	24	10
X^4	2	15	3
X^5	2	15	2
X^6	3	19	7
X^7	1	15	3

X^0	2	273	136
X^1	2	271	132
X^2	2	270	131
X^3	2	270	132
X^4	2	267	132
X^5	2	264	132
X^6	2	137	134
X^7	0	144	121

X^0	2	68	46
X^1	2	66	38
X^2	2	68	34
X^3	2	66	32
X^4	2	52	30
X^5	2	52	19
X^6	1	52	46
X^7	0	49	34

X^0	4	37	12
X^1	4	38	12
X^2	4	34	11
X^3	4	29	9
X^4	4	26	7
X^5	2	29	9
X^6	4	22	6
X^7	0	22	5

X^0	2	110	58
X^1	0	111	59
X^2	0	109	59
X^3	0	97	49
X^4	0	88	42
X^5	0	75	36
X^6	0	42	35
X^7	0	61	44

X^0	2	23	10
X^1	2	24	7
X^2	2	24	11
X^3	2	23	8
X^4	2	20	10
X^5	0	18	5
X^6	1	17	8
X^7	2	16	5

X^0	4	6	4
X^1	4	5	4
X^2	4	7	4
X^3	4	4	4
X^4	2	3	2
X^5	6	8	6
X^6	0	6	5
X^7	2	7	6

X^0	3	30	9
X^1	3	31	8
X^2	3	24	8
X^3	3	26	6
X^4	5	28	12
X^5	3	25	11
X^6	2	18	7
X^7	0	16	2

X^0	1	18	12
X^1	3	20	13
X^2	2	17	11
X^3	3	18	10
X^4	2	15	8
X^5	1	7	2
X^6	1	2	1
X^7	1	1	1

X^0	3	16	7
X^1	3	16	8
X^2	3	17	7
X^3	3	17	4
X^4	3	17	7
X^5	2	17	5
X^6	5	19	11
X^7	1	6	1

X^0	3	221	152
X^1	3	222	151
X^2	5	222	151
X^3	1	212	143
X^4	0	211	111
X^5	0	180	111
X^6	0	211	54
X^7	0	122	0

X^0	2	99	50
X^1	2	99	49
X^2	2	101	52
X^3	2	93	49
X^4	2	54	49
X^5	2	27	26
X^6	0	7	3
X^7	0	52	51

X^0	2	205	99
X^1	3	210	103
X^2	2	209	102
X^3	2	209	101
X^4	2	208	101
X^5	2	208	102
X^6	2	109	102
X^7	1	109	100

X^0	3	59	26
X^1	3	55	27
X^2	3	41	14
X^3	3	26	8
X^4	0	17	0
X^5	5	24	5
X^6	0	26	8
X^7	3	26	9

X^0	4	9	4
X^1	2	8	3
X^2	4	9	5
X^3	1	5	1
X^4	1	4	1
X^5	1	4	1
X^6	2	2	2
X^7	1	5	1

X^0	1	181	124
X^1	1	181	125
X^2	1	180	125
X^3	1	179	125
X^4	1	177	124
X^5	1	166	124
X^6	1	117	112
X^7	1	106	49

X^0	2	21	9
X^1	3	19	5
X^2	4	17	8
X^3	1	13	7
X^4	1	11	6
X^5	1	4	1
X^6	1	1	1
X^7	0	4	0

X^0	1	37	13
X^1	1	37	11
X^2	2	35	14
X^3	1	29	10
X^4	1	20	11
X^5	1	17	13
X^6	1	16	12
X^7	0	22	2

X^0	4	76	36
X^1	2	74	33
X^2	2	69	31
X^3	2	69	31
X^4	1	69	31
X^5	3	66	40
X^6	3	42	39
X^7	2	39	24

X^0	5	43	23
X^1	4	45	23
X^2	5	41	20
X^3	5	35	17
X^4	1	32	15
X^5	0	33	15
X^6	2	30	6
X^7	0	22	0

X^0	3	19	10
X^1	2	18	8
X^2	0	15	7
X^3	0	13	7
X^4	1	12	7
X^5	0	9	5
X^6	0	6	1
X^7	0	5	0

X^0	4	41	16
X^1	4	40	16
X^2	1	40	15
X^3	1	33	12
X^4	6	36	20
X^5	1	25	2
X^6	3	22	4
X^7	0	31	13

X^0	1	49	21
X^1	1	44	19
X^2	1	37	18
X^3	1	33	15
X^4	1	31	11
X^5	1	33	11
X^6	1	21	3
X^7	1	33	7

X^0	2	79	36
X^1	2	81	37
X^2	1	80	35
X^3	1	78	34
X^4	1	69	31
X^5	1	64	32
X^6	1	40	31
X^7	1	46	18

X^0	2	19	5
X^1	2	20	4
X^2	2	21	4
X^3	2	20	6
X^4	2	15	4
X^5	1	14	6
X^6	1	9	1
X^7	1	6	1

X^0	9	43	26
X^1	6	37	20
X^2	6	37	14
X^3	6	30	15
X^4	6	26	15
X^5	6	18	15
X^6	0	13	7
X^7	0	10	0

X^0	4	17	5
X^1	2	16	2
X^2	2	17	6
X^3	1	13	6
X^4	3	15	6
X^5	1	16	8
X^6	0	13	5
X^7	4	19	8

X^0	2	469	452
X^1	2	466	445
X^2	2	459	450
X^3	2	457	447
X^4	2	448	436
X^5	2	443	437
X^6	2	449	442
X^7	1	444	436

X^0	3	26	8
X^1	3	27	9
X^2	4	27	9
X^3	1	22	7
X^4	1	18	7
X^5	0	14	6
X^6	2	10	5
X^7	1	18	4

X^0	3	67	38
X^1	3	58	38
X^2	3	47	35
X^3	3	40	20
X^4	3	26	18
X^5	3	11	5
X^6	1	1	1
X^7	0	20	15

X^0	3	395	143
X^1	3	392	141
X^2	3	377	134
X^3	3	362	127
X^4	3	252	129
X^5	1	358	127
X^6	1	248	123
X^7	0	267	128

X^0	3	135	69
X^1	3	139	69
X^2	2	140	69
X^3	3	136	68
X^4	1	132	67
X^5	1	125	64
X^6	1	66	65
X^7	0	69	59

X^0	4	166	78
X^1	3	163	75
X^2	5	162	74
X^3	2	152	71
X^4	7	156	78
X^5	1	148	76
X^6	1	80	70
X^7	1	92	70

X^0	4	27	11
X^1	3	26	10
X^2	0	23	5
X^3	1	26	7
X^4	0	22	6
X^5	3	26	9
X^6	3	21	7
X^7	0	18	5

X^0	2	29	15
X^1	2	31	18
X^2	4	31	18
X^3	2	30	18
X^4	1	29	19
X^5	2	19	13
X^6	1	24	15
X^7	1	1	1

X^0	2	25	9
X^1	2	29	24
X^2	2	30	21
X^3	2	29	24
X^4	1	24	19
X^5	0	23	18
X^6	5	17	11
X^7	4	29	19

X^0	3	40	22
X^1	2	38	20
X^2	2	34	15
X^3	2	33	18
X^4	2	22	12
X^5	2	24	12
X^6	2	14	4
X^7	2	26	13

X^0	2	83	38
X^1	2	85	41
X^2	1	85	40
X^3	1	87	42
X^4	1	83	40
X^5	1	84	42
X^6	1	48	45
X^7	0	49	39

X^0	3	267	130
X^1	4	267	132
X^2	4	267	122
X^3	2	265	132
X^4	1	261	131
X^5	1	257	131
X^6	1	135	131
X^7	1	131	119

X^0	2	124	51
X^1	1	120	47
X^2	1	116	42
X^3	1	109	47
X^4	1	75	36
X^5	1	99	38
X^6	1	59	19
X^7	0	69	28

X^0	5	13	5
X^1	5	11	5
X^2	5	9	5
X^3	2	9	2
X^4	9	13	9
X^5	2	9	2
X^6	3	7	3
X^7	3	10	3

X^0	3	72	35
X^1	4	70	37
X^2	5	71	38
X^3	3	69	36
X^4	2	61	37
X^5	1	49	31
X^6	5	41	36
X^7	1	47	23

X^0	5	60	35
X^1	5	59	32
X^2	5	57	31
X^3	5	42	31
X^4	5	38	26
X^5	9	48	36
X^6	5	13	7
X^7	4	41	31

X^0	2	20	5
X^1	4	22	11
X^2	1	20	7
X^3	2	21	11
X^4	0	19	10
X^5	2	16	9
X^6	1	14	8
X^7	0	11	4

X^0	5	460	230
X^1	6	461	234
X^2	5	453	221
X^3	4	448	229
X^4	3	436	217
X^5	2	438	220
X^6	2	218	202
X^7	1	260	222

X^0	2	75	48
X^1	2	72	48
X^2	1	67	51
X^3	1	67	48
X^4	2	58	50
X^5	1	28	23
X^6	3	12	10
X^7	1	57	55

X^0	2	21	9
X^1	4	25	12
X^2	2	20	9
X^3	2	20	10
X^4	0	16	5
X^5	0	11	5
X^6	0	16	11
X^7	1	14	8

X^0	2	40	12
X^1	2	38	15
X^2	5	29	19
X^3	1	13	4
X^4	2	17	7
X^5	1	8	1
X^6	1	4	1
X^7	0	8	0

X^0	3	122	61
X^1	2	121	60
X^2	1	119	61
X^3	2	116	57
X^4	1	109	56
X^5	1	101	53
X^6	1	48	43
X^7	2	65	55

X^0	2	55	26
X^1	2	54	27
X^2	2	53	25
X^3	2	44	22
X^4	1	36	19
X^5	3	38	21
X^6	4	41	21
X^7	0	8	0

X^0	8	54	31
X^1	3	51	27
X^2	2	50	26
X^3	1	49	25
X^4	1	53	24
X^5	1	55	34
X^6	5	41	36
X^7	4	31	19

X^0	12	30	12
X^1	12	30	12
X^2	12	28	12
X^3	12	28	12
X^4	12	27	12
X^5	12	23	12
X^6	11	20	11
X^7	1	22	3

X^0	5	35	17
X^1	1	32	13
X^2	2	29	16
X^3	2	27	15
X^4	1	22	16
X^5	1	20	14
X^6	0	16	9
X^7	0	17	7

X^0	1	36	17
X^1	1	35	16
X^2	2	34	14
X^3	2	33	15
X^4	2	29	17
X^5	2	27	11
X^6	2	24	14
X^7	0	24	8

X^0	9	28	13
X^1	1	15	5
X^2	2	12	2
X^3	2	11	4
X^4	2	11	4
X^5	1	11	2
X^6	1	2	1
X^7	0	11	1

X^0	4	29	16
X^1	5	47	20
X^2	5	47	21
X^3	4	43	20
X^4	4	39	18
X^5	4	40	21
X^6	4	20	15
X^7	0	28	18

X^0	2	54	18
X^1	3	56	23
X^2	2	52	22
X^3	2	50	23
X^4	1	46	24
X^5	2	43	24
X^6	1	33	23
X^7	2	43	18

X^0	4	536	267
X^1	3	535	267
X^2	6	535	268
X^3	2	523	259
X^4	7	513	250
X^5	2	490	235
X^6	2	251	232
X^7	0	266	236

X^0	2	18	8
X^1	0	14	6
X^2	0	15	4
X^3	1	16	8
X^4	0	12	0
X^5	0	8	0
X^6	4	11	4
X^7	0	12	0

X^0	3	133	70
X^1	3	134	71
X^2	8	140	77
X^3	3	128	57
X^4	3	117	60
X^5	3	104	57
X^6	1	62	60
X^7	1	84	61

X^0	1	112	92
X^1	3	110	92
X^2	0	109	89
X^3	3	108	71
X^4	3	92	71
X^5	5	109	56
X^6	1	56	48
X^7	0	94	47

X^0	1	443	256
X^1	1	440	250
X^2	1	444	257
X^3	1	439	251
X^4	1	381	194
X^5	1	258	127
X^6	1	131	1
X^7	1	253	127

X^0	3	16	8
X^1	8	24	16
X^2	3	16	9
X^3	3	16	11
X^4	4	17	14
X^5	3	14	11
X^6	4	16	11
X^7	0	9	6

X^0	2	44	23
X^1	1	46	23
X^2	1	44	23
X^3	2	44	22
X^4	3	47	21
X^5	0	37	23
X^6	1	31	21
X^7	0	23	7

X^0	3	26	12
X^1	2	20	7
X^2	2	18	11
X^3	2	5	2
X^4	5	5	5
X^5	2	13	3
X^6	3	3	3
X^7	1	18	10

X^0	2	47	23
X^1	4	50	24
X^2	1	47	18
X^3	1	38	22
X^4	0	34	20
X^5	0	22	15
X^6	0	16	13
X^7	2	29	15

X^0	1	59	34
X^1	4	70	37
X^2	1	64	35
X^3	0	58	36
X^4	0	53	32
X^5	1	53	36
X^6	0	44	30
X^7	6	52	23

X^0	3	20	10
X^1	2	18	9
X^2	2	16	8
X^3	2	14	5
X^4	2	15	4
X^5	2	17	3
X^6	2	2	2
X^7	2	4	2

X^0	2	292	151
X^1	2	293	151
X^2	2	295	152
X^3	2	284	142
X^4	2	267	133
X^5	1	285	142
X^6	0	143	134
X^7	0	154	141

X^0	6	58	29
X^1	6	55	25
X^2	3	46	20
X^3	3	45	18
X^4	3	41	19
X^5	3	37	16
X^6	3	20	14
X^7	0	30	14

X^0	2	273	136
X^1	2	271	130
X^2	2	270	134
X^3	4	270	130
X^4	2	262	131
X^5	3	253	129
X^6	2	136	115
X^7	2	11	2

X^0	3	43	19
X^1	3	43	17
X^2	2	40	16
X^3	5	36	16
X^4	2	32	17
X^5	2	25	11
X^6	1	24	11
X^7	0	8	0

X^0	2	107	53
X^1	1	106	52
X^2	1	102	52
X^3	1	100	51
X^4	2	108	59
X^5	1	102	92
X^6	1	60	56
X^7	3	57	49

X^0	3	202	94
X^1	3	205	95
X^2	5	201	101
X^3	3	189	94
X^4	3	177	98
X^5	1	115	84
X^6	2	90	63
X^7	1	24	1

X^0	4	60	26
X^1	8	62	30
X^2	8	64	34
X^3	3	56	31
X^4	8	54	31
X^5	4	43	27
X^6	1	38	22
X^7	2	48	13

X^0	6	410	192
X^1	6	416	194
X^2	6	414	193
X^3	6	412	192
X^4	6	347	190
X^5	4	383	196
X^6	4	193	188
X^7	0	269	192

X^0	2	29	12
X^1	2	36	19
X^2	2	33	16
X^3	4	33	15
X^4	2	27	13
X^5	2	27	13
X^6	2	15	13
X^7	4	24	16

X^0	3	85	44
X^1	1	78	41
X^2	1	67	41
X^3	1	56	38
X^4	3	49	46
X^5	2	59	45
X^6	3	21	18
X^7	2	61	47

X^0	6	19	11
X^1	3	14	7
X^2	2	12	6
X^3	3	9	4
X^4	2	6	2
X^5	2	8	2
X^6	2	6	2
X^7	2	2	2

X^0	2	689	338
X^1	2	690	337
X^2	2	681	335
X^3	2	675	333
X^4	2	668	326
X^5	2	665	321
X^6	2	344	330
X^7	4	351	332

X^0	7	35	20
X^1	3	27	9
X^2	2	31	14
X^3	2	26	11
X^4	2	21	7
X^5	2	13	5
X^6	2	2	2
X^7	0	17	10

X^0	3	143	71
X^1	2	145	71
X^2	2	143	68
X^3	3	142	73
X^4	3	142	78
X^5	2	137	84
X^6	0	78	73
X^7	2	75	59

Average
X^0	3.03276955602537	109.912262156448	57.8731501057082
X^1	2.75369978858351	109.355179704017	57.4112050739958
X^2	2.66384778012685	107.043340380550	56.7346723044397
X^3	2.49894291754757	103.057082452431	55.1289640591966
X^4	2.24841437632135	95.4355179704017	52.9228329809725
X^5	1.99788583509514	89.9323467230444	50.2124735729387
X^6	1.63319238900634	56.1701902748414	46.0782241014799
X^7	1.03065539112051	59.5317124735729	40.9682875264271

Deviation
X^0	1.83516972841654	155.298838014134	86.5322336525607
X^1	1.68929349942787	155.633203858820	86.5771298284370
X^2	1.77339499364005	155.362378082027	86.6088165633233
X^3	1.70761846663955	154.433394297876	86.4090049579756
X^4	1.77503911804094	149.280963608116	85.4262126543411
X^5	1.66292610354971	147.301274988742	84.8006385652231
X^6	1.63592005230449	85.3686298306375	83.4017899953954
X^7	1.44603818080878	85.1531486175208	74.1854644663106

Ratio of success: 0.946000000000000

----

