	Opt.	CR	FP
X^0	1	1	1
X^1	0	0	0
X^2	0	0	0
X^3	3	3	3
X^4	0	0	0
Diff.	0

X^0	2	11	7
X^1	2	3	2
X^2	2	2	2
X^3	2	2	2
X^4	0	0	0
Diff.	4

X^0	3	51	46
X^1	3	4	3
X^2	3	3	3
X^3	3	3	3
X^4	1	1	1
Diff.	8

X^0	5	21	14
X^1	1	6	1
X^2	1	6	1
X^3	1	8	1
X^4	1	1	1
Diff.	4

X^0	1	11	8
X^1	1	3	3
X^2	2	2	2
X^3	0	0	0
X^4	0	0	0
Diff.	0

X^0	3	31	24
X^1	0	18	10
X^2	6	6	6
X^3	6	6	6
X^4	0	0	0
Diff.	13

X^0	0	5	5
X^1	0	7	7
X^2	0	0	0
X^3	0	0	0
X^4	0	0	0
Diff.	2

X^0	2	43	42
X^1	2	28	27
X^2	1	19	18
X^3	1	10	9
X^4	1	1	1
Diff.	1

X^0	3	34	31
X^1	3	33	29
X^2	3	4	3
X^3	3	3	3
X^4	0	0	0
Diff.	4

X^0	1	21	18
X^1	2	2	2
X^2	3	3	3
X^3	1	1	1
X^4	0	0	0
Diff.	4

X^0	2	27	27
X^1	1	25	25
X^2	0	0	0
X^3	0	0	0
X^4	0	0	0
Diff.	2

X^0	2	164	161
X^1	0	0	0
X^2	1	1	1
X^3	0	0	0
X^4	2	2	2
Diff.	1

X^0	1	48	47
X^1	1	49	48
X^2	1	32	31
X^3	1	16	13
X^4	1	1	1
Diff.	0

X^0	1	279	276
X^1	1	275	272
X^2	1	186	185
X^3	1	93	92
X^4	1	1	1
Diff.	0

X^0	2	25	22
X^1	1	19	18
X^2	0	0	0
X^3	0	0	0
X^4	0	0	0
Diff.	0

X^0	1	2	1
X^1	1	4	4
X^2	0	0	0
X^3	0	0	0
X^4	0	0	0
Diff.	0

X^0	1	92	90
X^1	1	94	90
X^2	1	2	1
X^3	1	1	1
X^4	4	4	4
Diff.	1

X^0	5	7	5
X^1	2	2	2
X^2	2	2	2
X^3	2	2	2
X^4	0	0	0
Diff.	1

X^0	7	12	8
X^1	0	4	4
X^2	3	3	3
X^3	0	0	0
X^4	2	2	2
Diff.	0

X^0	3	10	7
X^1	2	8	7
X^2	3	3	3
X^3	1	1	1
X^4	3	3	3
Diff.	10

X^0	4	442	300
X^1	1	439	300
X^2	0	0	0
X^3	3	3	3
X^4	2	2	2
Diff.	0

X^0	2	20	18
X^1	2	22	20
X^2	2	2	2
X^3	2	2	2
X^4	0	0	0
Diff.	4

X^0	4	7	6
X^1	6	8	7
X^2	1	1	1
X^3	1	1	1
X^4	0	0	0
Diff.	2

X^0	1	37	34
X^1	3	29	28
X^2	1	19	17
X^3	1	8	6
X^4	1	1	1
Diff.	1

X^0	2	33	30
X^1	1	22	21
X^2	1	1	1
X^3	1	1	1
X^4	1	1	1
Diff.	12

X^0	7	9	7
X^1	5	5	5
X^2	7	7	7
X^3	3	7	4
X^4	0	0	0
Diff.	12

X^0	2	2	2
X^1	2	2	2
X^2	2	2	2
X^3	0	2	0
X^4	0	0	0
Diff.	5

X^0	8	27	26
X^1	1	8	5
X^2	1	14	13
X^3	1	1	1
X^4	0	0	0
Diff.	1

X^0	3	18	16
X^1	3	12	12
X^2	3	5	5
X^3	2	4	3
X^4	0	0	0
Diff.	2

X^0	2	2	2
X^1	1	1	1
X^2	1	1	1
X^3	0	0	0
X^4	2	2	2
Diff.	0

X^0	1	7	6
X^1	1	1	1
X^2	1	1	1
X^3	0	0	0
X^4	0	0	0
Diff.	3

X^0	8	10	8
X^1	6	7	6
X^2	8	8	8
X^3	3	3	3
X^4	1	1	1
Diff.	9

X^0	3	5	4
X^1	4	4	4
X^2	0	1	1
X^3	3	5	4
X^4	0	0	0
Diff.	3

X^0	2	5	3
X^1	2	2	2
X^2	2	2	2
X^3	6	6	6
X^4	2	2	2
Diff.	3

X^0	1	13	10
X^1	1	12	12
X^2	0	0	0
X^3	0	0	0
X^4	1	1	1
Diff.	3

X^0	1	6	5
X^1	1	4	4
X^2	2	2	2
X^3	0	0	0
X^4	1	1	1
Diff.	2

X^0	3	25	24
X^1	2	9	8
X^2	1	11	10
X^3	1	1	1
X^4	0	0	0
Diff.	0

X^0	1	42	40
X^1	5	45	45
X^2	2	2	2
X^3	0	0	0
X^4	5	5	5
Diff.	0

X^0	3	14	12
X^1	1	7	5
X^2	3	8	6
X^3	0	0	0
X^4	0	0	0
Diff.	0

X^0	3	6	3
X^1	3	3	3
X^2	3	3	3
X^3	3	3	3
X^4	1	1	1
Diff.	8

X^0	2	171	170
X^1	2	150	149
X^2	2	150	149
X^3	1	98	96
X^4	1	1	1
Diff.	4

X^0	0	15	13
X^1	1	17	15
X^2	1	1	1
X^3	1	1	1
X^4	0	0	0
Diff.	5

X^0	4	23	22
X^1	4	26	25
X^2	4	15	12
X^3	4	5	4
X^4	1	1	1
Diff.	8

X^0	1	8	6
X^1	1	7	5
X^2	1	1	1
X^3	1	1	1
X^4	1	1	1
Diff.	3

X^0	1	18	17
X^1	1	15	15
X^2	1	1	1
X^3	0	0	0
X^4	0	0	0
Diff.	0

X^0	1	18	17
X^1	2	17	15
X^2	1	1	1
X^3	1	1	1
X^4	1	1	1
Diff.	3

X^0	0	1637	300
X^1	1	1	1
X^2	3	3	3
X^3	0	0	0
X^4	1	1	1
Diff.	0

X^0	2	13	12
X^1	1	10	9
X^2	1	1	1
X^3	1	1	1
X^4	0	0	0
Diff.	2

X^0	3	61	51
X^1	2	41	35
X^2	2	23	22
X^3	1	6	5
X^4	1	1	1
Diff.	1

X^0	1	72	70
X^1	1	69	67
X^2	1	40	37
X^3	0	27	26
X^4	0	0	0
Diff.	0

X^0	1	5	2
X^1	2	4	2
X^2	1	3	1
X^3	3	3	3
X^4	0	0	0
Diff.	4

X^0	2	17	15
X^1	2	14	11
X^2	3	3	3
X^3	2	2	2
X^4	4	4	4
Diff.	3

X^0	4	14	10
X^1	4	12	8
X^2	4	4	4
X^3	4	4	4
X^4	4	4	4
Diff.	10

X^0	1	68	68
X^1	1	45	45
X^2	1	45	45
X^3	0	32	31
X^4	0	0	0
Diff.	0

X^0	2	16	16
X^1	1	16	16
X^2	1	10	10
X^3	2	7	7
X^4	0	0	0
Diff.	1

X^0	1	5	4
X^1	1	3	2
X^2	3	4	3
X^3	0	1	0
X^4	0	0	0
Diff.	1

X^0	2	4	2
X^1	2	3	2
X^2	2	2	2
X^3	2	2	2
X^4	2	2	2
Diff.	2

X^0	9	10	9
X^1	4	7	4
X^2	6	6	6
X^3	4	4	4
X^4	3	3	3
Diff.	5

X^0	7	26	21
X^1	3	5	3
X^2	4	4	4
X^3	1	1	1
X^4	1	1	1
Diff.	2

X^0	1	190	189
X^1	1	190	189
X^2	1	190	189
X^3	1	108	107
X^4	1	1	1
Diff.	1

X^0	1	55	53
X^1	1	29	28
X^2	0	26	25
X^3	1	30	29
X^4	0	0	0
Diff.	1

X^0	1	1	1
X^1	1	1	1
X^2	1	1	1
X^3	4	4	4
X^4	1	1	1
Diff.	1

X^0	2	7	5
X^1	2	6	2
X^2	2	2	2
X^3	2	2	2
X^4	0	0	0
Diff.	8

X^0	3	18	18
X^1	0	11	11
X^2	0	3	2
X^3	0	0	0
X^4	0	0	0
Diff.	0

X^0	3	5	3
X^1	2	3	2
X^2	1	1	1
X^3	1	1	1
X^4	1	1	1
Diff.	2

X^0	1	5	4
X^1	1	7	6
X^2	4	6	5
X^3	1	1	1
X^4	0	0	0
Diff.	2

X^0	1	30	25
X^1	1	10	9
X^2	1	10	9
X^3	1	1	1
X^4	0	0	0
Diff.	1

X^0	2	38	30
X^1	0	33	32
X^2	0	31	30
X^3	0	15	13
X^4	0	0	0
Diff.	0

X^0	1	12	9
X^1	1	8	7
X^2	1	1	1
X^3	0	0	0
X^4	2	2	2
Diff.	0

X^0	1	2	1
X^1	1	1	1
X^2	2	2	2
X^3	1	2	2
X^4	0	0	0
Diff.	1

X^0	3	197	194
X^1	3	3	3
X^2	3	3	3
X^3	2	2	2
X^4	2	2	2
Diff.	6

X^0	2	2	2
X^1	3	3	3
X^2	0	0	0
X^3	2	2	2
X^4	1	1	1
Diff.	0

X^0	1	15	15
X^1	1	20	20
X^2	0	12	11
X^3	0	10	9
X^4	0	0	0
Diff.	0

X^0	1	3	3
X^1	0	1	1
X^2	0	0	0
X^3	0	0	0
X^4	0	0	0
Diff.	0

X^0	1	11	11
X^1	1	6	6
X^2	0	2	1
X^3	2	4	4
X^4	0	0	0
Diff.	1

X^0	1	7	4
X^1	3	6	4
X^2	2	2	2
X^3	1	1	1
X^4	2	2	2
Diff.	2

X^0	2	13	12
X^1	2	10	9
X^2	1	5	3
X^3	0	0	0
X^4	1	1	1
Diff.	1

X^0	3	12	9
X^1	3	11	8
X^2	3	3	3
X^3	1	1	1
X^4	0	0	0
Diff.	3

X^0	3	32	30
X^1	2	5	2
X^2	2	2	2
X^3	2	2	2
X^4	0	0	0
Diff.	2

X^0	3	7	3
X^1	3	7	3
X^2	2	7	4
X^3	3	3	3
X^4	0	0	0
Diff.	3

X^0	3	6	4
X^1	10	10	10
X^2	1	1	1
X^3	5	5	5
X^4	0	0	0
Diff.	2

X^0	5	143	139
X^1	1	75	74
X^2	2	73	72
X^3	1	77	76
X^4	1	1	1
Diff.	1

X^0	0	1	0
X^1	1	5	4
X^2	0	0	0
X^3	0	0	0
X^4	0	0	0
Diff.	0

X^0	9	19	15
X^1	1	7	4
X^2	1	1	1
X^3	3	3	3
X^4	0	0	0
Diff.	2

X^0	5	10	7
X^1	3	10	6
X^2	3	3	3
X^3	3	3	3
X^4	1	1	1
Diff.	5

X^0	3	6	3
X^1	9	12	9
X^2	4	4	4
X^3	3	3	3
X^4	3	3	3
Diff.	8

X^0	6	154	151
X^1	1	114	111
X^2	1	1	1
X^3	1	1	1
X^4	1	1	1
Diff.	33

X^0	3	15	15
X^1	1	8	7
X^2	1	4	4
X^3	2	5	5
X^4	0	0	0
Diff.	4

X^0	2	9	7
X^1	2	15	13
X^2	3	14	12
X^3	2	6	3
X^4	2	2	2
Diff.	5

X^0	1	35	32
X^1	1	25	22
X^2	1	1	1
X^3	1	1	1
X^4	1	1	1
Diff.	11

X^0	1	21	20
X^1	1	11	10
X^2	1	1	1
X^3	1	1	1
X^4	0	0	0
Diff.	1

X^0	3	9	5
X^1	3	12	8
X^2	3	3	3
X^3	3	3	3
X^4	0	0	0
Diff.	12

X^0	2	5	2
X^1	3	3	3
X^2	3	5	3
X^3	2	2	2
X^4	0	0	0
Diff.	3

X^0	3	8	3
X^1	3	5	3
X^2	3	3	3
X^3	3	3	3
X^4	0	0	0
Diff.	10

X^0	2	22	21
X^1	3	15	14
X^2	1	7	5
X^3	1	7	6
X^4	1	1	1
Diff.	1

X^0	2	103	98
X^1	2	103	98
X^2	2	70	67
X^3	2	38	36
X^4	2	2	2
Diff.	6

X^0	1	4	1
X^1	3	4	3
X^2	6	6	6
X^3	4	4	4
X^4	0	0	0
Diff.	8

X^0	2	5	2
X^1	2	2	2
X^2	3	3	3
X^3	1	1	1
X^4	0	0	0
Diff.	0

X^0	2	5	3
X^1	0	1	0
X^2	1	1	1
X^3	1	1	1
X^4	0	0	0
Diff.	0

X^0	2	17	15
X^1	2	8	6
X^2	2	9	7
X^3	2	8	6
X^4	2	2	2
Diff.	7

X^0	3	56	52
X^1	3	58	53
X^2	3	3	3
X^3	3	3	3
X^4	2	2	2
Diff.	11

X^0	2	13	8
X^1	2	6	4
X^2	1	1	1
X^3	2	2	2
X^4	0	0	0
Diff.	1

X^0	1	13	12
X^1	1	9	9
X^2	0	6	2
X^3	1	3	2
X^4	0	0	0
Diff.	2

X^0	2	13	10
X^1	11	18	11
X^2	2	2	2
X^3	2	2	2
X^4	0	0	0
Diff.	6

X^0	6	16	10
X^1	6	6	6
X^2	6	6	6
X^3	2	3	2
X^4	0	0	0
Diff.	8

X^0	2	14	12
X^1	4	7	5
X^2	2	2	2
X^3	2	2	2
X^4	1	1	1
Diff.	3

X^0	3	43	42
X^1	0	0	0
X^2	0	0	0
X^3	0	0	0
X^4	0	0	0
Diff.	1

X^0	2	24	23
X^1	3	16	15
X^2	1	1	1
X^3	1	1	1
X^4	0	0	0
Diff.	9

X^0	1	3	2
X^1	1	3	2
X^2	1	2	1
X^3	9	10	9
X^4	1	1	1
Diff.	4

X^0	4	29	24
X^1	3	12	10
X^2	2	2	2
X^3	2	2	2
X^4	0	0	0
Diff.	9

X^0	3	21	21
X^1	1	14	14
X^2	4	8	6
X^3	3	7	4
X^4	0	0	0
Diff.	5

X^0	0	42	40
X^1	0	26	26
X^2	1	1	1
X^3	0	0	0
X^4	1	1	1
Diff.	0

X^0	2	11	9
X^1	2	7	4
X^2	2	4	2
X^3	2	2	2
X^4	0	0	0
Diff.	1

X^0	1	1	1
X^1	1	1	1
X^2	6	6	6
X^3	2	2	2
X^4	1	1	1
Diff.	1

X^0	4	4	4
X^1	2	2	2
X^2	4	4	4
X^3	4	4	4
X^4	1	1	1
Diff.	3

X^0	1	12	12
X^1	0	8	7
X^2	0	0	0
X^3	0	0	0
X^4	0	0	0
Diff.	0

X^0	3	10	7
X^1	4	10	6
X^2	3	3	3
X^3	3	3	3
X^4	7	7	7
Diff.	5

X^0	9	9	9
X^1	9	9	9
X^2	2	2	2
X^3	6	6	6
X^4	0	0	0
Diff.	16

X^0	4	23	22
X^1	1	26	26
X^2	1	1	1
X^3	0	0	0
X^4	4	4	4
Diff.	1

X^0	3	8	3
X^1	1	4	2
X^2	1	1	1
X^3	1	1	1
X^4	0	0	0
Diff.	1

X^0	2	20	15
X^1	2	6	2
X^2	4	4	4
X^3	2	2	2
X^4	0	0	0
Diff.	1

X^0	2	3	2
X^1	2	2	2
X^2	1	3	2
X^3	1	1	1
X^4	1	1	1
Diff.	3

X^0	1	17	17
X^1	0	17	17
X^2	2	2	2
X^3	0	0	0
X^4	2	2	2
Diff.	3

X^0	1	34	24
X^1	1	22	14
X^2	1	15	15
X^3	0	13	13
X^4	0	0	0
Diff.	0

X^0	2	16	14
X^1	2	8	6
X^2	2	2	2
X^3	2	2	2
X^4	0	0	0
Diff.	4

X^0	-23	1093	300
X^1	1	1092	299
X^2	1	1	1
X^3	0	0	0
X^4	1	1	1
Diff.	58

X^0	2	8	5
X^1	1	6	5
X^2	1	1	1
X^3	1	1	1
X^4	3	3	3
Diff.	0

X^0	3	45	40
X^1	2	8	5
X^2	1	8	4
X^3	4	4	4
X^4	0	0	0
Diff.	3

X^0	2	7	5
X^1	1	2	1
X^2	0	0	0
X^3	2	2	2
X^4	1	1	1
Diff.	0

X^0	3	4	3
X^1	1	1	1
X^2	3	3	3
X^3	4	4	4
X^4	3	3	3
Diff.	0

X^0	1	88	88
X^1	0	88	88
X^2	0	0	0
X^3	0	0	0
X^4	0	0	0
Diff.	2

X^0	4	86	82
X^1	5	47	41
X^2	4	24	19
X^3	4	4	4
X^4	4	4	4
Diff.	14

X^0	1	6	4
X^1	1	1	1
X^2	1	1	1
X^3	1	1	1
X^4	0	0	0
Diff.	2

X^0	3	9	5
X^1	3	5	3
X^2	6	7	6
X^3	4	4	4
X^4	1	1	1
Diff.	6

X^0	3	26	23
X^1	3	17	14
X^2	3	12	9
X^3	3	3	3
X^4	5	5	5
Diff.	10

X^0	1	3	1
X^1	3	3	3
X^2	4	4	4
X^3	1	1	1
X^4	1	1	1
Diff.	5

X^0	1	7	5
X^1	1	3	2
X^2	1	1	1
X^3	1	2	2
X^4	0	0	0
Diff.	2

X^0	3	7	5
X^1	3	7	7
X^2	2	5	5
X^3	2	3	2
X^4	0	0	0
Diff.	3

X^0	5	20	14
X^1	5	19	13
X^2	5	5	5
X^3	5	5	5
X^4	2	2	2
Diff.	11

X^0	4	8	4
X^1	3	5	3
X^2	3	3	3
X^3	8	10	8
X^4	3	3	3
Diff.	8

X^0	4	6	4
X^1	4	5	4
X^2	2	4	2
X^3	3	3	3
X^4	7	7	7
Diff.	5

X^0	2	64	61
X^1	2	2	2
X^2	2	2	2
X^3	3	3	3
X^4	2	2	2
Diff.	3

X^0	1	9	1
X^1	2	9	5
X^2	5	12	8
X^3	6	9	8
X^4	0	0	0
Diff.	1

X^0	2	104	100
X^1	2	118	114
X^2	2	78	75
X^3	2	42	37
X^4	2	2	2
Diff.	6

X^0	1	13	13
X^1	1	8	8
X^2	0	0	0
X^3	0	0	0
X^4	0	0	0
Diff.	5

X^0	2	4	2
X^1	2	5	2
X^2	2	4	2
X^3	2	2	2
X^4	0	0	0
Diff.	3

X^0	1	2	1
X^1	1	4	4
X^2	1	2	2
X^3	2	2	2
X^4	0	0	0
Diff.	1

X^0	2	54	53
X^1	1	39	38
X^2	4	29	27
X^3	1	13	12
X^4	1	1	1
Diff.	2

X^0	-3	613	300
X^1	0	613	300
X^2	7	7	7
X^3	7	7	7
X^4	0	0	0
Diff.	9

X^0	8	77	69
X^1	8	28	20
X^2	8	8	8
X^3	8	8	8
X^4	0	0	0
Diff.	23

X^0	0	8	7
X^1	1	3	3
X^2	1	2	1
X^3	1	2	2
X^4	0	0	0
Diff.	1

X^0	1	6	3
X^1	1	3	1
X^2	1	3	1
X^3	1	3	1
X^4	1	1	1
Diff.	3

X^0	3	113	111
X^1	3	116	114
X^2	2	77	77
X^3	1	38	38
X^4	0	0	0
Diff.	1

X^0	3	9	7
X^1	1	6	5
X^2	5	7	5
X^3	1	3	1
X^4	1	1	1
Diff.	0

X^0	2	25	24
X^1	4	15	14
X^2	2	2	2
X^3	3	3	3
X^4	1	1	1
Diff.	4

X^0	2	9	5
X^1	2	14	10
X^2	2	2	2
X^3	4	4	4
X^4	2	2	2
Diff.	1

X^0	3	12	8
X^1	0	8	4
X^2	2	5	3
X^3	0	0	0
X^4	0	0	0
Diff.	0

X^0	0	0	0
X^1	0	1	0
X^2	4	4	4
X^3	3	3	3
X^4	0	0	0
Diff.	7

X^0	1	504	300
X^1	1	496	238
X^2	7	7	7
X^3	1	1	1
X^4	0	0	0
Diff.	0

X^0	2	4	2
X^1	1	5	1
X^2	0	2	1
X^3	1	2	2
X^4	0	0	0
Diff.	0

X^0	6	8	6
X^1	3	4	3
X^2	0	0	0
X^3	1	1	1
X^4	3	3	3
Diff.	2

X^0	4	8	7
X^1	1	4	2
X^2	0	2	1
X^3	0	0	0
X^4	1	1	1
Diff.	0

X^0	4	15	13
X^1	2	9	7
X^2	2	2	2
X^3	2	2	2
X^4	1	1	1
Diff.	2

X^0	2	37	35
X^1	3	3	3
X^2	1	1	1
X^3	1	1	1
X^4	5	5	5
Diff.	1

X^0	1	15	13
X^1	1	2	1
X^2	1	1	1
X^3	1	1	1
X^4	0	0	0
Diff.	1

X^0	2	5	2
X^1	2	5	4
X^2	2	7	6
X^3	1	1	1
X^4	2	2	2
Diff.	10

X^0	3	10	10
X^1	0	7	7
X^2	0	3	2
X^3	0	0	0
X^4	1	1	1
Diff.	2

X^0	3	12	8
X^1	3	4	4
X^2	3	3	3
X^3	0	0	0
X^4	3	3	3
Diff.	11

X^0	1	1	1
X^1	1	1	1
X^2	1	1	1
X^3	2	2	2
X^4	3	3	3
Diff.	0

X^0	2	13	7
X^1	1	7	3
X^2	1	6	1
X^3	2	2	2
X^4	0	0	0
Diff.	2

X^0	1	7	6
X^1	4	9	8
X^2	1	4	1
X^3	1	1	1
X^4	1	1	1
Diff.	2

X^0	5	6	5
X^1	2	3	2
X^2	3	3	3
X^3	1	1	1
X^4	0	0	0
Diff.	2

X^0	2	19	15
X^1	2	2	2
X^2	1	1	1
X^3	0	0	0
X^4	3	3	3
Diff.	0

X^0	1	15	12
X^1	1	8	6
X^2	1	1	1
X^3	0	0	0
X^4	0	0	0
Diff.	1

X^0	1	34	32
X^1	1	38	36
X^2	1	25	23
X^3	1	18	17
X^4	1	1	1
Diff.	3

X^0	1	9	6
X^1	3	10	7
X^2	1	5	2
X^3	1	1	1
X^4	0	0	0
Diff.	1

X^0	2	8	7
X^1	0	5	5
X^2	1	5	5
X^3	4	5	4
X^4	0	0	0
Diff.	1

X^0	2	8	4
X^1	2	2	2
X^2	2	2	2
X^3	1	1	1
X^4	2	2	2
Diff.	0

X^0	1	63	59
X^1	1	55	52
X^2	3	3	3
X^3	3	3	3
X^4	1	1	1
Diff.	12

X^0	5	423	300
X^1	1	275	275
X^2	3	139	139
X^3	0	4	4
X^4	0	0	0
Diff.	0

X^0	4	4	4
X^1	4	4	4
X^2	1	1	1
X^3	1	1	1
X^4	0	0	0
Diff.	4

X^0	3	25	24
X^1	3	11	10
X^2	1	1	1
X^3	1	1	1
X^4	0	0	0
Diff.	8

X^0	4	8	4
X^1	3	3	3
X^2	1	1	1
X^3	0	0	0
X^4	2	2	2
Diff.	1

X^0	2	2938	300
X^1	2	2936	295
X^2	2	2	2
X^3	1	1	1
X^4	0	0	0
Diff.	0

X^0	6	22	21
X^1	0	14	13
X^2	0	13	12
X^3	3	13	11
X^4	0	0	0
Diff.	0

X^0	3	52	45
X^1	3	17	12
X^2	3	3	3
X^3	2	2	2
X^4	0	0	0
Diff.	3

X^0	4	39	35
X^1	4	28	24
X^2	4	20	16
X^3	2	12	2
X^4	4	4	4
Diff.	12

X^0	3	4	3
X^1	0	1	1
X^2	4	4	4
X^3	0	0	0
X^4	4	4	4
Diff.	0

X^0	1	44	44
X^1	1	32	30
X^2	3	25	25
X^3	0	11	11
X^4	0	0	0
Diff.	0

X^0	6	9	7
X^1	1	1	1
X^2	1	3	2
X^3	1	1	1
X^4	0	0	0
Diff.	0

X^0	3	5	3
X^1	2	4	2
X^2	2	3	2
X^3	3	4	3
X^4	2	2	2
Diff.	2

X^0	2	23	19
X^1	1	1	1
X^2	1	1	1
X^3	2	2	2
X^4	5	5	5
Diff.	1

X^0	3	39	36
X^1	2	35	32
X^2	2	2	2
X^3	2	2	2
X^4	2	2	2
Diff.	3

X^0	3	43	40
X^1	3	3	3
X^2	1	1	1
X^3	1	1	1
X^4	2	2	2
Diff.	2

X^0	2	3	3
X^1	0	0	0
X^2	0	0	0
X^3	0	0	0
X^4	0	0	0
Diff.	0

X^0	2	17	15
X^1	2	18	16
X^2	5	16	14
X^3	1	5	5
X^4	0	0	0
Diff.	2

X^0	1	102	97
X^1	1	89	89
X^2	4	4	4
X^3	0	0	0
X^4	1	1	1
Diff.	1

X^0	2	32	31
X^1	1	28	26
X^2	1	1	1
X^3	1	1	1
X^4	0	0	0
Diff.	0

X^0	4	85	80
X^1	4	85	80
X^2	4	4	4
X^3	4	4	4
X^4	1	1	1
Diff.	6

X^0	3	237	231
X^1	0	91	86
X^2	4	4	4
X^3	4	6	4
X^4	4	4	4
Diff.	0

X^0	2	6	4
X^1	1	1	1
X^2	1	1	1
X^3	2	5	4
X^4	0	0	0
Diff.	28

X^0	2	271	265
X^1	4	270	269
X^2	2	5	2
X^3	0	0	0
X^4	3	3	3
Diff.	2

X^0	1	3	1
X^1	1	1	1
X^2	1	1	1
X^3	5	5	5
X^4	0	0	0
Diff.	1

X^0	4	5	4
X^1	2	2	2
X^2	5	5	5
X^3	1	1	1
X^4	0	0	0
Diff.	1

X^0	3	21	16
X^1	1	14	13
X^2	2	14	13
X^3	1	14	13
X^4	1	1	1
Diff.	4

X^0	2	17	16
X^1	1	13	13
X^2	1	1	1
X^3	0	0	0
X^4	1	1	1
Diff.	1

X^0	3	23	15
X^1	3	20	17
X^2	3	3	3
X^3	3	3	3
X^4	0	0	0
Diff.	7

X^0	2	2	2
X^1	2	2	2
X^2	4	4	4
X^3	1	1	1
X^4	1	1	1
Diff.	2

X^0	8	9	8
X^1	5	6	5
X^2	1	2	1
X^3	1	1	1
X^4	0	0	0
Diff.	3

X^0	1	28	26
X^1	4	4	4
X^2	1	1	1
X^3	2	2	2
X^4	1	1	1
Diff.	0

X^0	5	13	10
X^1	2	12	9
X^2	2	4	2
X^3	2	2	2
X^4	0	0	0
Diff.	1

X^0	3	110	108
X^1	4	108	106
X^2	0	107	105
X^3	2	61	59
X^4	0	0	0
Diff.	2

X^0	2	18	16
X^1	2	12	12
X^2	1	7	5
X^3	0	4	4
X^4	0	0	0
Diff.	2

X^0	3	3	3
X^1	3	3	3
X^2	2	2	2
X^3	1	1	1
X^4	2	2	2
Diff.	3

X^0	0	29	22
X^1	1	17	10
X^2	1	13	12
X^3	0	11	10
X^4	0	0	0
Diff.	0

X^0	0	70	70
X^1	0	75	75
X^2	1	51	51
X^3	0	25	25
X^4	0	0	0
Diff.	2

X^0	6	14	11
X^1	6	11	8
X^2	5	5	5
X^3	2	2	2
X^4	0	0	0
Diff.	1

X^0	3	18	18
X^1	1	18	18
X^2	1	10	8
X^3	1	8	7
X^4	0	0	0
Diff.	2

X^0	2	3	2
X^1	2	2	2
X^2	2	2	2
X^3	7	7	7
X^4	0	0	0
Diff.	5

X^0	1	14	12
X^1	1	5	4
X^2	1	1	1
X^3	0	0	0
X^4	1	1	1
Diff.	4

X^0	1	7	5
X^1	0	4	3
X^2	0	0	0
X^3	1	1	1
X^4	1	1	1
Diff.	1

X^0	1	15	15
X^1	0	12	10
X^2	0	0	0
X^3	0	0	0
X^4	0	0	0
Diff.	1

X^0	3	53	49
X^1	3	55	52
X^2	3	54	51
X^3	3	27	24
X^4	3	3	3
Diff.	7

X^0	3	26	23
X^1	0	4	0
X^2	3	3	3
X^3	0	0	0
X^4	1	1	1
Diff.	0

X^0	3	321	300
X^1	1	233	232
X^2	2	154	152
X^3	1	84	82
X^4	1	1	1
Diff.	1

X^0	1	58	55
X^1	1	56	52
X^2	1	2	1
X^3	3	3	3
X^4	0	0	0
Diff.	2

X^0	1	6	3
X^1	1	1	1
X^2	1	1	1
X^3	1	1	1
X^4	1	1	1
Diff.	3

X^0	1	18	17
X^1	1	14	12
X^2	1	1	1
X^3	1	1	1
X^4	1	1	1
Diff.	6

X^0	1	22	14
X^1	6	6	6
X^2	0	0	0
X^3	0	0	0
X^4	0	0	0
Diff.	0

X^0	1	5	2
X^1	4	4	4
X^2	2	3	2
X^3	3	3	3
X^4	1	1	1
Diff.	4

X^0	4	23	20
X^1	4	21	18
X^2	3	3	3
X^3	3	3	3
X^4	0	0	0
Diff.	6

X^0	1	6	3
X^1	1	4	4
X^2	1	1	1
X^3	4	7	7
X^4	0	0	0
Diff.	2

X^0	5	37	34
X^1	2	20	19
X^2	2	2	2
X^3	1	1	1
X^4	1	1	1
Diff.	2

X^0	3	30	30
X^1	1	23	23
X^2	4	19	19
X^3	0	8	7
X^4	0	0	0
Diff.	0

X^0	1	28	26
X^1	1	20	15
X^2	1	14	12
X^3	1	7	4
X^4	1	1	1
Diff.	2

X^0	4	4	4
X^1	1	2	1
X^2	4	4	4
X^3	3	3	3
X^4	0	0	0
Diff.	2

X^0	1	209	208
X^1	3	157	156
X^2	1	103	103
X^3	0	51	46
X^4	0	0	0
Diff.	1

X^0	5	21	21
X^1	1	14	14
X^2	2	4	2
X^3	0	0	0
X^4	0	0	0
Diff.	1

X^0	4	43	36
X^1	4	43	42
X^2	1	1	1
X^3	1	1	1
X^4	1	1	1
Diff.	4

X^0	2	2	2
X^1	4	4	4
X^2	4	4	4
X^3	0	0	0
X^4	2	2	2
Diff.	1

X^0	1	1	1
X^1	4	5	4
X^2	1	1	1
X^3	1	1	1
X^4	2	2	2
Diff.	2

X^0	3	6	3
X^1	1	6	4
X^2	2	3	2
X^3	1	1	1
X^4	4	4	4
Diff.	2

X^0	3	97	92
X^1	3	97	94
X^2	2	103	101
X^3	4	51	48
X^4	2	2	2
Diff.	7

X^0	1	346	300
X^1	8	266	262
X^2	2	174	169
X^3	2	89	87
X^4	2	2	2
Diff.	3

X^0	2	11	7
X^1	2	2	2
X^2	1	1	1
X^3	3	3	3
X^4	3	3	3
Diff.	1

X^0	4	35	35
X^1	4	7	4
X^2	0	0	0
X^3	0	0	0
X^4	0	0	0
Diff.	3

X^0	8	401	300
X^1	1	395	300
X^2	3	3	3
X^3	1	1	1
X^4	1	1	1
Diff.	2

X^0	5	30	30
X^1	1	19	19
X^2	0	4	0
X^3	0	0	0
X^4	0	0	0
Diff.	0

X^0	2	33	32
X^1	2	32	31
X^2	1	1	1
X^3	1	1	1
X^4	0	0	0
Diff.	2

X^0	4	4	4
X^1	1	1	1
X^2	1	1	1
X^3	2	2	2
X^4	2	2	2
Diff.	0

X^0	7	41	38
X^1	3	3	3
X^2	3	3	3
X^3	3	3	3
X^4	0	0	0
Diff.	4

X^0	2	2	2
X^1	1	1	1
X^2	1	1	1
X^3	1	1	1
X^4	0	0	0
Diff.	4

X^0	2	4	3
X^1	1	3	2
X^2	2	4	3
X^3	0	1	0
X^4	0	0	0
Diff.	0

X^0	2	21	19
X^1	2	23	20
X^2	2	2	2
X^3	0	0	0
X^4	1	1	1
Diff.	0

X^0	3	36	32
X^1	3	27	22
X^2	3	19	14
X^3	5	18	15
X^4	3	3	3
Diff.	7

X^0	3	8	3
X^1	2	7	4
X^2	1	7	3
X^3	2	6	4
X^4	2	2	2
Diff.	4

X^0	2	4	4
X^1	2	8	8
X^2	1	1	1
X^3	0	0	0
X^4	1	1	1
Diff.	0

X^0	4	204	198
X^1	0	195	193
X^2	1	1	1
X^3	2	2	2
X^4	9	9	9
Diff.	0

X^0	2	5	2
X^1	3	4	3
X^2	2	2	2
X^3	1	1	1
X^4	1	1	1
Diff.	1

X^0	3	93	92
X^1	1	5	3
X^2	1	1	1
X^3	0	0	0
X^4	0	0	0
Diff.	0

X^0	3	72	70
X^1	4	77	75
X^2	2	68	66
X^3	2	32	29
X^4	2	2	2
Diff.	5

X^0	6	460	300
X^1	2	342	300
X^2	3	230	227
X^3	3	117	113
X^4	3	3	3
Diff.	1

X^0	2	87	82
X^1	0	72	70
X^2	0	0	0
X^3	2	2	2
X^4	0	0	0
Diff.	4

X^0	2	34	33
X^1	2	25	24
X^2	2	25	24
X^3	5	20	19
X^4	1	1	1
Diff.	4

X^0	3	65	62
X^1	3	71	68
X^2	3	3	3
X^3	3	3	3
X^4	0	0	0
Diff.	6

X^0	7	16	12
X^1	4	11	7
X^2	7	9	7
X^3	3	3	3
X^4	1	1	1
Diff.	4

X^0	6	46	38
X^1	6	39	33
X^2	6	6	6
X^3	6	6	6
X^4	0	0	0
Diff.	17

X^0	1	24	23
X^1	1	20	8
X^2	1	1	1
X^3	1	1	1
X^4	2	2	2
Diff.	2

X^0	1	29	22
X^1	0	28	23
X^2	3	5	3
X^3	5	5	5
X^4	0	0	0
Diff.	3

X^0	2	149	146
X^1	2	110	109
X^2	2	72	71
X^3	2	40	39
X^4	0	0	0
Diff.	4

X^0	2	26	22
X^1	2	26	22
X^2	2	4	2
X^3	2	2	2
X^4	2	2	2
Diff.	5

X^0	-1	3074	300
X^1	1	3071	300
X^2	2	2	2
X^3	0	0	0
X^4	0	0	0
Diff.	0

X^0	4	30	30
X^1	4	28	28
X^2	4	4	4
X^3	0	0	0
X^4	1	1	1
Diff.	7

X^0	2	4	3
X^1	1	3	2
X^2	2	2	2
X^3	0	0	0
X^4	0	0	0
Diff.	0

X^0	2	8	4
X^1	1	1	1
X^2	0	0	0
X^3	3	3	3
X^4	1	1	1
Diff.	0

X^0	4	6	4
X^1	4	4	4
X^2	5	5	5
X^3	2	2	2
X^4	4	4	4
Diff.	5

X^0	3	119	118
X^1	4	119	115
X^2	1	2	1
X^3	1	1	1
X^4	1	1	1
Diff.	1

X^0	3	9	8
X^1	1	1	1
X^2	1	1	1
X^3	1	1	1
X^4	0	0	0
Diff.	0

X^0	4	7	4
X^1	1	1	1
X^2	3	3	3
X^3	0	0	0
X^4	4	4	4
Diff.	7

X^0	2	4	2
X^1	2	2	2
X^2	2	2	2
X^3	2	2	2
X^4	1	1	1
Diff.	2

X^0	2	37	33
X^1	2	2	2
X^2	2	2	2
X^3	2	2	2
X^4	1	1	1
Diff.	3

X^0	2	14	12
X^1	2	6	2
X^2	2	2	2
X^3	1	1	1
X^4	2	2	2
Diff.	0

X^0	1	9	9
X^1	0	16	13
X^2	0	9	9
X^3	0	3	1
X^4	0	0	0
Diff.	0

X^0	1	15	11
X^1	1	20	19
X^2	1	11	10
X^3	2	12	11
X^4	1	1	1
Diff.	3

X^0	0	8	8
X^1	0	0	0
X^2	0	0	0
X^3	0	0	0
X^4	0	0	0
Diff.	13

X^0	1	3	1
X^1	0	0	0
X^2	1	1	1
X^3	1	1	1
X^4	1	1	1
Diff.	0

X^0	3	67	64
X^1	3	46	44
X^2	3	27	25
X^3	1	56	54
X^4	1	1	1
Diff.	4

X^0	2	6	3
X^1	1	2	1
X^2	4	4	4
X^3	1	1	1
X^4	1	1	1
Diff.	1

X^0	3	24	18
X^1	4	9	7
X^2	2	2	2
X^3	1	1	1
X^4	0	0	0
Diff.	0

X^0	1	18	17
X^1	1	18	17
X^2	1	1	1
X^3	1	13	12
X^4	1	1	1
Diff.	7

X^0	1	39	38
X^1	2	17	16
X^2	2	2	2
X^3	1	1	1
X^4	1	1	1
Diff.	3

X^0	1	55	53
X^1	1	50	49
X^2	1	1	1
X^3	0	0	0
X^4	1	1	1
Diff.	2

X^0	1	154	153
X^1	0	157	157
X^2	0	0	0
X^3	0	0	0
X^4	0	0	0
Diff.	0

X^0	2	56	54
X^1	2	28	26
X^2	2	2	2
X^3	2	2	2
X^4	1	1	1
Diff.	2

X^0	3	29	26
X^1	3	29	26
X^2	5	8	5
X^3	3	3	3
X^4	1	1	1
Diff.	3

X^0	2	10	8
X^1	2	3	2
X^2	2	2	2
X^3	1	1	1
X^4	3	3	3
Diff.	5

X^0	1	7	2
X^1	1	7	4
X^2	1	1	1
X^3	0	0	0
X^4	3	3	3
Diff.	1

X^0	3	15	13
X^1	2	16	15
X^2	1	5	4
X^3	1	3	1
X^4	0	0	0
Diff.	0

X^0	1	15	13
X^1	1	2	1
X^2	1	1	1
X^3	2	2	2
X^4	3	3	3
Diff.	0

X^0	3	68	67
X^1	2	69	68
X^2	2	46	43
X^3	1	25	23
X^4	1	1	1
Diff.	2

X^0	1	16	14
X^1	1	6	1
X^2	2	2	2
X^3	0	0	0
X^4	0	0	0
Diff.	0

X^0	1	2	1
X^1	2	2	2
X^2	1	1	1
X^3	2	2	2
X^4	3	3	3
Diff.	1

X^0	2	13	11
X^1	1	12	6
X^2	1	7	5
X^3	1	7	7
X^4	0	0	0
Diff.	1

X^0	1	33	32
X^1	3	36	35
X^2	1	1	1
X^3	1	1	1
X^4	1	1	1
Diff.	4

X^0	1	66	65
X^1	2	70	69
X^2	1	1	1
X^3	1	1	1
X^4	0	0	0
Diff.	2

X^0	4	8	4
X^1	4	8	4
X^2	4	7	4
X^3	4	4	4
X^4	1	1	1
Diff.	9

X^0	2	2	2
X^1	3	3	3
X^2	1	1	1
X^3	5	5	5
X^4	0	0	0
Diff.	0

X^0	1	24	23
X^1	3	27	26
X^2	1	1	1
X^3	1	1	1
X^4	2	2	2
Diff.	4

X^0	3	9	4
X^1	3	8	3
X^2	5	9	6
X^3	3	3	3
X^4	0	0	0
Diff.	3

X^0	5	16	15
X^1	2	12	11
X^2	0	11	10
X^3	1	7	5
X^4	0	0	0
Diff.	0

X^0	2	3	2
X^1	0	0	0
X^2	1	1	1
X^3	0	1	0
X^4	1	1	1
Diff.	0

X^0	4	7	7
X^1	1	2	1
X^2	5	5	5
X^3	0	0	0
X^4	0	0	0
Diff.	0

X^0	1	1	1
X^1	1	1	1
X^2	1	1	1
X^3	0	0	0
X^4	0	0	0
Diff.	3

X^0	6	16	12
X^1	4	8	4
X^2	0	0	0
X^3	3	3	3
X^4	0	0	0
Diff.	3

X^0	2	7	2
X^1	2	2	2
X^2	2	2	2
X^3	2	2	2
X^4	0	0	0
Diff.	4

X^0	2	94	94
X^1	2	95	95
X^2	0	47	46
X^3	1	46	46
X^4	0	0	0
Diff.	0

X^0	3	3	3
X^1	1	2	1
X^2	2	2	2
X^3	5	5	5
X^4	0	0	0
Diff.	3

X^0	3	29	25
X^1	1	8	7
X^2	1	1	1
X^3	1	1	1
X^4	0	0	0
Diff.	11

X^0	2	20	17
X^1	1	10	9
X^2	1	9	7
X^3	1	1	1
X^4	2	2	2
Diff.	0

X^0	3	89	88
X^1	1	87	86
X^2	2	2	2
X^3	1	1	1
X^4	1	1	1
Diff.	1

X^0	1	16	12
X^1	5	18	18
X^2	1	1	1
X^3	0	0	0
X^4	0	0	0
Diff.	2

X^0	2	134	130
X^1	1	1	1
X^2	1	1	1
X^3	1	1	1
X^4	2	2	2
Diff.	2

X^0	1	27	26
X^1	1	11	10
X^2	1	1	1
X^3	1	1	1
X^4	0	0	0
Diff.	6

X^0	1	42	41
X^1	1	9	8
X^2	1	1	1
X^3	0	0	0
X^4	1	1	1
Diff.	1

X^0	3	36	31
X^1	3	36	31
X^2	1	1	1
X^3	5	5	5
X^4	1	1	1
Diff.	3

X^0	1	14	9
X^1	1	13	13
X^2	2	11	11
X^3	1	5	5
X^4	0	0	0
Diff.	2

X^0	2	167	167
X^1	1	165	165
X^2	5	112	111
X^3	0	58	57
X^4	0	0	0
Diff.	0

X^0	1	3	1
X^1	2	2	2
X^2	4	4	4
X^3	0	0	0
X^4	4	4	4
Diff.	1

X^0	5	86	81
X^1	5	80	75
X^2	5	5	5
X^3	3	3	3
X^4	3	3	3
Diff.	10

X^0	3	4	3
X^1	3	3	3
X^2	3	3	3
X^3	2	2	2
X^4	1	1	1
Diff.	6

X^0	1	5	4
X^1	1	3	1
X^2	1	1	1
X^3	1	1	1
X^4	2	2	2
Diff.	0

X^0	3	4	3
X^1	1	2	1
X^2	1	2	1
X^3	2	3	2
X^4	1	1	1
Diff.	1

X^0	4	7	4
X^1	4	4	4
X^2	4	4	4
X^3	0	0	0
X^4	0	0	0
Diff.	10

X^0	3	14	4
X^1	2	2	2
X^2	0	0	0
X^3	1	1	1
X^4	2	2	2
Diff.	1

X^0	2	23	23
X^1	0	13	11
X^2	0	0	0
X^3	0	0	0
X^4	0	0	0
Diff.	0

X^0	1	23	21
X^1	1	14	12
X^2	1	1	1
X^3	1	1	1
X^4	0	0	0
Diff.	10

X^0	3	3	3
X^1	3	3	3
X^2	3	3	3
X^3	3	3	3
X^4	0	0	0
Diff.	5

X^0	1	164	161
X^1	0	163	161
X^2	1	2	1
X^3	1	1	1
X^4	1	1	1
Diff.	1

X^0	2	29	20
X^1	1	14	6
X^2	1	3	1
X^3	1	1	1
X^4	0	0	0
Diff.	2

X^0	2	77	75
X^1	2	77	75
X^2	2	2	2
X^3	2	2	2
X^4	1	1	1
Diff.	8

X^0	2	3	2
X^1	1	1	1
X^2	2	2	2
X^3	3	3	3
X^4	2	2	2
Diff.	0

X^0	1	1	1
X^1	1	1	1
X^2	1	1	1
X^3	6	6	6
X^4	0	0	0
Diff.	0

X^0	2	9	3
X^1	2	2	2
X^2	3	5	3
X^3	4	4	4
X^4	0	0	0
Diff.	3

X^0	6	7	6
X^1	3	4	3
X^2	3	3	3
X^3	0	0	0
X^4	3	3	3
Diff.	0

X^0	2	25	22
X^1	4	24	21
X^2	1	1	1
X^3	1	1	1
X^4	1	1	1
Diff.	2

X^0	1	4	1
X^1	1	1	1
X^2	1	1	1
X^3	1	1	1
X^4	1	1	1
Diff.	2

X^0	0	0	0
X^1	1	1	1
X^2	0	0	0
X^3	3	3	3
X^4	5	5	5
Diff.	0

X^0	3	28	25
X^1	3	22	20
X^2	3	12	10
X^3	1	5	4
X^4	1	1	1
Diff.	5

X^0	1	15	12
X^1	0	13	12
X^2	1	1	1
X^3	0	0	0
X^4	0	0	0
Diff.	0

X^0	2	62	60
X^1	3	3	3
X^2	2	2	2
X^3	2	2	2
X^4	2	2	2
Diff.	2

X^0	4	4	4
X^1	1	1	1
X^2	2	2	2
X^3	1	1	1
X^4	1	1	1
Diff.	0

X^0	4	28	23
X^1	4	20	19
X^2	4	4	4
X^3	1	1	1
X^4	4	4	4
Diff.	11

X^0	1	8	5
X^1	1	5	2
X^2	2	4	2
X^3	3	3	3
X^4	0	0	0
Diff.	2

X^0	3	3	3
X^1	7	8	7
X^2	2	2	2
X^3	1	2	1
X^4	3	3	3
Diff.	6

X^0	3	13	10
X^1	5	12	9
X^2	3	3	3
X^3	3	6	3
X^4	0	0	0
Diff.	9

X^0	1	2	1
X^1	3	4	3
X^2	3	3	3
X^3	2	2	2
X^4	0	0	0
Diff.	4

X^0	2	10	10
X^1	1	6	5
X^2	1	4	4
X^3	0	2	1
X^4	0	0	0
Diff.	2

X^0	3	60	57
X^1	3	51	47
X^2	3	3	3
X^3	2	2	2
X^4	2	2	2
Diff.	7

X^0	1	2	1
X^1	3	5	3
X^2	1	2	1
X^3	1	1	1
X^4	4	4	4
Diff.	1

X^0	3	6	3
X^1	1	1	1
X^2	1	1	1
X^3	3	3	3
X^4	1	1	1
Diff.	0

X^0	1	15	12
X^1	2	15	14
X^2	1	2	1
X^3	1	1	1
X^4	2	2	2
Diff.	0

X^0	0	3	3
X^1	0	2	0
X^2	0	1	1
X^3	0	1	0
X^4	0	0	0
Diff.	0

X^0	1	8	7
X^1	3	5	4
X^2	3	3	3
X^3	4	4	4
X^4	0	0	0
Diff.	3

X^0	2	47	46
X^1	2	47	45
X^2	2	2	2
X^3	1	1	1
X^4	1	1	1
Diff.	3

X^0	0	0	0
X^1	2	5	5
X^2	0	0	0
X^3	0	0	0
X^4	7	7	7
Diff.	0

X^0	2	4	2
X^1	2	2	2
X^2	0	0	0
X^3	1	1	1
X^4	3	3	3
Diff.	1

X^0	4	36	31
X^1	4	29	23
X^2	4	4	4
X^3	4	4	4
X^4	2	2	2
Diff.	20

X^0	2	2	2
X^1	2	2	2
X^2	3	3	3
X^3	1	1	1
X^4	3	3	3
Diff.	2

X^0	2	13	12
X^1	2	14	13
X^2	2	2	2
X^3	1	1	1
X^4	2	2	2
Diff.	2

X^0	5	14	9
X^1	4	13	9
X^2	5	5	5
X^3	4	4	4
X^4	0	0	0
Diff.	10

X^0	3	9	3
X^1	3	4	3
X^2	3	5	3
X^3	3	3	3
X^4	1	1	1
Diff.	8

X^0	4	72	69
X^1	3	45	42
X^2	3	3	3
X^3	3	3	3
X^4	0	0	0
Diff.	15

X^0	2	6	4
X^1	2	2	2
X^2	2	2	2
X^3	2	2	2
X^4	0	0	0
Diff.	4

X^0	3	9	8
X^1	1	8	7
X^2	1	1	1
X^3	1	1	1
X^4	1	1	1
Diff.	13

X^0	2	7	4
X^1	0	8	5
X^2	3	7	4
X^3	0	2	0
X^4	0	0	0
Diff.	0

X^0	4	9	5
X^1	1	4	2
X^2	0	0	0
X^3	0	0	0
X^4	1	1	1
Diff.	2

X^0	2	23	21
X^1	2	16	13
X^2	2	2	2
X^3	2	2	2
X^4	0	0	0
Diff.	1

X^0	4	7	4
X^1	1	6	5
X^2	1	1	1
X^3	0	0	0
X^4	1	1	1
Diff.	0

X^0	3	52	44
X^1	1	26	24
X^2	2	2	2
X^3	1	1	1
X^4	1	1	1
Diff.	2

X^0	1	5	3
X^1	3	3	3
X^2	1	1	1
X^3	0	0	0
X^4	0	0	0
Diff.	1

X^0	1	1	1
X^1	1	2	1
X^2	1	1	1
X^3	1	1	1
X^4	0	0	0
Diff.	2

X^0	7	28	19
X^1	7	15	8
X^2	7	7	7
X^3	7	7	7
X^4	1	1	1
Diff.	18

X^0	1	2	1
X^1	4	4	4
X^2	2	2	2
X^3	4	4	4
X^4	1	1	1
Diff.	2

X^0	3	3	3
X^1	3	4	3
X^2	2	2	2
X^3	3	3	3
X^4	0	0	0
Diff.	2

X^0	1	18	17
X^1	3	12	12
X^2	0	9	9
X^3	0	9	9
X^4	0	0	0
Diff.	1

X^0	3	378	377
X^1	2	361	300
X^2	1	1	1
X^3	1	1	1
X^4	0	0	0
Diff.	1

X^0	2	5	4
X^1	1	3	3
X^2	0	0	0
X^3	1	1	1
X^4	1	1	1
Diff.	0

X^0	1	1	1
X^1	3	3	3
X^2	1	1	1
X^3	1	1	1
X^4	2	2	2
Diff.	1

X^0	3	4	3
X^1	0	0	0
X^2	0	0	0
X^3	1	1	1
X^4	0	0	0
Diff.	0

X^0	1	1	1
X^1	0	0	0
X^2	0	0	0
X^3	0	0	0
X^4	4	4	4
Diff.	0

X^0	1	40	40
X^1	1	27	25
X^2	1	15	11
X^3	0	11	11
X^4	0	0	0
Diff.	2

X^0	0	151	149
X^1	0	0	0
X^2	3	3	3
X^3	0	0	0
X^4	3	3	3
Diff.	0

X^0	2	207	205
X^1	3	139	136
X^2	4	74	72
X^3	1	1	1
X^4	2	2	2
Diff.	1

X^0	3	18	16
X^1	2	12	10
X^2	1	1	1
X^3	1	1	1
X^4	0	0	0
Diff.	4

X^0	2	7	6
X^1	0	0	0
X^2	0	0	0
X^3	1	1	1
X^4	0	0	0
Diff.	2

X^0	0	327	325
X^1	4	323	300
X^2	2	2	2
X^3	2	2	2
X^4	0	0	0
Diff.	0

X^0	0	2	0
X^1	4	7	5
X^2	1	1	1
X^3	0	0	0
X^4	1	1	1
Diff.	0

X^0	1	6	3
X^1	1	4	1
X^2	0	3	0
X^3	3	6	3
X^4	0	0	0
Diff.	1

X^0	0	4	2
X^1	0	0	0
X^2	0	0	0
X^3	2	2	2
X^4	0	0	0
Diff.	0

X^0	6	9	7
X^1	2	2	2
X^2	0	0	0
X^3	1	1	1
X^4	0	0	0
Diff.	0

X^0	4	9	6
X^1	4	6	4
X^2	3	3	3
X^3	0	0	0
X^4	1	1	1
Diff.	4

X^0	5	189	181
X^1	5	187	181
X^2	5	5	5
X^3	5	5	5
X^4	1	1	1
Diff.	11

X^0	0	5	3
X^1	0	0	0
X^2	2	2	2
X^3	2	2	2
X^4	0	0	0
Diff.	0

X^0	1	6	3
X^1	1	7	6
X^2	1	1	1
X^3	1	1	1
X^4	0	0	0
Diff.	4

X^0	4	6	4
X^1	4	4	4
X^2	4	4	4
X^3	4	4	4
X^4	1	1	1
Diff.	12

X^0	4	8	6
X^1	4	6	4
X^2	1	1	1
X^3	1	1	1
X^4	3	3	3
Diff.	0

X^0	4	11	7
X^1	4	9	5
X^2	4	6	4
X^3	4	4	4
X^4	1	1	1
Diff.	6

X^0	0	9	7
X^1	0	0	0
X^2	0	0	0
X^3	1	1	1
X^4	0	0	0
Diff.	1

X^0	3	23	21
X^1	5	23	22
X^2	1	1	1
X^3	1	1	1
X^4	1	1	1
Diff.	7

X^0	1	8	5
X^1	4	12	9
X^2	1	1	1
X^3	2	2	2
X^4	4	4	4
Diff.	0

X^0	3	58	52
X^1	3	58	48
X^2	5	5	5
X^3	6	6	6
X^4	0	0	0
Diff.	6

X^0	2	77	75
X^1	2	40	38
X^2	2	39	37
X^3	2	43	41
X^4	2	2	2
Diff.	2

X^0	2	18	17
X^1	1	14	13
X^2	1	1	1
X^3	1	1	1
X^4	0	0	0
Diff.	0

X^0	2	24	20
X^1	2	14	10
X^2	2	6	2
X^3	2	6	2
X^4	2	2	2
Diff.	8

X^0	0	55	54
X^1	0	40	39
X^2	0	26	22
X^3	0	14	11
X^4	0	0	0
Diff.	1

X^0	2	20	17
X^1	2	4	2
X^2	2	2	2
X^3	3	3	3
X^4	1	1	1
Diff.	1

X^0	2	8	5
X^1	5	6	5
X^2	2	2	2
X^3	2	2	2
X^4	0	0	0
Diff.	2

X^0	1	8	8
X^1	1	23	23
X^2	1	1	1
X^3	0	0	0
X^4	0	0	0
Diff.	0

X^0	0	66	66
X^1	9	57	56
X^2	0	30	29
X^3	0	18	15
X^4	0	0	0
Diff.	1

X^0	1	8	6
X^1	1	8	8
X^2	1	10	10
X^3	3	9	8
X^4	0	0	0
Diff.	0

X^0	2	109	106
X^1	1	107	106
X^2	1	1	1
X^3	1	1	1
X^4	1	1	1
Diff.	2

X^0	1	18	18
X^1	1	12	10
X^2	2	8	6
X^3	0	6	6
X^4	0	0	0
Diff.	1

X^0	2	6	4
X^1	2	4	2
X^2	2	3	2
X^3	1	3	1
X^4	2	2	2
Diff.	8

X^0	2	7	5
X^1	2	6	3
X^2	2	3	2
X^3	0	3	1
X^4	2	2	2
Diff.	5

X^0	1	13	12
X^1	3	11	10
X^2	1	2	1
X^3	1	1	1
X^4	0	0	0
Diff.	1

X^0	6	16	9
X^1	6	24	18
X^2	6	7	6
X^3	6	6	6
X^4	2	2	2
Diff.	14

X^0	4	14	11
X^1	1	7	6
X^2	0	2	0
X^3	0	2	2
X^4	0	0	0
Diff.	3

X^0	1	20	18
X^1	1	14	14
X^2	1	1	1
X^3	0	0	0
X^4	1	1	1
Diff.	0

X^0	3	26	22
X^1	3	23	19
X^2	3	3	3
X^3	2	2	2
X^4	0	0	0
Diff.	1

X^0	2	3	2
X^1	1	1	1
X^2	0	1	0
X^3	0	1	1
X^4	0	0	0
Diff.	0

X^0	1	22	20
X^1	1	9	7
X^2	0	0	0
X^3	1	1	1
X^4	0	0	0
Diff.	1

X^0	2	6	6
X^1	2	4	4
X^2	1	3	3
X^3	3	3	3
X^4	0	0	0
Diff.	1

X^0	1	17	16
X^1	4	9	9
X^2	2	3	3
X^3	2	18	18
X^4	0	0	0
Diff.	0

X^0	0	5	1
X^1	0	5	1
X^2	5	5	5
X^3	4	4	4
X^4	0	0	0
Diff.	3

X^0	2	9	9
X^1	1	10	8
X^2	2	12	11
X^3	1	7	7
X^4	0	0	0
Diff.	2

X^0	3	4	3
X^1	1	2	1
X^2	2	2	2
X^3	0	0	0
X^4	1	1	1
Diff.	2

X^0	2	12	12
X^1	2	12	12
X^2	3	9	8
X^3	2	2	2
X^4	0	0	0
Diff.	5

X^0	1	213	210
X^1	0	114	113
X^2	1	101	100
X^3	1	115	114
X^4	1	1	1
Diff.	0

X^0	1	8	6
X^1	1	4	3
X^2	1	4	1
X^3	1	1	1
X^4	0	0	0
Diff.	2

X^0	1	6	4
X^1	1	6	4
X^2	2	2	2
X^3	2	2	2
X^4	1	1	1
Diff.	6

X^0	9	15	9
X^1	4	4	4
X^2	5	5	5
X^3	3	3	3
X^4	6	6	6
Diff.	12

X^0	2	2	2
X^1	2	4	2
X^2	2	2	2
X^3	2	2	2
X^4	1	1	1
Diff.	3

X^0	1	3	2
X^1	1	1	1
X^2	1	1	1
X^3	0	0	0
X^4	1	1	1
Diff.	2

X^0	2	28	27
X^1	2	28	27
X^2	0	0	0
X^3	1	1	1
X^4	2	2	2
Diff.	1

X^0	3	21	18
X^1	3	15	14
X^2	3	3	3
X^3	0	0	0
X^4	0	0	0
Diff.	4

X^0	1	60	58
X^1	1	61	59
X^2	1	3	1
X^3	1	1	1
X^4	0	0	0
Diff.	0

X^0	4	4	4
X^1	3	3	3
X^2	1	1	1
X^3	0	0	0
X^4	3	3	3
Diff.	0

X^0	3	5	4
X^1	0	0	0
X^2	1	1	1
X^3	0	0	0
X^4	0	0	0
Diff.	1

X^0	1	13	11
X^1	1	11	8
X^2	3	3	3
X^3	1	1	1
X^4	0	0	0
Diff.	2

X^0	4	4	4
X^1	1	3	3
X^2	1	1	1
X^3	0	0	0
X^4	1	1	1
Diff.	2

X^0	1	206	205
X^1	1	197	189
X^2	1	1	1
X^3	1	1	1
X^4	1	1	1
Diff.	2

X^0	2	3	2
X^1	2	3	2
X^2	2	2	2
X^3	3	3	3
X^4	2	2	2
Diff.	2

X^0	1	41	41
X^1	1	42	42
X^2	0	28	24
X^3	0	10	9
X^4	0	0	0
Diff.	0

X^0	2	3	2
X^1	0	0	0
X^2	0	0	0
X^3	0	0	0
X^4	0	0	0
Diff.	0

X^0	4	9	4
X^1	4	8	4
X^2	4	8	4
X^3	4	4	4
X^4	6	6	6
Diff.	9

X^0	1	18	15
X^1	2	19	16
X^2	2	14	13
X^3	0	5	4
X^4	0	0	0
Diff.	0

X^0	1	12	8
X^1	2	11	5
X^2	1	7	6
X^3	3	4	3
X^4	0	0	0
Diff.	2

X^0	4	4	4
X^1	1	1	1
X^2	2	2	2
X^3	0	0	0
X^4	1	1	1
Diff.	2

X^0	2	29	27
X^1	1	26	25
X^2	1	1	1
X^3	1	1	1
X^4	2	2	2
Diff.	1

X^0	1	12	11
X^1	2	8	8
X^2	1	2	1
X^3	0	0	0
X^4	0	0	0
Diff.	0

X^0	1	59	58
X^1	1	33	28
X^2	0	31	30
X^3	0	30	29
X^4	0	0	0
Diff.	1

X^0	3	7	3
X^1	3	3	3
X^2	4	4	4
X^3	5	5	5
X^4	0	0	0
Diff.	4

X^0	1	5	4
X^1	1	5	5
X^2	2	7	7
X^3	5	6	5
X^4	0	0	0
Diff.	3

X^0	0	40	37
X^1	0	41	38
X^2	0	26	26
X^3	0	9	8
X^4	0	0	0
Diff.	0

X^0	2	5	2
X^1	2	3	2
X^2	2	4	2
X^3	2	3	2
X^4	2	2	2
Diff.	5

X^0	3	13	11
X^1	2	4	4
X^2	0	2	2
X^3	1	8	8
X^4	0	0	0
Diff.	0

X^0	1	13	6
X^1	3	9	5
X^2	1	1	1
X^3	0	0	0
X^4	0	0	0
Diff.	0

X^0	7	16	14
X^1	0	1	0
X^2	0	0	0
X^3	2	2	2
X^4	2	2	2
Diff.	0

X^0	1	20	18
X^1	2	16	14
X^2	2	2	2
X^3	0	0	0
X^4	2	2	2
Diff.	8

X^0	1	4	1
X^1	2	5	3
X^2	6	8	6
X^3	1	1	1
X^4	0	0	0
Diff.	0

X^0	0	26	26
X^1	3	6	5
X^2	1	1	1
X^3	0	0	0
X^4	1	1	1
Diff.	0

X^0	1	23	21
X^1	1	21	16
X^2	1	1	1
X^3	1	1	1
X^4	1	1	1
Diff.	0

X^0	3	8	3
X^1	1	2	1
X^2	0	2	0
X^3	3	3	3
X^4	0	0	0
Diff.	3

X^0	1	17	12
X^1	1	15	11
X^2	3	3	3
X^3	4	4	4
X^4	0	0	0
Diff.	2

X^0	2	6	3
X^1	1	4	1
X^2	2	2	2
X^3	3	3	3
X^4	1	1	1
Diff.	1

X^0	4	51	50
X^1	0	47	47
X^2	2	2	2
X^3	0	0	0
X^4	2	2	2
Diff.	1

X^0	4	26	26
X^1	2	25	25
X^2	0	0	0
X^3	0	0	0
X^4	0	0	0
Diff.	1

X^0	1	5	4
X^1	2	5	4
X^2	3	3	3
X^3	2	2	2
X^4	0	0	0
Diff.	3

X^0	3	132	131
X^1	1	108	105
X^2	1	1	1
X^3	1	1	1
X^4	1	1	1
Diff.	24

X^0	4	26	24
X^1	2	8	5
X^2	2	2	2
X^3	1	1	1
X^4	1	1	1
Diff.	1

X^0	4	32	29
X^1	4	26	24
X^2	2	2	2
X^3	2	2	2
X^4	2	2	2
Diff.	6

X^0	2	7	7
X^1	0	9	9
X^2	2	3	2
X^3	0	0	0
X^4	0	0	0
Diff.	0

X^0	5	10	6
X^1	4	4	4
X^2	1	1	1
X^3	5	5	5
X^4	4	4	4
Diff.	9

X^0	2	2	2
X^1	1	1	1
X^2	1	1	1
X^3	4	4	4
X^4	0	0	0
Diff.	0

X^0	4	13	9
X^1	3	10	5
X^2	4	4	4
X^3	4	5	4
X^4	4	4	4
Diff.	6

X^0	1	1	1
X^1	2	2	2
X^2	1	1	1
X^3	1	1	1
X^4	0	0	0
Diff.	1

X^0	2	80	79
X^1	2	5	4
X^2	2	4	2
X^3	2	85	84
X^4	0	0	0
Diff.	12

X^0	2	10	8
X^1	2	5	3
X^2	2	2	2
X^3	2	2	2
X^4	0	0	0
Diff.	6

X^0	1	1	1
X^1	1	1	1
X^2	2	2	2
X^3	1	1	1
X^4	0	0	0
Diff.	1

X^0	2	7	6
X^1	2	5	2
X^2	1	1	1
X^3	1	1	1
X^4	0	0	0
Diff.	2

X^0	2	2	2
X^1	1	1	1
X^2	7	7	7
X^3	2	2	2
X^4	0	0	0
Diff.	4

X^0	3	9	8
X^1	1	1	1
X^2	1	1	1
X^3	0	0	0
X^4	1	1	1
Diff.	2

X^0	4	20	18
X^1	1	2	1
X^2	3	3	3
X^3	2	2	2
X^4	0	0	0
Diff.	1

X^0	2	11	6
X^1	2	7	3
X^2	2	2	2
X^3	2	2	2
X^4	0	0	0
Diff.	6

X^0	1	32	32
X^1	1	23	23
X^2	3	17	17
X^3	0	7	6
X^4	0	0	0
Diff.	1

X^0	1	1	1
X^1	4	4	4
X^2	1	1	1
X^3	1	1	1
X^4	6	6	6
Diff.	1

X^0	0	37	36
X^1	3	37	37
X^2	1	6	6
X^3	0	0	0
X^4	0	0	0
Diff.	0

X^0	1	32	31
X^1	1	31	30
X^2	1	32	31
X^3	1	17	14
X^4	1	1	1
Diff.	2

X^0	4	28	22
X^1	2	23	19
X^2	2	2	2
X^3	2	2	2
X^4	2	2	2
Diff.	3

X^0	1	4	2
X^1	1	5	3
X^2	1	1	1
X^3	1	1	1
X^4	0	0	0
Diff.	4

X^0	0	48	46
X^1	0	45	45
X^2	5	5	5
X^3	0	0	0
X^4	1	1	1
Diff.	0

X^0	2	12	12
X^1	0	5	3
X^2	0	2	2
X^3	0	0	0
X^4	1	1	1
Diff.	6

X^0	4	63	61
X^1	4	4	4
X^2	4	4	4
X^3	1	1	1
X^4	0	0	0
Diff.	8

X^0	3	8	3
X^1	4	6	4
X^2	4	4	4
X^3	2	2	2
X^4	4	4	4
Diff.	8

X^0	1	8	8
X^1	0	17	16
X^2	0	10	10
X^3	3	8	8
X^4	0	0	0
Diff.	1

X^0	4	20	15
X^1	4	15	14
X^2	4	10	10
X^3	4	6	4
X^4	0	0	0
Diff.	6

X^0	3	190	188
X^1	1	182	178
X^2	1	1	1
X^3	1	1	1
X^4	0	0	0
Diff.	6

X^0	4	7	4
X^1	1	3	2
X^2	0	0	0
X^3	1	1	1
X^4	2	2	2
Diff.	2

X^0	3	123	122
X^1	7	122	121
X^2	1	1	1
X^3	1	1	1
X^4	1	1	1
Diff.	0

X^0	1	19	19
X^1	1	13	10
X^2	0	5	3
X^3	0	0	0
X^4	0	0	0
Diff.	0

X^0	1	24	23
X^1	1	14	6
X^2	3	6	5
X^3	1	1	1
X^4	1	1	1
Diff.	1

X^0	0	50	44
X^1	2	41	36
X^2	0	0	0
X^3	5	5	5
X^4	0	0	0
Diff.	0

X^0	2	11	9
X^1	2	8	4
X^2	2	13	11
X^3	2	7	4
X^4	2	2	2
Diff.	5

X^0	3	42	40
X^1	6	44	37
X^2	2	3	2
X^3	2	2	2
X^4	0	0	0
Diff.	1

X^0	2	45	42
X^1	2	41	38
X^2	2	15	11
X^3	2	3	2
X^4	1	1	1
Diff.	3

X^0	2	56	55
X^1	1	54	53
X^2	1	1	1
X^3	1	1	1
X^4	2	2	2
Diff.	2

X^0	2	146	146
X^1	7	148	148
X^2	0	1	1
X^3	0	0	0
X^4	0	0	0
Diff.	1

X^0	1	6	3
X^1	1	2	1
X^2	1	1	1
X^3	2	4	4
X^4	0	0	0
Diff.	0

X^0	0	16	15
X^1	0	16	15
X^2	1	19	18
X^3	0	12	12
X^4	0	0	0
Diff.	0

X^0	2	5	3
X^1	2	5	2
X^2	2	4	2
X^3	2	5	3
X^4	2	2	2
Diff.	3

X^0	2	13	9
X^1	3	3	3
X^2	3	3	3
X^3	0	0	0
X^4	2	2	2
Diff.	0

X^0	1	1	1
X^1	1	2	1
X^2	1	1	1
X^3	1	1	1
X^4	1	1	1
Diff.	1

X^0	3	3	3
X^1	1	1	1
X^2	3	3	3
X^3	1	1	1
X^4	0	0	0
Diff.	0

X^0	1	12	10
X^1	1	7	5
X^2	1	2	1
X^3	0	0	0
X^4	0	0	0
Diff.	2

X^0	2	43	40
X^1	3	40	36
X^2	1	1	1
X^3	0	0	0
X^4	0	0	0
Diff.	2

X^0	4	14	12
X^1	8	15	10
X^2	2	2	2
X^3	1	1	1
X^4	0	0	0
Diff.	5

X^0	1	13	13
X^1	0	12	12
X^2	1	14	14
X^3	0	8	8
X^4	0	0	0
Diff.	0

X^0	1	18	16
X^1	2	2	2
X^2	1	1	1
X^3	2	2	2
X^4	2	2	2
Diff.	5

X^0	3	5	3
X^1	3	4	3
X^2	2	2	2
X^3	2	2	2
X^4	1	1	1
Diff.	1

X^0	2	2	2
X^1	1	1	1
X^2	2	2	2
X^3	0	0	0
X^4	4	4	4
Diff.	0

X^0	3	5	3
X^1	3	4	3
X^2	1	2	1
X^3	1	1	1
X^4	0	0	0
Diff.	3

X^0	3	11	8
X^1	3	9	6
X^2	3	3	3
X^3	3	3	3
X^4	0	0	0
Diff.	10

X^0	1	21	19
X^1	1	19	17
X^2	0	19	17
X^3	1	10	8
X^4	0	0	0
Diff.	4

X^0	5	18	15
X^1	4	12	11
X^2	5	5	5
X^3	0	0	0
X^4	0	0	0
Diff.	1

X^0	2	3	2
X^1	2	2	2
X^2	1	1	1
X^3	2	2	2
X^4	0	0	0
Diff.	2

X^0	2	11	6
X^1	2	9	4
X^2	2	9	4
X^3	2	5	2
X^4	2	2	2
Diff.	5

X^0	4	19	15
X^1	2	12	9
X^2	2	11	8
X^3	2	6	4
X^4	2	2	2
Diff.	6

X^0	4	12	9
X^1	4	14	14
X^2	1	7	7
X^3	0	0	0
X^4	0	0	0
Diff.	2

X^0	1	4	1
X^1	0	2	0
X^2	1	2	2
X^3	0	0	0
X^4	1	1	1
Diff.	4

X^0	3	29	26
X^1	2	25	24
X^2	1	3	1
X^3	1	1	1
X^4	2	2	2
Diff.	0

X^0	2	27	26
X^1	2	31	29
X^2	2	2	2
X^3	1	1	1
X^4	2	2	2
Diff.	10

X^0	3	3	3
X^1	0	0	0
X^2	3	3	3
X^3	5	5	5
X^4	0	0	0
Diff.	5

X^0	0	8	0
X^1	1	2	1
X^2	0	0	0
X^3	3	3	3
X^4	0	0	0
Diff.	0

X^0	2	15	14
X^1	3	5	3
X^2	1	1	1
X^3	1	1	1
X^4	1	1	1
Diff.	14

X^0	1	159	157
X^1	1	166	164
X^2	1	1	1
X^3	1	1	1
X^4	0	0	0
Diff.	5

X^0	5	24	23
X^1	3	9	8
X^2	1	1	1
X^3	1	1	1
X^4	2	2	2
Diff.	1

X^0	2	4	2
X^1	2	3	2
X^2	1	1	1
X^3	0	0	0
X^4	0	0	0
Diff.	1

X^0	3	80	77
X^1	3	81	78
X^2	3	3	3
X^3	3	3	3
X^4	1	1	1
Diff.	4

X^0	2	25	24
X^1	0	0	0
X^2	0	0	0
X^3	0	0	0
X^4	0	0	0
Diff.	3

X^0	2	6	5
X^1	1	2	1
X^2	1	1	1
X^3	6	6	6
X^4	0	0	0
Diff.	0

X^0	1	26	22
X^1	5	14	10
X^2	6	6	6
X^3	2	2	2
X^4	1	1	1
Diff.	1

X^0	2	3	2
X^1	9	9	9
X^2	2	2	2
X^3	2	2	2
X^4	4	4	4
Diff.	2

X^0	4	11	6
X^1	4	4	4
X^2	4	4	4
X^3	4	4	4
X^4	1	1	1
Diff.	9

X^0	3	56	52
X^1	2	49	45
X^2	0	15	14
X^3	1	1	1
X^4	0	0	0
Diff.	1

X^0	6	6	6
X^1	3	4	3
X^2	0	2	0
X^3	2	2	2
X^4	0	0	0
Diff.	3

X^0	1	4	2
X^1	6	8	6
X^2	1	1	1
X^3	2	2	2
X^4	6	6	6
Diff.	3

X^0	1	2	1
X^1	1	3	2
X^2	3	4	3
X^3	1	1	1
X^4	1	1	1
Diff.	1

X^0	2	2	2
X^1	2	2	2
X^2	2	2	2
X^3	2	2	2
X^4	0	0	0
Diff.	7

X^0	2	13	11
X^1	2	13	11
X^2	1	5	3
X^3	1	1	1
X^4	0	0	0
Diff.	2

X^0	1	118	113
X^1	1	116	109
X^2	1	116	109
X^3	1	58	54
X^4	1	1	1
Diff.	4

X^0	2	52	49
X^1	2	38	36
X^2	2	28	27
X^3	1	14	13
X^4	1	1	1
Diff.	2

X^0	6	26	20
X^1	12	25	24
X^2	6	6	6
X^3	1	1	1
X^4	0	0	0
Diff.	10

X^0	4	4	4
X^1	12	12	12
X^2	4	4	4
X^3	4	4	4
X^4	4	4	4
Diff.	11

X^0	6	14	7
X^1	6	16	6
X^2	6	6	6
X^3	6	6	6
X^4	3	3	3
Diff.	10

X^0	4	49	47
X^1	2	25	23
X^2	2	13	11
X^3	2	2	2
X^4	2	2	2
Diff.	5

X^0	2	3	2
X^1	2	2	2
X^2	2	3	2
X^3	1	1	1
X^4	0	0	0
Diff.	0

X^0	2	4	2
X^1	1	6	6
X^2	1	2	1
X^3	0	0	0
X^4	6	6	6
Diff.	0

X^0	1	35	29
X^1	1	1	1
X^2	1	1	1
X^3	1	1	1
X^4	0	0	0
Diff.	2

X^0	2	9	9
X^1	2	5	4
X^2	0	2	1
X^3	0	0	0
X^4	1	1	1
Diff.	6

X^0	0	32	32
X^1	1	36	36
X^2	0	20	19
X^3	3	19	17
X^4	0	0	0
Diff.	0

X^0	3	16	15
X^1	2	13	12
X^2	1	1	1
X^3	1	1	1
X^4	0	0	0
Diff.	1

X^0	3	16	14
X^1	2	10	9
X^2	1	6	4
X^3	4	7	6
X^4	0	0	0
Diff.	1

X^0	2	4	2
X^1	2	2	2
X^2	3	3	3
X^3	1	1	1
X^4	0	0	0
Diff.	2

X^0	2	4	2
X^1	2	3	2
X^2	2	2	2
X^3	5	5	5
X^4	0	0	0
Diff.	3

X^0	4	7	4
X^1	4	4	4
X^2	4	4	4
X^3	4	4	4
X^4	0	0	0
Diff.	8

X^0	-2	946	300
X^1	2	944	297
X^2	6	6	6
X^3	1	1	1
X^4	4	4	4
Diff.	0

X^0	2	231	229
X^1	2	171	169
X^2	2	112	105
X^3	2	56	53
X^4	2	2	2
Diff.	5

X^0	1	3	2
X^1	1	1	1
X^2	0	0	0
X^3	0	0	0
X^4	0	0	0
Diff.	3

X^0	4	6	4
X^1	2	2	2
X^2	1	1	1
X^3	1	1	1
X^4	5	5	5
Diff.	1

X^0	1	3	2
X^1	1	1	1
X^2	1	1	1
X^3	1	1	1
X^4	0	0	0
Diff.	2

X^0	2	86	80
X^1	2	2	2
X^2	2	2	2
X^3	0	0	0
X^4	0	0	0
Diff.	5

X^0	2	5	2
X^1	2	2	2
X^2	3	3	3
X^3	0	0	0
X^4	0	0	0
Diff.	3

X^0	2	38	37
X^1	2	29	29
X^2	1	1	1
X^3	0	0	0
X^4	2	2	2
Diff.	2

X^0	5	18	15
X^1	5	14	9
X^2	1	1	1
X^3	2	2	2
X^4	0	0	0
Diff.	2

X^0	2	13	11
X^1	1	6	2
X^2	1	1	1
X^3	1	1	1
X^4	1	1	1
Diff.	8

X^0	2	6	4
X^1	1	1	1
X^2	4	4	4
X^3	5	5	5
X^4	0	0	0
Diff.	0

X^0	5	34	30
X^1	7	37	35
X^2	2	3	2
X^3	2	2	2
X^4	0	0	0
Diff.	1

X^0	1	18	11
X^1	1	7	1
X^2	1	1	1
X^3	5	5	5
X^4	0	0	0
Diff.	2

X^0	1	6	4
X^1	1	9	7
X^2	0	0	0
X^3	0	0	0
X^4	0	0	0
Diff.	10

X^0	0	0	0
X^1	0	3	1
X^2	0	0	0
X^3	0	0	0
X^4	0	0	0
Diff.	1

X^0	3	43	41
X^1	1	40	38
X^2	1	3	2
X^3	1	1	1
X^4	0	0	0
Diff.	0

X^0	3	29	25
X^1	3	28	24
X^2	3	3	3
X^3	3	3	3
X^4	3	3	3
Diff.	8

X^0	0	16	16
X^1	2	19	19
X^2	0	0	0
X^3	0	0	0
X^4	0	0	0
Diff.	1

X^0	4	17	13
X^1	3	15	12
X^2	2	8	4
X^3	2	6	4
X^4	2	2	2
Diff.	4

X^0	2	21	18
X^1	2	2	2
X^2	2	2	2
X^3	3	3	3
X^4	2	2	2
Diff.	3

X^0	1	7	4
X^1	1	1	1
X^2	1	1	1
X^3	3	3	3
X^4	0	0	0
Diff.	3

X^0	4	24	19
X^1	4	22	17
X^2	4	14	10
X^3	7	12	8
X^4	4	4	4
Diff.	11

X^0	3	7	5
X^1	4	8	6
X^2	1	2	1
X^3	2	2	2
X^4	0	0	0
Diff.	1

X^0	5	43	41
X^1	3	3	3
X^2	3	3	3
X^3	1	1	1
X^4	0	0	0
Diff.	1

X^0	2	152	152
X^1	2	155	155
X^2	2	102	101
X^3	1	55	54
X^4	0	0	0
Diff.	2

X^0	0	4	1
X^1	0	5	0
X^2	2	6	6
X^3	0	2	2
X^4	0	0	0
Diff.	0

X^0	3	43	41
X^1	1	37	36
X^2	1	1	1
X^3	1	1	1
X^4	1	1	1
Diff.	3

X^0	3	8	3
X^1	3	3	3
X^2	3	3	3
X^3	1	1	1
X^4	0	0	0
Diff.	3

X^0	2	26	25
X^1	3	26	26
X^2	1	1	1
X^3	0	0	0
X^4	3	3	3
Diff.	2

X^0	1	13	12
X^1	1	13	12
X^2	1	9	8
X^3	1	5	4
X^4	1	1	1
Diff.	3

X^0	1	221	219
X^1	3	222	222
X^2	1	1	1
X^3	0	0	0
X^4	0	0	0
Diff.	0

X^0	1	3	1
X^1	1	3	2
X^2	1	1	1
X^3	1	1	1
X^4	4	4	4
Diff.	2

X^0	3	7	3
X^1	1	1	1
X^2	0	0	0
X^3	1	1	1
X^4	0	0	0
Diff.	0

X^0	3	7	3
X^1	3	3	3
X^2	3	3	3
X^3	3	3	3
X^4	1	1	1
Diff.	7

X^0	0	3	0
X^1	1	2	1
X^2	4	4	4
X^3	1	1	1
X^4	1	1	1
Diff.	0

X^0	1	3	2
X^1	1	2	1
X^2	1	1	1
X^3	1	1	1
X^4	0	0	0
Diff.	2

X^0	5	49	43
X^1	5	19	13
X^2	5	5	5
X^3	5	5	5
X^4	5	5	5
Diff.	18

X^0	2	7	7
X^1	1	4	3
X^2	1	2	2
X^3	1	2	1
X^4	0	0	0
Diff.	1

X^0	0	2	2
X^1	0	2	2
X^2	2	2	2
X^3	0	0	0
X^4	0	0	0
Diff.	1

X^0	3	18	18
X^1	2	4	3
X^2	0	0	0
X^3	0	0	0
X^4	4	4	4
Diff.	0

X^0	3	8	3
X^1	0	4	1
X^2	0	2	0
X^3	0	0	0
X^4	0	0	0
Diff.	1

X^0	5	216	212
X^1	4	203	202
X^2	0	203	202
X^3	1	100	100
X^4	0	0	0
Diff.	0

X^0	2	2	2
X^1	2	2	2
X^2	2	2	2
X^3	1	1	1
X^4	0	0	0
Diff.	2

X^0	8	10	8
X^1	1	4	1
X^2	1	1	1
X^3	1	1	1
X^4	0	0	0
Diff.	2

X^0	2	29	26
X^1	0	28	25
X^2	3	3	3
X^3	1	1	1
X^4	2	2	2
Diff.	0

X^0	2	32	23
X^1	2	28	25
X^2	1	1	1
X^3	2	2	2
X^4	3	3	3
Diff.	0

X^0	2	2	2
X^1	0	1	0
X^2	0	0	0
X^3	0	0	0
X^4	0	0	0
Diff.	0

X^0	1	30	24
X^1	1	1	1
X^2	1	1	1
X^3	0	0	0
X^4	1	1	1
Diff.	3

X^0	2	15	9
X^1	2	10	8
X^2	2	11	9
X^3	1	6	4
X^4	1	1	1
Diff.	2

X^0	3	6	3
X^1	3	6	3
X^2	3	3	3
X^3	3	6	3
X^4	3	3	3
Diff.	8

X^0	2	7	5
X^1	1	2	1
X^2	1	1	1
X^3	2	2	2
X^4	1	1	1
Diff.	1

X^0	0	8	5
X^1	5	8	7
X^2	0	0	0
X^3	0	0	0
X^4	0	0	0
Diff.	0

X^0	3	23	22
X^1	4	18	17
X^2	5	14	12
X^3	2	5	4
X^4	1	1	1
Diff.	3

X^0	2	2	2
X^1	2	2	2
X^2	1	1	1
X^3	1	1	1
X^4	0	0	0
Diff.	3

X^0	1	17	14
X^1	1	5	3
X^2	1	1	1
X^3	1	1	1
X^4	0	0	0
Diff.	2

X^0	0	5	0
X^1	0	3	0
X^2	0	3	2
X^3	1	2	1
X^4	1	1	1
Diff.	0

X^0	9	37	30
X^1	6	6	6
X^2	1	1	1
X^3	0	0	0
X^4	1	1	1
Diff.	26

X^0	0	1	0
X^1	0	0	0
X^2	3	3	3
X^3	2	2	2
X^4	0	0	0
Diff.	1

X^0	2	10	2
X^1	1	1	1
X^2	1	1	1
X^3	1	1	1
X^4	0	0	0
Diff.	0

X^0	2	4	2
X^1	2	4	2
X^2	2	2	2
X^3	2	2	2
X^4	2	2	2
Diff.	5

X^0	5	114	114
X^1	5	83	82
X^2	2	51	51
X^3	0	22	20
X^4	0	0	0
Diff.	4

X^0	4	4	4
X^1	4	4	4
X^2	1	1	1
X^3	1	1	1
X^4	2	2	2
Diff.	4

X^0	1	17	15
X^1	2	15	14
X^2	1	1	1
X^3	1	1	1
X^4	0	0	0
Diff.	1

X^0	1	640	300
X^1	5	643	243
X^2	2	2	2
X^3	0	0	0
X^4	3	3	3
Diff.	0

X^0	1	1	1
X^1	0	0	0
X^2	1	1	1
X^3	0	0	0
X^4	2	2	2
Diff.	7

X^0	3	28	27
X^1	4	12	12
X^2	1	1	1
X^3	0	0	0
X^4	0	0	0
Diff.	2

X^0	2	3	2
X^1	5	5	5
X^2	3	4	3
X^3	3	3	3
X^4	0	0	0
Diff.	8

X^0	2	3	2
X^1	2	6	4
X^2	2	2	2
X^3	2	2	2
X^4	1	1	1
Diff.	4

X^0	5	5	5
X^1	5	10	8
X^2	5	5	5
X^3	9	9	9
X^4	0	0	0
Diff.	10

X^0	1	33	31
X^1	1	6	6
X^2	0	0	0
X^3	0	0	0
X^4	0	0	0
Diff.	0

X^0	1	7	6
X^1	1	7	7
X^2	5	6	6
X^3	2	3	3
X^4	0	0	0
Diff.	3

X^0	0	22	19
X^1	1	10	7
X^2	6	7	6
X^3	8	8	8
X^4	0	0	0
Diff.	0

X^0	6	23	21
X^1	1	1	1
X^2	0	0	0
X^3	0	0	0
X^4	0	0	0
Diff.	0

X^0	3	3	3
X^1	3	3	3
X^2	0	0	0
X^3	3	3	3
X^4	0	0	0
Diff.	4

X^0	2	50	49
X^1	3	21	20
X^2	1	1	1
X^3	1	1	1
X^4	2	2	2
Diff.	0

X^0	2	2	2
X^1	9	9	9
X^2	1	2	1
X^3	1	1	1
X^4	1	1	1
Diff.	1

X^0	1	61	61
X^1	0	45	42
X^2	1	29	28
X^3	0	13	11
X^4	0	0	0
Diff.	2

X^0	2	8	5
X^1	1	6	5
X^2	1	5	4
X^3	1	1	1
X^4	1	1	1
Diff.	1

X^0	2	13	12
X^1	2	11	8
X^2	1	1	1
X^3	1	1	1
X^4	0	0	0
Diff.	3

X^0	4	4	4
X^1	4	4	4
X^2	2	2	2
X^3	2	2	2
X^4	0	0	0
Diff.	11

X^0	1	4	1
X^1	1	6	5
X^2	1	1	1
X^3	1	1	1
X^4	0	0	0
Diff.	0

X^0	1	13	10
X^1	2	18	15
X^2	1	1	1
X^3	2	2	2
X^4	3	3	3
Diff.	1

X^0	3	124	117
X^1	3	120	114
X^2	3	3	3
X^3	4	4	4
X^4	0	0	0
Diff.	6

X^0	4	20	19
X^1	2	12	11
X^2	1	13	12
X^3	0	6	3
X^4	0	0	0
Diff.	2

X^0	3	3	3
X^1	0	0	0
X^2	1	1	1
X^3	0	0	0
X^4	2	2	2
Diff.	2

X^0	4	28	27
X^1	1	25	24
X^2	1	1	1
X^3	1	1	1
X^4	0	0	0
Diff.	1

X^0	4	4	4
X^1	4	4	4
X^2	2	2	2
X^3	2	2	2
X^4	2	2	2
Diff.	5

X^0	2	7	6
X^1	0	5	5
X^2	6	9	9
X^3	0	2	0
X^4	0	0	0
Diff.	0

X^0	2	56	54
X^1	1	57	55
X^2	1	34	33
X^3	1	25	24
X^4	1	1	1
Diff.	3

X^0	2	12	10
X^1	2	10	8
X^2	3	5	3
X^3	2	2	2
X^4	0	0	0
Diff.	2

X^0	4	14	8
X^1	4	16	11
X^2	4	10	5
X^3	4	18	13
X^4	4	4	4
Diff.	7

X^0	3	149	147
X^1	3	148	146
X^2	3	95	93
X^3	3	41	40
X^4	1	1	1
Diff.	4

X^0	4	18	16
X^1	1	1	1
X^2	1	1	1
X^3	1	1	1
X^4	1	1	1
Diff.	1

X^0	2	16	11
X^1	6	14	12
X^2	2	12	7
X^3	2	10	8
X^4	2	2	2
Diff.	4

X^0	5	9	6
X^1	2	6	5
X^2	1	4	3
X^3	1	2	1
X^4	1	1	1
Diff.	2

X^0	2	6	2
X^1	8	12	8
X^2	8	9	8
X^3	2	2	2
X^4	0	0	0
Diff.	2

X^0	2	4	2
X^1	2	2	2
X^2	2	2	2
X^3	2	2	2
X^4	0	0	0
Diff.	1

X^0	3	10	9
X^1	1	4	1
X^2	1	1	1
X^3	1	1	1
X^4	0	0	0
Diff.	0

X^0	3	162	155
X^1	2	165	164
X^2	0	0	0
X^3	0	0	0
X^4	0	0	0
Diff.	2

X^0	4	6	4
X^1	4	4	4
X^2	1	1	1
X^3	0	0	0
X^4	0	0	0
Diff.	3

X^0	1	8	6
X^1	1	2	1
X^2	1	6	4
X^3	1	2	1
X^4	1	1	1
Diff.	2

X^0	2	35	32
X^1	1	21	20
X^2	1	13	9
X^3	1	8	8
X^4	0	0	0
Diff.	1

X^0	1	29	27
X^1	2	22	20
X^2	0	0	0
X^3	2	2	2
X^4	3	3	3
Diff.	3

X^0	2	18	16
X^1	1	11	10
X^2	1	6	5
X^3	1	12	11
X^4	1	1	1
Diff.	3

X^0	0	7	3
X^1	0	6	6
X^2	5	5	5
X^3	0	0	0
X^4	1	1	1
Diff.	0

X^0	4	10	9
X^1	4	8	7
X^2	2	2	2
X^3	1	1	1
X^4	1	1	1
Diff.	2

X^0	2	49	49
X^1	5	38	36
X^2	2	25	25
X^3	1	10	10
X^4	0	0	0
Diff.	1

X^0	4	173	173
X^1	1	117	116
X^2	0	0	0
X^3	0	0	0
X^4	0	0	0
Diff.	0

X^0	5	34	29
X^1	3	27	21
X^2	3	3	3
X^3	3	3	3
X^4	1	1	1
Diff.	4

X^0	6	21	11
X^1	6	14	7
X^2	6	6	6
X^3	4	4	4
X^4	5	5	5
Diff.	12

X^0	2	105	103
X^1	9	9	9
X^2	2	2	2
X^3	0	0	0
X^4	1	1	1
Diff.	0

X^0	4	18	15
X^1	1	14	13
X^2	2	2	2
X^3	0	0	0
X^4	2	2	2
Diff.	1

X^0	6	10	7
X^1	3	5	3
X^2	0	2	0
X^3	0	0	0
X^4	3	3	3
Diff.	0

X^0	2	86	84
X^1	1	6	3
X^2	1	1	1
X^3	1	1	1
X^4	0	0	0
Diff.	3

X^0	4	168	166
X^1	1	169	167
X^2	0	0	0
X^3	0	0	0
X^4	4	4	4
Diff.	0

X^0	2	12	11
X^1	1	10	9
X^2	2	2	2
X^3	2	13	12
X^4	1	1	1
Diff.	4

X^0	1	4	4
X^1	4	8	8
X^2	1	6	6
X^3	0	5	4
X^4	0	0	0
Diff.	0

X^0	2	2	2
X^1	2	3	2
X^2	5	5	5
X^3	2	2	2
X^4	3	3	3
Diff.	2

X^0	0	12	10
X^1	1	3	1
X^2	0	0	0
X^3	0	0	0
X^4	3	3	3
Diff.	0

X^0	0	19	14
X^1	0	14	11
X^2	0	9	6
X^3	1	13	10
X^4	0	0	0
Diff.	0

X^0	3	27	23
X^1	3	26	23
X^2	4	4	4
X^3	3	3	3
X^4	0	0	0
Diff.	5

X^0	1	56	55
X^1	2	59	58
X^2	1	38	37
X^3	1	20	19
X^4	1	1	1
Diff.	4

X^0	1	22	21
X^1	4	19	18
X^2	1	1	1
X^3	1	1	1
X^4	0	0	0
Diff.	1

X^0	4	18	16
X^1	2	15	13
X^2	4	4	4
X^3	2	2	2
X^4	1	1	1
Diff.	0

X^0	2	131	129
X^1	1	7	6
X^2	3	3	3
X^3	0	0	0
X^4	0	0	0
Diff.	0

X^0	3	4	3
X^1	2	6	3
X^2	3	3	3
X^3	3	3	3
X^4	1	1	1
Diff.	7

X^0	3	8	5
X^1	7	11	7
X^2	3	3	3
X^3	2	2	2
X^4	2	2	2
Diff.	4

X^0	0	0	0
X^1	3	3	3
X^2	1	1	1
X^3	0	0	0
X^4	0	0	0
Diff.	1

X^0	1	1	1
X^1	1	1	1
X^2	1	1	1
X^3	1	1	1
X^4	2	2	2
Diff.	0

X^0	2	6	2
X^1	2	2	2
X^2	6	6	6
X^3	1	1	1
X^4	4	4	4
Diff.	0

X^0	1	28	25
X^1	1	26	24
X^2	1	1	1
X^3	2	2	2
X^4	0	0	0
Diff.	0

X^0	3	60	56
X^1	2	30	29
X^2	2	2	2
X^3	0	0	0
X^4	3	3	3
Diff.	4

X^0	3	8	4
X^1	3	8	4
X^2	3	6	3
X^3	3	5	3
X^4	3	3	3
Diff.	12

X^0	1	8	8
X^1	4	12	12
X^2	2	6	4
X^3	1	4	3
X^4	0	0	0
Diff.	0

X^0	2	5	2
X^1	3	3	3
X^2	2	2	2
X^3	1	1	1
X^4	2	2	2
Diff.	3

X^0	3	15	9
X^1	3	3	3
X^2	3	3	3
X^3	2	2	2
X^4	1	1	1
Diff.	3

X^0	1	12	10
X^1	1	3	2
X^2	1	1	1
X^3	1	1	1
X^4	0	0	0
Diff.	1

X^0	3	4	3
X^1	3	3	3
X^2	3	3	3
X^3	3	3	3
X^4	2	2	2
Diff.	2

X^0	2	13	10
X^1	2	15	12
X^2	2	3	2
X^3	2	2	2
X^4	1	1	1
Diff.	5

X^0	1	64	60
X^1	2	33	25
X^2	1	32	30
X^3	1	35	33
X^4	1	1	1
Diff.	3

X^0	0	95	92
X^1	0	93	91
X^2	0	0	0
X^3	2	2	2
X^4	0	0	0
Diff.	0

X^0	1	5	5
X^1	1	8	8
X^2	1	7	5
X^3	2	5	4
X^4	0	0	0
Diff.	0

X^0	2	38	36
X^1	2	38	36
X^2	1	23	21
X^3	2	2	2
X^4	1	1	1
Diff.	2

X^0	1	182	181
X^1	4	182	180
X^2	1	1	1
X^3	1	1	1
X^4	0	0	0
Diff.	7

X^0	2	195	191
X^1	2	8	5
X^2	2	2	2
X^3	2	2	2
X^4	0	0	0
Diff.	10

X^0	3	24	22
X^1	1	19	19
X^2	1	1	1
X^3	0	0	0
X^4	0	0	0
Diff.	0

X^0	0	1	0
X^1	0	3	3
X^2	1	1	1
X^3	0	0	0
X^4	3	3	3
Diff.	2

X^0	3	6	3
X^1	3	4	3
X^2	2	4	2
X^3	3	3	3
X^4	1	1	1
Diff.	4

X^0	1	10	8
X^1	1	8	7
X^2	1	9	7
X^3	1	9	5
X^4	0	0	0
Diff.	2

X^0	5	13	9
X^1	2	14	13
X^2	2	4	2
X^3	1	1	1
X^4	0	0	0
Diff.	0

X^0	1	23	23
X^1	1	22	16
X^2	3	26	22
X^3	0	11	9
X^4	0	0	0
Diff.	0

X^0	3	7	3
X^1	1	1	1
X^2	1	1	1
X^3	1	1	1
X^4	0	0	0
Diff.	1

X^0	1	96	93
X^1	2	26	23
X^2	1	1	1
X^3	0	0	0
X^4	1	1	1
Diff.	9

X^0	0	57	54
X^1	2	53	52
X^2	0	0	0
X^3	0	0	0
X^4	3	3	3
Diff.	0

X^0	1	45	39
X^1	1	23	21
X^2	1	1	1
X^3	1	1	1
X^4	2	2	2
Diff.	3

X^0	1	3	3
X^1	0	1	0
X^2	0	0	0
X^3	0	0	0
X^4	0	0	0
Diff.	0

X^0	4	29	24
X^1	2	20	19
X^2	2	2	2
X^3	0	0	0
X^4	2	2	2
Diff.	10

X^0	1	5	3
X^1	1	1	1
X^2	2	2	2
X^3	3	3	3
X^4	1	1	1
Diff.	0

X^0	6	16	13
X^1	3	7	6
X^2	3	7	6
X^3	1	7	6
X^4	1	1	1
Diff.	5

X^0	4	178	174
X^1	4	178	174
X^2	4	4	4
X^3	4	4	4
X^4	1	1	1
Diff.	8

X^0	0	0	0
X^1	0	0	0
X^2	0	0	0
X^3	1	1	1
X^4	1	1	1
Diff.	0

X^0	2	2	2
X^1	2	2	2
X^2	0	0	0
X^3	0	0	0
X^4	0	0	0
Diff.	2

X^0	2	88	86
X^1	2	59	52
X^2	6	67	65
X^3	2	36	34
X^4	2	2	2
Diff.	6

X^0	1	94	93
X^1	1	89	88
X^2	1	57	57
X^3	1	26	26
X^4	0	0	0
Diff.	3

X^0	1	1	1
X^1	1	1	1
X^2	0	0	0
X^3	4	4	4
X^4	0	0	0
Diff.	0

X^0	2	2	2
X^1	2	2	2
X^2	1	1	1
X^3	1	1	1
X^4	2	2	2
Diff.	0

X^0	1	8	5
X^1	0	4	0
X^2	0	0	0
X^3	0	0	0
X^4	0	0	0
Diff.	0

X^0	3	36	33
X^1	3	35	32
X^2	3	23	20
X^3	3	14	11
X^4	3	3	3
Diff.	6

X^0	2	7	2
X^1	5	6	5
X^2	5	5	5
X^3	3	3	3
X^4	1	1	1
Diff.	6

X^0	3	69	67
X^1	2	66	64
X^2	2	2	2
X^3	2	2	2
X^4	0	0	0
Diff.	2

X^0	8	20	19
X^1	1	1	1
X^2	0	0	0
X^3	0	0	0
X^4	0	0	0
Diff.	2

X^0	1	44	32
X^1	1	44	37
X^2	3	45	38
X^3	5	25	21
X^4	1	1	1
Diff.	5

X^0	1	315	300
X^1	2	314	299
X^2	1	209	206
X^3	2	106	105
X^4	1	1	1
Diff.	3

X^0	2	296	296
X^1	3	274	274
X^2	0	0	0
X^3	0	0	0
X^4	0	0	0
Diff.	22

X^0	2	4	2
X^1	1	1	1
X^2	0	0	0
X^3	1	1	1
X^4	4	4	4
Diff.	2

X^0	2	13	13
X^1	1	8	6
X^2	0	2	2
X^3	0	0	0
X^4	0	0	0
Diff.	0

X^0	3	24	24
X^1	3	17	14
X^2	1	11	10
X^3	2	5	5
X^4	0	0	0
Diff.	1

X^0	1	18	14
X^1	1	1	1
X^2	2	2	2
X^3	3	3	3
X^4	0	0	0
Diff.	0

X^0	4	10	4
X^1	4	6	4
X^2	4	4	4
X^3	4	4	4
X^4	1	1	1
Diff.	9

X^0	2	14	14
X^1	1	10	8
X^2	1	6	5
X^3	0	3	0
X^4	0	0	0
Diff.	0

X^0	2	25	23
X^1	2	29	28
X^2	1	1	1
X^3	1	1	1
X^4	0	0	0
Diff.	0

X^0	0	4	0
X^1	1	3	3
X^2	5	5	5
X^3	0	0	0
X^4	3	3	3
Diff.	3

X^0	3	5	3
X^1	5	6	5
X^2	2	2	2
X^3	1	1	1
X^4	0	0	0
Diff.	1

X^0	5	6	5
X^1	2	2	2
X^2	1	1	1
X^3	4	4	4
X^4	1	1	1
Diff.	0

X^0	2	5	5
X^1	0	2	2
X^2	2	5	5
X^3	1	2	1
X^4	0	0	0
Diff.	0

X^0	3	5	5
X^1	1	1	1
X^2	0	0	0
X^3	0	0	0
X^4	5	5	5
Diff.	0

X^0	2	5	2
X^1	2	2	2
X^2	2	2	2
X^3	3	3	3
X^4	1	1	1
Diff.	3

X^0	1	83	82
X^1	1	79	79
X^2	1	1	1
X^3	0	0	0
X^4	1	1	1
Diff.	2

X^0	2	25	22
X^1	7	7	7
X^2	3	3	3
X^3	0	0	0
X^4	4	4	4
Diff.	7

X^0	3	17	13
X^1	7	14	12
X^2	4	4	4
X^3	0	0	0
X^4	2	2	2
Diff.	4

X^0	2	5	4
X^1	2	6	3
X^2	2	2	2
X^3	0	0	0
X^4	0	0	0
Diff.	4

X^0	1	16	13
X^1	1	5	3
X^2	2	2	2
X^3	2	2	2
X^4	1	1	1
Diff.	7

X^0	1	36	34
X^1	0	33	31
X^2	1	1	1
X^3	1	1	1
X^4	0	0	0
Diff.	2

X^0	2	38	33
X^1	2	36	27
X^2	2	2	2
X^3	2	2	2
X^4	1	1	1
Diff.	4

X^0	1	16	11
X^1	1	9	5
X^2	1	1	1
X^3	1	1	1
X^4	0	0	0
Diff.	0

X^0	1	7	4
X^1	1	6	3
X^2	2	7	6
X^3	1	3	2
X^4	1	1	1
Diff.	1

X^0	1	178	178
X^1	1	179	179
X^2	3	122	119
X^3	1	60	58
X^4	0	0	0
Diff.	4

X^0	2	6	3
X^1	2	2	2
X^2	2	2	2
X^3	3	3	3
X^4	0	0	0
Diff.	1

X^0	2	5	2
X^1	2	2	2
X^2	1	1	1
X^3	4	4	4
X^4	3	3	3
Diff.	0

X^0	3	38	38
X^1	0	33	33
X^2	0	0	0
X^3	0	0	0
X^4	0	0	0
Diff.	1

X^0	2	11	9
X^1	1	11	9
X^2	1	1	1
X^3	1	1	1
X^4	0	0	0
Diff.	15

X^0	3	152	150
X^1	3	152	147
X^2	3	14	12
X^3	2	2	2
X^4	1	1	1
Diff.	4

X^0	2	3	2
X^1	3	4	4
X^2	3	4	3
X^3	0	0	0
X^4	10	10	10
Diff.	0

X^0	3	5	3
X^1	3	3	3
X^2	3	3	3
X^3	3	3	3
X^4	0	0	0
Diff.	9

X^0	2	10	9
X^1	0	0	0
X^2	2	10	10
X^3	0	0	0
X^4	0	0	0
Diff.	0

X^0	2	24	23
X^1	3	11	7
X^2	0	4	2
X^3	0	0	0
X^4	0	0	0
Diff.	1

X^0	3	58	55
X^1	3	56	53
X^2	3	35	32
X^3	3	24	21
X^4	3	3	3
Diff.	12

X^0	1	30	30
X^1	1	30	30
X^2	3	3	3
X^3	0	0	0
X^4	2	2	2
Diff.	1

X^0	1	4	1
X^1	0	1	0
X^2	0	0	0
X^3	0	0	0
X^4	2	2	2
Diff.	0

X^0	1	57	54
X^1	1	62	61
X^2	3	3	3
X^3	1	1	1
X^4	3	3	3
Diff.	1

X^0	1	17	15
X^1	2	2	2
X^2	1	1	1
X^3	1	1	1
X^4	1	1	1
Diff.	1

X^0	1	13	9
X^1	2	15	12
X^2	1	1	1
X^3	3	3	3
X^4	1	1	1
Diff.	1

X^0	1	2	1
X^1	3	3	3
X^2	1	1	1
X^3	1	1	1
X^4	1	1	1
Diff.	2

X^0	2	5	2
X^1	2	6	4
X^2	2	2	2
X^3	2	2	2
X^4	1	1	1
Diff.	1

X^0	2	2	2
X^1	2	2	2
X^2	1	1	1
X^3	5	5	5
X^4	1	1	1
Diff.	2

X^0	1	20	20
X^1	2	12	12
X^2	0	12	12
X^3	1	7	6
X^4	0	0	0
Diff.	0

X^0	3	70	67
X^1	1	80	77
X^2	7	59	58
X^3	0	26	26
X^4	0	0	0
Diff.	1

X^0	5	88	88
X^1	3	63	62
X^2	2	39	38
X^3	2	16	15
X^4	0	0	0
Diff.	2

X^0	6	66	60
X^1	6	33	27
X^2	6	6	6
X^3	3	6	3
X^4	6	6	6
Diff.	41

X^0	6	7	6
X^1	6	15	9
X^2	6	6	6
X^3	0	0	0
X^4	0	0	0
Diff.	7

X^0	1	173	169
X^1	2	4	2
X^2	2	2	2
X^3	3	3	3
X^4	0	0	0
Diff.	1

X^0	1	1	1
X^1	1	1	1
X^2	1	1	1
X^3	1	1	1
X^4	2	2	2
Diff.	1

X^0	2	11	9
X^1	2	5	3
X^2	3	23	21
X^3	2	11	9
X^4	2	2	2
Diff.	7

X^0	6	19	15
X^1	4	13	10
X^2	1	9	9
X^3	0	4	3
X^4	0	0	0
Diff.	0

X^0	3	264	263
X^1	3	262	261
X^2	3	169	167
X^3	3	77	77
X^4	0	0	0
Diff.	9

X^0	2	12	10
X^1	1	5	2
X^2	1	2	1
X^3	1	1	1
X^4	0	0	0
Diff.	1

X^0	2	22	22
X^1	2	21	18
X^2	2	2	2
X^3	0	0	0
X^4	1	1	1
Diff.	2

X^0	1	7	4
X^1	1	5	2
X^2	4	4	4
X^3	0	0	0
X^4	2	2	2
Diff.	0

X^0	1	11	10
X^1	1	10	8
X^2	1	1	1
X^3	0	0	0
X^4	1	1	1
Diff.	1

X^0	1	6	5
X^1	1	1	1
X^2	1	1	1
X^3	1	1	1
X^4	3	3	3
Diff.	2

X^0	4	21	15
X^1	2	13	12
X^2	3	3	3
X^3	1	1	1
X^4	1	1	1
Diff.	1

X^0	1	6	4
X^1	0	6	4
X^2	3	4	3
X^3	0	0	0
X^4	0	0	0
Diff.	1

X^0	1	4	1
X^1	2	4	4
X^2	1	1	1
X^3	1	2	2
X^4	0	0	0
Diff.	1

X^0	4	4	4
X^1	4	4	4
X^2	1	1	1
X^3	1	1	1
X^4	1	1	1
Diff.	2

X^0	4	22	17
X^1	4	21	16
X^2	4	4	4
X^3	4	4	4
X^4	0	0	0
Diff.	6

X^0	3	103	100
X^1	3	3	3
X^2	0	0	0
X^3	0	0	0
X^4	0	0	0
Diff.	5

X^0	4	33	28
X^1	4	31	25
X^2	4	6	4
X^3	4	4	4
X^4	1	1	1
Diff.	5

X^0	2	2	2
X^1	3	3	3
X^2	0	0	0
X^3	5	5	5
X^4	4	4	4
Diff.	6

X^0	2	6	4
X^1	1	10	6
X^2	2	5	2
X^3	2	2	2
X^4	3	3	3
Diff.	1

X^0	2	24	20
X^1	2	13	10
X^2	2	13	9
X^3	2	18	15
X^4	2	2	2
Diff.	5

X^0	3	34	30
X^1	3	28	22
X^2	4	4	4
X^3	4	4	4
X^4	0	0	0
Diff.	8

X^0	2	2	2
X^1	2	2	2
X^2	1	1	1
X^3	4	4	4
X^4	0	0	0
Diff.	0

X^0	1	28	26
X^1	5	26	25
X^2	0	4	2
X^3	0	0	0
X^4	2	2	2
Diff.	0

X^0	2	2	2
X^1	5	5	5
X^2	1	1	1
X^3	3	3	3
X^4	1	1	1
Diff.	0

X^0	1	16	14
X^1	1	9	7
X^2	1	1	1
X^3	1	1	1
X^4	0	0	0
Diff.	3

X^0	4	44	42
X^1	4	43	42
X^2	2	2	2
X^3	1	1	1
X^4	4	4	4
Diff.	6

X^0	1	1	1
X^1	1	1	1
X^2	5	7	5
X^3	1	1	1
X^4	2	2	2
Diff.	1

X^0	0	394	390
X^1	2	263	260
X^2	1	1	1
X^3	0	0	0
X^4	1	1	1
Diff.	130

X^0	1	5	1
X^1	1	1	1
X^2	2	2	2
X^3	1	1	1
X^4	2	2	2
Diff.	1

X^0	4	57	53
X^1	3	49	45
X^2	5	36	34
X^3	2	14	11
X^4	2	2	2
Diff.	3

X^0	4	5	4
X^1	1	2	1
X^2	1	1	1
X^3	1	1	1
X^4	0	0	0
Diff.	1

X^0	3	10	5
X^1	4	9	8
X^2	2	4	2
X^3	1	1	1
X^4	0	0	0
Diff.	1

X^0	1	1	1
X^1	8	11	10
X^2	1	1	1
X^3	0	0	0
X^4	1	1	1
Diff.	1

X^0	1	21	19
X^1	1	21	21
X^2	0	1	0
X^3	0	0	0
X^4	0	0	0
Diff.	0

X^0	2	13	9
X^1	2	7	6
X^2	4	14	14
X^3	0	5	5
X^4	0	0	0
Diff.	2

X^0	3	104	101
X^1	3	77	75
X^2	3	52	49
X^3	3	25	24
X^4	1	1	1
Diff.	8

X^0	4	62	59
X^1	4	52	52
X^2	3	3	3
X^3	0	0	0
X^4	3	3	3
Diff.	6

X^0	0	5	5
X^1	2	4	2
X^2	0	1	1
X^3	0	0	0
X^4	0	0	0
Diff.	0

X^0	1	4	2
X^1	4	4	4
X^2	1	1	1
X^3	0	0	0
X^4	1	1	1
Diff.	7

X^0	3	113	112
X^1	3	60	60
X^2	1	57	56
X^3	0	57	56
X^4	0	0	0
Diff.	3

X^0	5	12	9
X^1	0	6	4
X^2	2	2	2
X^3	2	8	7
X^4	0	0	0
Diff.	0

X^0	6	36	34
X^1	2	21	18
X^2	2	2	2
X^3	2	2	2
X^4	0	0	0
Diff.	0

X^0	1	2	1
X^1	1	1	1
X^2	1	1	1
X^3	0	0	0
X^4	0	0	0
Diff.	1

X^0	4	4	4
X^1	1	2	1
X^2	7	7	7
X^3	1	1	1
X^4	3	3	3
Diff.	7

X^0	2	88	87
X^1	2	83	82
X^2	1	54	52
X^3	1	27	26
X^4	1	1	1
Diff.	3

X^0	2	19	16
X^1	2	13	10
X^2	2	6	3
X^3	2	2	2
X^4	0	0	0
Diff.	2

X^0	3	4	3
X^1	3	5	3
X^2	0	2	0
X^3	4	4	4
X^4	1	1	1
Diff.	3

X^0	2	33	31
X^1	2	30	24
X^2	2	2	2
X^3	2	2	2
X^4	0	0	0
Diff.	4

X^0	3	3	3
X^1	3	3	3
X^2	4	5	4
X^3	3	3	3
X^4	1	1	1
Diff.	3

X^0	3	48	45
X^1	0	45	45
X^2	1	1	1
X^3	0	0	0
X^4	4	4	4
Diff.	1

X^0	1	10	10
X^1	0	5	5
X^2	0	3	3
X^3	0	2	1
X^4	0	0	0
Diff.	0

X^0	1	12	11
X^1	2	17	16
X^2	0	0	0
X^3	0	0	0
X^4	1	1	1
Diff.	0

X^0	1	14	13
X^1	1	13	12
X^2	2	2	2
X^3	2	2	2
X^4	0	0	0
Diff.	2

X^0	2	8	7
X^1	3	18	18
X^2	2	3	3
X^3	2	3	3
X^4	0	0	0
Diff.	17

X^0	4	4	4
X^1	0	1	0
X^2	4	4	4
X^3	4	4	4
X^4	0	0	0
Diff.	0

X^0	2	29	28
X^1	1	29	28
X^2	1	1	1
X^3	1	1	1
X^4	1	1	1
Diff.	2

X^0	2	29	28
X^1	1	28	27
X^2	0	0	0
X^3	1	1	1
X^4	0	0	0
Diff.	1

X^0	2	23	20
X^1	2	27	20
X^2	2	2	2
X^3	1	1	1
X^4	0	0	0
Diff.	0

X^0	0	11	11
X^1	1	8	7
X^2	0	2	0
X^3	0	2	2
X^4	0	0	0
Diff.	2

X^0	2	38	34
X^1	2	2	2
X^2	2	2	2
X^3	2	2	2
X^4	1	1	1
Diff.	3

X^0	3	46	43
X^1	1	34	31
X^2	1	42	39
X^3	2	28	25
X^4	1	1	1
Diff.	0

X^0	1	4	2
X^1	3	5	3
X^2	3	5	3
X^3	1	1	1
X^4	0	0	0
Diff.	1

X^0	2	9	6
X^1	1	1	1
X^2	0	0	0
X^3	2	2	2
X^4	1	1	1
Diff.	4

X^0	2	2	2
X^1	2	3	2
X^2	2	2	2
X^3	2	2	2
X^4	3	3	3
Diff.	2

X^0	4	13	12
X^1	5	22	21
X^2	3	13	12
X^3	1	8	7
X^4	1	1	1
Diff.	7

X^0	2	2	2
X^1	1	4	1
X^2	0	1	0
X^3	4	4	4
X^4	3	3	3
Diff.	3

X^0	3	51	43
X^1	1	50	42
X^2	1	34	33
X^3	1	17	16
X^4	1	1	1
Diff.	4

X^0	4	9	6
X^1	4	4	4
X^2	2	3	2
X^3	0	0	0
X^4	1	1	1
Diff.	1

X^0	5	11	10
X^1	4	7	6
X^2	2	4	2
X^3	2	2	2
X^4	2	2	2
Diff.	6

X^0	1	26	25
X^1	3	15	12
X^2	2	20	17
X^3	1	10	7
X^4	1	1	1
Diff.	1

X^0	5	12	11
X^1	5	5	5
X^2	1	7	1
X^3	0	0	0
X^4	6	6	6
Diff.	4

X^0	4	202	201
X^1	1	187	187
X^2	1	10	9
X^3	0	0	0
X^4	1	1	1
Diff.	0

X^0	0	2	0
X^1	0	2	0
X^2	5	5	5
X^3	0	0	0
X^4	1	1	1
Diff.	2

X^0	3	5	3
X^1	5	6	5
X^2	2	5	2
X^3	1	1	1
X^4	0	0	0
Diff.	3

X^0	4	12	9
X^1	4	6	4
X^2	2	2	2
X^3	1	1	1
X^4	3	3	3
Diff.	0

X^0	1	93	85
X^1	1	49	48
X^2	1	48	47
X^3	1	47	46
X^4	1	1	1
Diff.	3

X^0	2	8	6
X^1	2	5	5
X^2	1	6	6
X^3	2	5	5
X^4	0	0	0
Diff.	2

X^0	0	12	11
X^1	2	13	12
X^2	0	0	0
X^3	0	0	0
X^4	0	0	0
Diff.	0

X^0	0	2	2
X^1	0	1	0
X^2	0	0	0
X^3	0	0	0
X^4	1	1	1
Diff.	0

X^0	4	44	38
X^1	4	31	26
X^2	4	20	16
X^3	4	17	13
X^4	4	4	4
Diff.	9

X^0	1	42	39
X^1	1	2	1
X^2	3	3	3
X^3	0	0	0
X^4	3	3	3
Diff.	3

X^0	3	10	9
X^1	2	13	10
X^2	1	1	1
X^3	1	1	1
X^4	1	1	1
Diff.	1

X^0	7	38	35
X^1	3	27	22
X^2	3	15	13
X^3	2	10	5
X^4	2	2	2
Diff.	3

X^0	2	141	139
X^1	5	144	142
X^2	2	4	2
X^3	2	2	2
X^4	0	0	0
Diff.	4

X^0	3	10	9
X^1	2	7	7
X^2	1	5	5
X^3	0	1	0
X^4	0	0	0
Diff.	0

X^0	2	3	2
X^1	2	2	2
X^2	2	2	2
X^3	2	2	2
X^4	2	2	2
Diff.	8

X^0	3	109	106
X^1	3	100	97
X^2	3	3	3
X^3	3	3	3
X^4	1	1	1
Diff.	6

X^0	3	8	8
X^1	3	4	3
X^2	1	1	1
X^3	2	2	2
X^4	0	0	0
Diff.	3

X^0	4	10	8
X^1	3	6	3
X^2	2	3	2
X^3	1	2	1
X^4	2	2	2
Diff.	3

X^0	3	15	11
X^1	7	21	17
X^2	3	3	3
X^3	3	3	3
X^4	1	1	1
Diff.	5

X^0	2	11	11
X^1	2	13	6
X^2	2	2	2
X^3	0	0	0
X^4	1	1	1
Diff.	2

X^0	2	26	22
X^1	2	26	21
X^2	0	0	0
X^3	2	2	2
X^4	2	2	2
Diff.	3

X^0	2	3	2
X^1	1	4	4
X^2	0	0	0
X^3	0	0	0
X^4	0	0	0
Diff.	0

X^0	1	6	3
X^1	2	4	2
X^2	1	1	1
X^3	1	1	1
X^4	1	1	1
Diff.	3

X^0	3	3	3
X^1	3	3	3
X^2	2	2	2
X^3	5	5	5
X^4	2	2	2
Diff.	1

X^0	2	46	45
X^1	3	46	46
X^2	1	1	1
X^3	0	0	0
X^4	1	1	1
Diff.	3

X^0	1	7	6
X^1	1	6	5
X^2	1	1	1
X^3	1	1	1
X^4	1	1	1
Diff.	1

X^0	3	14	11
X^1	0	0	0
X^2	6	6	6
X^3	1	1	1
X^4	1	1	1
Diff.	0

X^0	2	4	2
X^1	2	2	2
X^2	2	2	2
X^3	1	1	1
X^4	2	2	2
Diff.	5

X^0	1	14	13
X^1	1	13	13
X^2	1	1	1
X^3	0	0	0
X^4	1	1	1
Diff.	1

X^0	2	9	7
X^1	1	8	6
X^2	2	6	5
X^3	1	1	1
X^4	0	0	0
Diff.	0

X^0	0	2	0
X^1	4	4	4
X^2	0	0	0
X^3	0	0	0
X^4	1	1	1
Diff.	0

X^0	2	36	33
X^1	2	35	32
X^2	2	2	2
X^3	1	1	1
X^4	0	0	0
Diff.	3

X^0	1	7	5
X^1	1	3	1
X^2	1	1	1
X^3	0	1	1
X^4	0	0	0
Diff.	1

X^0	2	8	7
X^1	1	6	5
X^2	2	9	9
X^3	0	7	7
X^4	0	0	0
Diff.	0

X^0	2	145	138
X^1	2	2	2
X^2	2	2	2
X^3	5	5	5
X^4	0	0	0
Diff.	2

X^0	1	11	9
X^1	1	11	9
X^2	1	1	1
X^3	1	1	1
X^4	4	4	4
Diff.	1

X^0	3	5	3
X^1	3	4	3
X^2	5	5	5
X^3	0	0	0
X^4	0	0	0
Diff.	4

X^0	3	6	3
X^1	2	5	2
X^2	0	0	0
X^3	0	3	0
X^4	0	0	0
Diff.	2

X^0	1	3	2
X^1	1	1	1
X^2	1	1	1
X^3	1	1	1
X^4	0	0	0
Diff.	0

X^0	1	5	2
X^1	2	2	2
X^2	2	2	2
X^3	2	2	2
X^4	0	0	0
Diff.	4

X^0	1	1	1
X^1	1	1	1
X^2	1	1	1
X^3	2	2	2
X^4	1	1	1
Diff.	0

X^0	10	20	19
X^1	1	9	8
X^2	0	0	0
X^3	0	0	0
X^4	1	1	1
Diff.	0

X^0	3	6	4
X^1	3	8	6
X^2	3	4	3
X^3	3	4	3
X^4	1	1	1
Diff.	8

X^0	1	8	8
X^1	0	5	1
X^2	3	5	3
X^3	1	3	3
X^4	0	0	0
Diff.	0

X^0	2	7	3
X^1	0	4	3
X^2	3	5	4
X^3	0	1	0
X^4	0	0	0
Diff.	2

X^0	3	27	24
X^1	1	24	21
X^2	0	0	0
X^3	0	0	0
X^4	0	0	0
Diff.	2

X^0	3	12	9
X^1	3	3	3
X^2	3	3	3
X^3	1	1	1
X^4	0	0	0
Diff.	6

X^0	1	1	1
X^1	2	2	2
X^2	5	5	5
X^3	6	6	6
X^4	3	3	3
Diff.	0

X^0	10	75	65
X^1	10	59	48
X^2	10	10	10
X^3	10	10	10
X^4	2	2	2
Diff.	29

X^0	2	2	2
X^1	1	1	1
X^2	3	3	3
X^3	0	0	0
X^4	4	4	4
Diff.	1

X^0	2	4	3
X^1	7	9	8
X^2	1	1	1
X^3	1	1	1
X^4	0	0	0
Diff.	1

X^0	1	87	82
X^1	1	16	13
X^2	1	1	1
X^3	4	4	4
X^4	0	0	0
Diff.	0

X^0	2	19	18
X^1	1	13	13
X^2	1	1	1
X^3	0	0	0
X^4	1	1	1
Diff.	1

X^0	2	31	30
X^1	1	1	1
X^2	1	1	1
X^3	1	1	1
X^4	0	0	0
Diff.	7

X^0	1	135	134
X^1	2	137	136
X^2	1	89	88
X^3	1	44	43
X^4	1	1	1
Diff.	2

X^0	2	6	5
X^1	2	7	7
X^2	0	0	0
X^3	0	0	0
X^4	1	1	1
Diff.	0

X^0	2	2	2
X^1	2	4	2
X^2	1	1	1
X^3	1	1	1
X^4	0	0	0
Diff.	2

X^0	1	6	5
X^1	0	0	0
X^2	0	0	0
X^3	1	1	1
X^4	0	0	0
Diff.	0

X^0	1	74	72
X^1	1	69	68
X^2	2	2	2
X^3	1	1	1
X^4	1	1	1
Diff.	0

X^0	3	16	13
X^1	2	4	2
X^2	2	2	2
X^3	2	2	2
X^4	0	0	0
Diff.	2

X^0	3	11	7
X^1	4	7	7
X^2	5	5	5
X^3	0	0	0
X^4	0	0	0
Diff.	3

X^0	1	2	1
X^1	1	1	1
X^2	1	1	1
X^3	1	1	1
X^4	0	0	0
Diff.	2

X^0	4	393	300
X^1	2	369	300
X^2	4	4	4
X^3	1	1	1
X^4	3	3	3
Diff.	0

X^0	1	21	20
X^1	1	1	1
X^2	8	9	8
X^3	1	1	1
X^4	3	3	3
Diff.	0

X^0	0	40	40
X^1	0	33	28
X^2	0	0	0
X^3	0	0	0
X^4	1	1	1
Diff.	0

X^0	4	8	4
X^1	2	4	2
X^2	2	2	2
X^3	2	2	2
X^4	1	1	1
Diff.	2

X^0	2	26	21
X^1	2	2	2
X^2	1	1	1
X^3	1	1	1
X^4	0	0	0
Diff.	6

X^0	5	13	5
X^1	5	11	5
X^2	5	5	5
X^3	5	5	5
X^4	1	1	1
Diff.	12

X^0	2	12	12
X^1	6	12	12
X^2	4	7	7
X^3	1	2	2
X^4	0	0	0
Diff.	4

X^0	1	85	81
X^1	5	5	5
X^2	1	1	1
X^3	0	0	0
X^4	0	0	0
Diff.	0

X^0	1	1	1
X^1	1	1	1
X^2	1	1	1
X^3	0	1	0
X^4	0	0	0
Diff.	1

X^0	1	6	5
X^1	1	1	1
X^2	1	1	1
X^3	0	0	0
X^4	2	2	2
Diff.	1

X^0	2	9	7
X^1	6	10	6
X^2	1	1	1
X^3	2	2	2
X^4	2	2	2
Diff.	0

X^0	1	7	4
X^1	2	5	2
X^2	1	1	1
X^3	1	3	1
X^4	0	0	0
Diff.	1

X^0	3	24	16
X^1	3	13	9
X^2	4	4	4
X^3	2	2	2
X^4	1	1	1
Diff.	2

X^0	1	50	49
X^1	1	50	49
X^2	1	31	31
X^3	1	15	15
X^4	0	0	0
Diff.	1

X^0	3	10	6
X^1	2	7	6
X^2	3	3	3
X^3	0	0	0
X^4	2	2	2
Diff.	6

X^0	1	24	22
X^1	6	12	9
X^2	0	6	2
X^3	0	0	0
X^4	3	3	3
Diff.	0

X^0	1	1	1
X^1	1	1	1
X^2	1	1	1
X^3	2	2	2
X^4	1	1	1
Diff.	2

X^0	2	10	7
X^1	1	4	2
X^2	1	1	1
X^3	2	2	2
X^4	1	1	1
Diff.	1

X^0	1	5	3
X^1	1	1	1
X^2	1	1	1
X^3	1	1	1
X^4	1	1	1
Diff.	0

X^0	1	107	105
X^1	2	93	93
X^2	1	1	1
X^3	0	0	0
X^4	1	1	1
Diff.	1

X^0	3	9	6
X^1	3	3	3
X^2	3	3	3
X^3	3	3	3
X^4	0	0	0
Diff.	5

X^0	2	5	2
X^1	2	2	2
X^2	3	4	3
X^3	1	4	1
X^4	2	2	2
Diff.	4

X^0	2	24	21
X^1	2	16	13
X^2	2	9	7
X^3	2	2	2
X^4	1	1	1
Diff.	5

X^0	5	10	8
X^1	3	7	5
X^2	1	4	2
X^3	3	3	3
X^4	1	1	1
Diff.	1

X^0	4	10	5
X^1	3	9	5
X^2	3	3	3
X^3	4	4	4
X^4	4	4	4
Diff.	6

X^0	1	20	16
X^1	1	9	6
X^2	1	2	1
X^3	1	1	1
X^4	0	0	0
Diff.	2

X^0	4	20	15
X^1	3	3	3
X^2	0	0	0
X^3	0	0	0
X^4	0	0	0
Diff.	3

X^0	3	4	3
X^1	2	2	2
X^2	2	2	2
X^3	1	1	1
X^4	0	0	0
Diff.	3

X^0	2	11	9
X^1	5	5	5
X^2	1	1	1
X^3	2	2	2
X^4	1	1	1
Diff.	3

X^0	2	6	4
X^1	3	3	3
X^2	2	2	2
X^3	2	2	2
X^4	3	3	3
Diff.	3

X^0	2	7	5
X^1	6	10	8
X^2	3	3	3
X^3	1	1	1
X^4	0	0	0
Diff.	6

X^0	1	6	4
X^1	2	5	2
X^2	2	2	2
X^3	0	3	1
X^4	0	0	0
Diff.	3

X^0	5	255	254
X^1	5	254	249
X^2	2	2	2
X^3	1	1	1
X^4	0	0	0
Diff.	1

X^0	3	41	41
X^1	1	36	34
X^2	0	0	0
X^3	0	0	0
X^4	0	0	0
Diff.	1

X^0	2	33	30
X^1	2	30	26
X^2	2	5	2
X^3	2	2	2
X^4	0	0	0
Diff.	4

X^0	2	11	5
X^1	2	9	3
X^2	0	0	0
X^3	0	0	0
X^4	0	0	0
Diff.	3

X^0	2	5	3
X^1	3	4	4
X^2	1	1	1
X^3	0	0	0
X^4	0	0	0
Diff.	3

X^0	1	91	91
X^1	2	88	88
X^2	0	0	0
X^3	0	0	0
X^4	0	0	0
Diff.	5

X^0	6	23	16
X^1	4	16	15
X^2	5	5	5
X^3	1	1	1
X^4	1	1	1
Diff.	5

X^0	3	14	11
X^1	0	0	0
X^2	0	0	0
X^3	0	0	0
X^4	2	2	2
Diff.	0

X^0	2	69	68
X^1	0	69	68
X^2	3	3	3
X^3	0	0	0
X^4	1	1	1
Diff.	3

X^0	6	7	6
X^1	6	6	6
X^2	6	6	6
X^3	4	4	4
X^4	3	3	3
Diff.	7

X^0	1	72	71
X^1	1	73	72
X^2	1	47	46
X^3	1	23	23
X^4	0	0	0
Diff.	3

X^0	2	5	4
X^1	3	6	4
X^2	2	2	2
X^3	1	1	1
X^4	1	1	1
Diff.	2

X^0	3	3	3
X^1	3	3	3
X^2	3	3	3
X^3	3	3	3
X^4	0	0	0
Diff.	13

X^0	3	3	3
X^1	2	2	2
X^2	0	0	0
X^3	1	1	1
X^4	3	3	3
Diff.	0

X^0	1	80	78
X^1	0	70	66
X^2	1	2	1
X^3	0	0	0
X^4	4	4	4
Diff.	0

X^0	6	19	17
X^1	3	4	3
X^2	1	1	1
X^3	1	1	1
X^4	1	1	1
Diff.	0

X^0	2	31	30
X^1	2	32	32
X^2	4	4	4
X^3	0	0	0
X^4	0	0	0
Diff.	2

X^0	3	14	12
X^1	3	13	11
X^2	3	3	3
X^3	2	2	2
X^4	3	3	3
Diff.	13

X^0	3	96	96
X^1	3	64	63
X^2	3	36	33
X^3	0	28	22
X^4	0	0	0
Diff.	5

X^0	1	21	20
X^1	2	13	12
X^2	1	1	1
X^3	1	1	1
X^4	1	1	1
Diff.	10

X^0	1	179	179
X^1	1	176	176
X^2	1	1	1
X^3	0	0	0
X^4	0	0	0
Diff.	1

X^0	1	4	1
X^1	1	2	1
X^2	1	3	1
X^3	0	2	1
X^4	0	0	0
Diff.	1

X^0	0	43	42
X^1	6	39	36
X^2	0	20	19
X^3	4	16	16
X^4	0	0	0
Diff.	0

X^0	1	7	5
X^1	1	3	1
X^2	1	1	1
X^3	2	2	2
X^4	4	4	4
Diff.	1

X^0	3	5	3
X^1	3	7	3
X^2	6	6	6
X^3	3	3	3
X^4	3	3	3
Diff.	4

Average
X^0	2.31167512690355	44.3167512690355	32.1888324873096
X^1	2.14619289340102	34.6680203045685	24.7126903553300
X^2	1.86395939086294	8.41319796954315	7.85482233502538
X^3	1.49949238578680	5.14720812182741	4.80304568527919
X^4	0.993908629441624	0.993908629441624	0.993908629441624
Diff:	3.21116751269036

Deviation
X^0	1.81234226999056	163.110461072468	57.8970281200545
X^1	1.73613381766582	152.964022984337	51.6170562784566
X^2	1.56346957600785	22.9651872584048	22.5913203671875
X^3	1.52083658055833	13.0061935586712	12.6561632369831
X^4	1.34653661842071	1.34653661842071	1.34653661842071
Diff:	5.93980610849018

Ratio of success: 0.985000000000000

----

