	Opt.	CR	FP
X^0	1	852	428
X^1	1	852	428
X^2	1	851	427
X^3	1	845	419
X^4	6	427	420
X^5	0	429	426

X^0	2	8	3
X^1	2	5	3
X^2	2	3	2
X^3	1	5	3
X^4	1	11	9
X^5	2	12	10

X^0	3	176	91
X^1	3	178	91
X^2	4	181	87
X^3	3	180	91
X^4	4	99	89
X^5	4	99	75

X^0	5	20	11
X^1	1	15	6
X^2	0	11	2
X^3	0	12	0
X^4	0	11	2
X^5	0	8	0

X^0	1	165	91
X^1	0	162	91
X^2	0	152	88
X^3	0	113	69
X^4	0	50	25
X^5	0	9	0

X^0	4	67	38
X^1	2	64	38
X^2	3	61	41
X^3	2	50	33
X^4	2	34	28
X^5	0	42	18

X^0	2	6	3
X^1	1	3	1
X^2	1	1	1
X^3	1	3	1
X^4	1	1	1
X^5	0	5	0

X^0	1	108	102
X^1	1	110	108
X^2	1	108	107
X^3	2	105	102
X^4	0	106	102
X^5	0	0	0

X^0	4	21	17
X^1	2	17	15
X^2	2	18	13
X^3	2	15	12
X^4	2	6	3
X^5	0	15	13

X^0	2	7	3
X^1	1	7	4
X^2	1	7	4
X^3	3	6	3
X^4	2	5	2
X^5	2	4	2

X^0	1	5	3
X^1	1	2	1
X^2	1	2	1
X^3	1	2	1
X^4	1	1	1
X^5	0	2	0

X^0	3	12	9
X^1	1	8	5
X^2	0	8	1
X^3	1	7	2
X^4	1	8	3
X^5	0	0	0

X^0	1	5	3
X^1	1	3	1
X^2	0	2	1
X^3	0	0	0
X^4	1	1	1
X^5	2	3	2

X^0	4	31	11
X^1	4	24	6
X^2	1	19	6
X^3	0	16	2
X^4	0	17	8
X^5	0	18	7

X^0	2	18	6
X^1	2	12	5
X^2	2	6	4
X^3	1	12	9
X^4	1	1	1
X^5	0	9	5

X^0	2	22	9
X^1	0	22	9
X^2	2	21	13
X^3	3	22	9
X^4	1	16	8
X^5	0	14	6

X^0	1	73	37
X^1	1	74	38
X^2	1	71	34
X^3	1	40	31
X^4	1	1	1
X^5	0	39	34

X^0	3	10	3
X^1	2	9	4
X^2	5	12	7
X^3	3	7	3
X^4	3	3	3
X^5	0	7	1

X^0	1	53	29
X^1	1	49	28
X^2	3	51	27
X^3	0	42	17
X^4	3	24	19
X^5	3	31	24

X^0	5	32	22
X^1	4	27	14
X^2	2	22	12
X^3	0	14	12
X^4	1	16	14
X^5	0	11	10

X^0	4	42	24
X^1	5	44	27
X^2	1	26	18
X^3	1	1	1
X^4	1	1	1
X^5	0	26	17

X^0	3	462	229
X^1	3	460	225
X^2	3	458	228
X^3	3	457	230
X^4	3	294	291
X^5	0	235	224

X^0	2	22	15
X^1	3	23	19
X^2	2	19	12
X^3	2	14	4
X^4	5	8	5
X^5	0	19	6

X^0	2	13	2
X^1	3	11	3
X^2	3	10	3
X^3	1	6	1
X^4	1	12	4
X^5	3	12	4

X^0	4	13	4
X^1	4	12	4
X^2	4	10	6
X^3	2	7	3
X^4	1	5	1
X^5	0	3	0

X^0	2	22	16
X^1	2	23	12
X^2	2	25	14
X^3	2	22	13
X^4	2	17	10
X^5	2	2	2

X^0	2	149	78
X^1	2	145	74
X^2	2	145	74
X^3	2	145	74
X^4	3	76	73
X^5	1	80	77

X^0	3	14	9
X^1	3	24	11
X^2	1	26	8
X^3	3	30	21
X^4	0	17	10
X^5	0	14	10

X^0	2	4	2
X^1	2	5	4
X^2	5	8	7
X^3	1	3	1
X^4	1	2	1
X^5	2	4	3

X^0	6	14	6
X^1	7	14	7
X^2	1	8	3
X^3	1	5	1
X^4	1	3	1
X^5	1	5	1

X^0	3	75	38
X^1	2	74	37
X^2	2	68	31
X^3	1	63	38
X^4	4	49	42
X^5	2	43	21

X^0	2	55	23
X^1	1	58	27
X^2	1	53	24
X^3	5	61	34
X^4	1	29	27
X^5	0	12	6

X^0	1	238	119
X^1	2	239	119
X^2	2	237	118
X^3	1	239	122
X^4	0	123	122
X^5	0	127	118

X^0	0	28	13
X^1	0	30	15
X^2	0	30	16
X^3	0	20	14
X^4	0	16	14
X^5	0	10	3

X^0	4	7	4
X^1	4	5	4
X^2	4	6	4
X^3	2	3	2
X^4	2	2	2
X^5	0	2	0

X^0	5	139	73
X^1	2	136	67
X^2	2	126	72
X^3	1	135	69
X^4	1	71	69
X^5	1	72	64

X^0	2	32	25
X^1	2	23	17
X^2	2	28	19
X^3	2	4	2
X^4	0	4	0
X^5	0	19	9

X^0	4	21	13
X^1	4	21	12
X^2	3	20	9
X^3	1	17	8
X^4	1	11	9
X^5	4	12	9

X^0	1	9	2
X^1	1	11	5
X^2	0	10	3
X^3	1	10	3
X^4	1	10	6
X^5	0	6	2

X^0	2	2	2
X^1	2	2	2
X^2	2	2	2
X^3	4	4	4
X^4	4	4	4
X^5	0	0	0

X^0	3	8	4
X^1	3	8	4
X^2	6	11	6
X^3	3	9	5
X^4	0	5	1
X^5	1	8	4

X^0	5	51	25
X^1	1	45	19
X^2	0	39	22
X^3	3	34	23
X^4	2	25	11
X^5	0	19	6

X^0	2	15	8
X^1	0	15	8
X^2	0	15	7
X^3	0	13	7
X^4	0	9	4
X^5	0	10	3

X^0	1	133	123
X^1	1	133	127
X^2	0	130	123
X^3	1	127	125
X^4	0	122	120
X^5	0	126	124

X^0	2	20	10
X^1	2	16	10
X^2	2	15	7
X^3	2	11	6
X^4	1	12	9
X^5	0	9	6

X^0	1	4	1
X^1	1	2	1
X^2	1	2	1
X^3	1	2	1
X^4	1	1	1
X^5	1	1	1

X^0	3	260	128
X^1	2	264	131
X^2	3	263	131
X^3	3	266	131
X^4	1	142	136
X^5	1	135	128

X^0	3	9	5
X^1	3	7	3
X^2	3	3	3
X^3	3	3	3
X^4	3	3	3
X^5	1	6	1

X^0	2	8	3
X^1	3	13	5
X^2	2	10	4
X^3	4	11	6
X^4	1	7	3
X^5	0	6	2

X^0	4	542	537
X^1	2	546	537
X^2	6	545	540
X^3	1	547	536
X^4	1	537	534
X^5	2	548	530

X^0	2	31	14
X^1	1	31	14
X^2	2	28	13
X^3	1	21	9
X^4	1	21	9
X^5	0	15	1

X^0	1	23	10
X^1	4	25	12
X^2	2	24	10
X^3	1	20	8
X^4	2	20	13
X^5	0	13	1

X^0	1	5	4
X^1	1	5	1
X^2	1	7	6
X^3	1	6	5
X^4	0	4	3
X^5	0	1	0

X^0	3	22	15
X^1	0	19	12
X^2	2	20	15
X^3	1	25	12
X^4	0	25	21
X^5	0	12	7

X^0	6	25	15
X^1	1	12	7
X^2	1	10	1
X^3	0	12	7
X^4	0	4	0
X^5	0	12	7

X^0	3	234	140
X^1	3	234	142
X^2	3	221	129
X^3	3	217	125
X^4	2	133	126
X^5	0	138	130

X^0	4	39	25
X^1	3	40	28
X^2	1	37	26
X^3	3	30	23
X^4	1	26	20
X^5	1	38	20

X^0	0	17	11
X^1	2	18	15
X^2	4	14	11
X^3	1	13	10
X^4	0	17	9
X^5	0	7	4

X^0	2	3	2
X^1	3	4	3
X^2	4	5	5
X^3	2	3	3
X^4	0	1	0
X^5	0	0	0

X^0	1	475	236
X^1	1	479	239
X^2	1	477	239
X^3	1	470	236
X^4	1	239	233
X^5	6	246	239

X^0	3	34	29
X^1	3	22	19
X^2	3	14	11
X^3	3	3	3
X^4	3	3	3
X^5	0	12	11

X^0	4	60	29
X^1	4	62	32
X^2	4	62	32
X^3	4	64	26
X^4	4	44	36
X^5	2	38	32

X^0	2	19	6
X^1	1	20	7
X^2	3	19	4
X^3	2	17	6
X^4	3	14	5
X^5	1	15	5

X^0	5	6	5
X^1	5	8	5
X^2	5	8	5
X^3	5	5	5
X^4	5	5	5
X^5	3	5	3

X^0	1	13	6
X^1	2	15	8
X^2	3	16	9
X^3	0	13	6
X^4	1	8	7
X^5	0	7	3

X^0	2	17	8
X^1	2	17	8
X^2	2	17	8
X^3	5	20	13
X^4	6	18	14
X^5	0	11	1

X^0	5	76	39
X^1	5	82	40
X^2	5	82	45
X^3	5	71	43
X^4	5	50	43
X^5	3	43	21

X^0	2	21	18
X^1	2	22	19
X^2	2	24	20
X^3	2	23	20
X^4	1	11	8
X^5	0	24	17

X^0	2	20	11
X^1	2	21	11
X^2	2	21	11
X^3	4	24	11
X^4	2	11	8
X^5	2	16	11

X^0	2	34	22
X^1	4	34	27
X^2	2	32	30
X^3	2	31	27
X^4	2	32	30
X^5	1	23	14

X^0	6	31	12
X^1	2	21	8
X^2	2	22	11
X^3	3	20	8
X^4	2	14	7
X^5	1	11	2

X^0	2	21	13
X^1	4	22	16
X^2	3	19	10
X^3	2	18	11
X^4	0	14	12
X^5	2	18	10

X^0	0	22	15
X^1	0	24	15
X^2	0	24	13
X^3	3	21	16
X^4	0	13	6
X^5	0	14	4

X^0	2	54	26
X^1	2	53	27
X^2	0	51	26
X^3	0	34	27
X^4	1	25	13
X^5	0	5	0

X^0	2	45	34
X^1	1	43	32
X^2	1	40	25
X^3	1	38	32
X^4	1	28	24
X^5	1	38	32

X^0	5	7	5
X^1	5	9	5
X^2	5	5	5
X^3	5	5	5
X^4	5	5	5
X^5	0	3	0

X^0	1	8	4
X^1	1	4	1
X^2	5	5	5
X^3	2	2	2
X^4	0	0	0
X^5	0	2	0

X^0	1	200	101
X^1	1	205	108
X^2	1	202	101
X^3	1	202	100
X^4	1	110	109
X^5	2	117	112

X^0	1	21	14
X^1	3	16	8
X^2	3	3	3
X^3	1	9	7
X^4	0	5	1
X^5	0	15	13

X^0	3	237	122
X^1	5	233	119
X^2	4	223	114
X^3	4	220	107
X^4	2	114	110
X^5	1	115	111

X^0	3	69	51
X^1	2	68	55
X^2	0	62	53
X^3	0	53	45
X^4	0	56	45
X^5	0	0	0

X^0	1	13	6
X^1	1	11	5
X^2	3	10	6
X^3	1	6	2
X^4	1	1	1
X^5	0	4	0

X^0	4	25	12
X^1	2	24	10
X^2	2	21	9
X^3	2	19	5
X^4	3	16	10
X^5	4	19	10

X^0	1	13	5
X^1	1	14	5
X^2	1	7	1
X^3	1	4	1
X^4	1	1	1
X^5	0	4	0

X^0	1	7	1
X^1	1	7	2
X^2	3	9	5
X^3	3	10	6
X^4	3	8	4
X^5	0	6	2

X^0	1	13	8
X^1	1	12	7
X^2	1	8	1
X^3	1	10	3
X^4	1	8	2
X^5	0	9	1

X^0	2	30	27
X^1	2	33	28
X^2	4	32	31
X^3	1	26	25
X^4	1	26	25
X^5	0	9	6

X^0	2	73	34
X^1	2	72	35
X^2	4	74	38
X^3	1	69	34
X^4	1	54	48
X^5	0	39	23

X^0	2	10	2
X^1	1	8	1
X^2	2	4	2
X^3	2	9	2
X^4	1	1	1
X^5	2	9	2

X^0	2	9	4
X^1	1	10	6
X^2	5	16	12
X^3	1	11	5
X^4	0	7	6
X^5	2	5	4

X^0	2	28	11
X^1	4	34	18
X^2	1	18	15
X^3	1	22	13
X^4	1	15	12
X^5	1	15	13

X^0	2	9	6
X^1	2	7	4
X^2	2	4	2
X^3	2	4	2
X^4	0	4	0
X^5	0	2	0

X^0	2	14	5
X^1	5	14	5
X^2	1	18	5
X^3	5	19	8
X^4	1	14	7
X^5	1	14	7

X^0	2	26	11
X^1	2	20	8
X^2	2	11	6
X^3	2	14	8
X^4	2	3	2
X^5	3	13	9

X^0	4	46	27
X^1	4	48	26
X^2	4	46	27
X^3	4	44	25
X^4	4	19	15
X^5	0	29	25

X^0	2	16	11
X^1	1	17	10
X^2	1	14	4
X^3	1	9	5
X^4	1	8	3
X^5	1	8	1

X^0	2	16	11
X^1	2	16	13
X^2	1	18	16
X^3	1	11	6
X^4	0	18	15
X^5	4	21	19

X^0	2	26	25
X^1	3	29	28
X^2	6	32	31
X^3	2	29	28
X^4	1	28	27
X^5	0	27	25

X^0	3	24	10
X^1	3	23	11
X^2	3	17	10
X^3	3	13	8
X^4	0	7	4
X^5	0	0	0

X^0	2	2	2
X^1	2	2	2
X^2	2	2	2
X^3	3	14	11
X^4	1	15	12
X^5	1	5	4

X^0	2	17	15
X^1	2	18	13
X^2	2	20	14
X^3	2	20	14
X^4	0	13	10
X^5	0	16	10

X^0	1	368	196
X^1	0	369	194
X^2	0	367	197
X^3	2	362	200
X^4	1	199	199
X^5	0	208	170

X^0	5	14	5
X^1	6	11	6
X^2	0	6	0
X^3	0	4	0
X^4	0	1	0
X^5	0	7	1

X^0	1	270	135
X^1	1	270	135
X^2	1	270	131
X^3	5	271	132
X^4	0	138	132
X^5	0	140	132

X^0	4	148	75
X^1	3	149	76
X^2	4	147	74
X^3	7	156	80
X^4	0	73	70
X^5	2	81	78

X^0	5	16	7
X^1	2	11	3
X^2	0	10	1
X^3	0	8	0
X^4	0	1	0
X^5	0	8	5

X^0	2	22	17
X^1	2	20	17
X^2	2	17	13
X^3	2	20	2
X^4	0	5	3
X^5	0	18	0

X^0	2	36	34
X^1	2	35	33
X^2	2	21	19
X^3	1	31	27
X^4	1	34	30
X^5	3	35	33

X^0	4	27	15
X^1	4	29	15
X^2	4	30	11
X^3	4	27	12
X^4	1	20	15
X^5	2	20	11

X^0	3	9	5
X^1	3	11	3
X^2	2	10	4
X^3	1	10	5
X^4	2	7	4
X^5	3	10	6

X^0	2	26	15
X^1	6	31	16
X^2	2	26	10
X^3	0	27	11
X^4	0	18	15
X^5	5	23	15

X^0	2	11	3
X^1	3	9	3
X^2	2	8	3
X^3	2	8	5
X^4	1	11	8
X^5	0	8	4

X^0	1	46	28
X^1	1	50	28
X^2	1	53	26
X^3	2	50	27
X^4	3	27	25
X^5	6	34	29

X^0	1	13	8
X^1	1	13	9
X^2	2	15	13
X^3	1	15	5
X^4	1	12	10
X^5	0	12	11

X^0	2	47	42
X^1	2	46	44
X^2	2	43	40
X^3	2	43	41
X^4	2	43	41
X^5	0	40	38

X^0	4	11	4
X^1	2	7	2
X^2	2	5	2
X^3	3	7	4
X^4	0	5	1
X^5	0	4	0

X^0	3	39	17
X^1	4	35	17
X^2	3	31	11
X^3	1	25	3
X^4	6	9	6
X^5	1	33	11

X^0	2	15	11
X^1	3	16	13
X^2	1	7	5
X^3	2	7	5
X^4	1	1	1
X^5	0	13	10

X^0	7	21	17
X^1	1	14	10
X^2	2	12	10
X^3	0	5	4
X^4	0	4	3
X^5	0	5	4

X^0	2	28	18
X^1	2	31	18
X^2	5	34	20
X^3	1	23	17
X^4	1	21	16
X^5	0	24	12

X^0	2	18	16
X^1	2	18	16
X^2	0	16	15
X^3	2	17	14
X^4	0	13	11
X^5	1	18	13

X^0	3	45	21
X^1	2	45	17
X^2	1	42	20
X^3	1	42	34
X^4	0	21	17
X^5	0	24	20

X^0	2	19	11
X^1	2	19	11
X^2	3	17	9
X^3	2	18	9
X^4	0	14	3
X^5	1	13	4

X^0	2	4	2
X^1	3	7	3
X^2	2	4	2
X^3	2	4	2
X^4	2	2	2
X^5	2	6	2

X^0	4	45	20
X^1	4	41	15
X^2	4	35	15
X^3	4	48	24
X^4	5	35	28
X^5	0	24	17

X^0	5	165	160
X^1	3	162	160
X^2	1	127	120
X^3	0	156	123
X^4	0	62	58
X^5	0	160	127

X^0	3	65	62
X^1	2	94	65
X^2	3	96	67
X^3	1	88	64
X^4	1	56	55
X^5	2	58	34

X^0	1	3	2
X^1	1	3	2
X^2	1	2	1
X^3	0	1	0
X^4	0	7	1
X^5	0	2	1

X^0	2	16	14
X^1	2	17	15
X^2	1	18	16
X^3	0	13	11
X^4	0	0	0
X^5	0	0	0

X^0	2	22	10
X^1	2	22	15
X^2	0	19	12
X^3	0	16	7
X^4	1	9	5
X^5	0	14	10

X^0	2	42	22
X^1	2	43	23
X^2	2	43	23
X^3	0	41	21
X^4	0	26	21
X^5	8	31	24

X^0	2	18	10
X^1	2	17	7
X^2	2	12	7
X^3	2	8	2
X^4	2	4	2
X^5	1	9	4

X^0	3	13	3
X^1	2	13	4
X^2	3	15	6
X^3	4	13	6
X^4	1	10	5
X^5	0	10	2

X^0	3	17	11
X^1	1	15	10
X^2	1	15	9
X^3	2	15	11
X^4	1	7	2
X^5	1	1	1

X^0	2	12	7
X^1	1	12	5
X^2	0	10	2
X^3	0	5	0
X^4	2	10	4
X^5	2	11	5

X^0	2	29	14
X^1	1	27	14
X^2	1	25	14
X^3	1	18	14
X^4	1	18	7
X^5	1	10	1

X^0	0	43	26
X^1	2	45	26
X^2	2	48	25
X^3	2	46	30
X^4	1	30	30
X^5	0	26	18

X^0	2	25	11
X^1	1	23	7
X^2	1	21	7
X^3	2	21	5
X^4	4	23	9
X^5	0	16	1

X^0	8	17	11
X^1	3	13	8
X^2	5	9	5
X^3	2	6	3
X^4	1	2	1
X^5	0	2	0

X^0	1	3	1
X^1	4	7	4
X^2	1	1	1
X^3	1	1	1
X^4	3	3	3
X^5	1	1	1

X^0	4	35	14
X^1	2	36	15
X^2	2	34	17
X^3	3	34	7
X^4	6	22	18
X^5	8	25	20

X^0	3	62	38
X^1	2	60	38
X^2	1	58	37
X^3	1	40	35
X^4	1	32	18
X^5	1	12	1

X^0	3	28	23
X^1	3	22	14
X^2	4	31	22
X^3	2	32	24
X^4	1	24	19
X^5	0	21	16

X^0	2	9	2
X^1	1	12	7
X^2	3	11	5
X^3	3	10	5
X^4	1	9	4
X^5	1	6	1

X^0	1	34	3
X^1	1	39	8
X^2	1	17	7
X^3	0	40	16
X^4	0	34	33
X^5	0	24	23

X^0	7	30	12
X^1	7	30	12
X^2	7	25	14
X^3	6	30	12
X^4	11	27	18
X^5	0	17	7

X^0	1	125	64
X^1	1	131	65
X^2	1	128	53
X^3	2	128	64
X^4	1	70	63
X^5	1	5	1

X^0	2	52	28
X^1	1	48	22
X^2	1	48	21
X^3	1	45	20
X^4	0	24	11
X^5	0	33	21

X^0	2	42	21
X^1	3	40	22
X^2	2	33	17
X^3	2	26	12
X^4	1	20	10
X^5	1	3	1

X^0	2	14	9
X^1	1	12	6
X^2	7	18	11
X^3	1	11	4
X^4	0	9	5
X^5	0	8	3

X^0	2	80	42
X^1	2	110	45
X^2	2	83	45
X^3	1	50	37
X^4	1	76	37
X^5	1	31	1

X^0	3	24	23
X^1	2	25	23
X^2	1	24	21
X^3	1	24	23
X^4	1	19	17
X^5	6	28	24

X^0	1	330	165
X^1	1	330	163
X^2	2	331	167
X^3	1	330	166
X^4	1	171	166
X^5	0	172	161

X^0	4	19	15
X^1	4	19	13
X^2	4	19	13
X^3	4	19	15
X^4	4	19	15
X^5	0	9	4

X^0	4	226	114
X^1	1	221	111
X^2	0	219	107
X^3	0	217	108
X^4	1	116	112
X^5	5	116	108

X^0	1	8	5
X^1	1	7	5
X^2	1	7	4
X^3	1	7	6
X^4	2	6	3
X^5	1	1	1

X^0	2	68	26
X^1	2	66	26
X^2	2	59	29
X^3	2	52	26
X^4	1	33	27
X^5	2	40	21

X^0	3	57	30
X^1	0	57	27
X^2	0	53	29
X^3	2	44	20
X^4	0	43	20
X^5	0	13	0

X^0	3	47	14
X^1	3	50	18
X^2	3	40	15
X^3	4	46	13
X^4	3	34	12
X^5	1	35	10

X^0	1	19	6
X^1	4	27	15
X^2	2	20	10
X^3	1	17	5
X^4	0	12	1
X^5	4	16	7

X^0	1	113	61
X^1	1	106	54
X^2	2	112	60
X^3	1	106	49
X^4	1	61	58
X^5	4	59	51

X^0	1	13	7
X^1	1	13	5
X^2	1	13	5
X^3	1	13	3
X^4	0	9	3
X^5	1	7	4

X^0	3	12	7
X^1	1	12	8
X^2	2	17	13
X^3	1	15	11
X^4	2	12	8
X^5	0	9	6

X^0	2	13	12
X^1	1	11	10
X^2	1	13	12
X^3	0	10	9
X^4	6	16	9
X^5	0	7	5

X^0	1	12	2
X^1	1	15	4
X^2	1	11	1
X^3	1	10	4
X^4	1	6	1
X^5	1	1	1

X^0	1	18	10
X^1	1	19	11
X^2	2	20	10
X^3	1	19	3
X^4	0	13	9
X^5	0	13	7

X^0	2	39	18
X^1	2	40	21
X^2	0	35	19
X^3	1	31	16
X^4	2	27	21
X^5	0	19	9

X^0	4	23	21
X^1	7	25	20
X^2	2	22	18
X^3	0	19	16
X^4	0	16	13
X^5	0	17	14

X^0	4	8	4
X^1	2	4	2
X^2	1	3	1
X^3	1	1	1
X^4	2	3	2
X^5	0	3	0

X^0	1	10	2
X^1	2	11	8
X^2	1	10	1
X^3	2	11	4
X^4	1	9	7
X^5	0	5	0

X^0	3	23	14
X^1	1	13	12
X^2	1	9	4
X^3	1	1	1
X^4	1	1	1
X^5	0	0	0

X^0	3	24	14
X^1	3	20	13
X^2	3	14	11
X^3	3	10	7
X^4	2	13	6
X^5	0	4	0

X^0	3	37	26
X^1	9	32	28
X^2	1	24	21
X^3	2	26	13
X^4	1	16	13
X^5	2	16	11

X^0	2	18	5
X^1	2	21	10
X^2	4	25	16
X^3	2	15	8
X^4	2	15	7
X^5	2	7	2

X^0	3	39	26
X^1	3	36	21
X^2	3	37	17
X^3	3	23	16
X^4	3	20	15
X^5	1	19	12

X^0	4	14	7
X^1	2	13	6
X^2	2	12	6
X^3	1	11	3
X^4	1	10	2
X^5	0	8	1

X^0	3	8	3
X^1	3	6	3
X^2	2	4	2
X^3	0	2	0
X^4	0	0	0
X^5	0	0	0

X^0	3	23	9
X^1	3	20	8
X^2	2	16	6
X^3	2	13	3
X^4	2	5	2
X^5	2	2	2

X^0	2	18	8
X^1	4	17	12
X^2	5	16	9
X^3	2	11	5
X^4	0	11	3
X^5	3	12	6

X^0	2	46	21
X^1	2	44	21
X^2	4	36	21
X^3	1	44	21
X^4	5	26	22
X^5	0	25	17

X^0	4	12	4
X^1	4	12	4
X^2	4	11	6
X^3	5	12	7
X^4	6	14	8
X^5	0	8	1

X^0	2	36	19
X^1	2	37	21
X^2	2	30	16
X^3	2	20	9
X^4	2	14	5
X^5	1	13	2

X^0	2	6	4
X^1	2	6	2
X^2	5	9	7
X^3	2	5	2
X^4	1	6	3
X^5	0	3	1

X^0	2	33	12
X^1	6	36	16
X^2	4	31	14
X^3	4	33	19
X^4	4	20	17
X^5	2	21	10

X^0	1	4	1
X^1	2	3	2
X^2	5	6	5
X^3	1	2	1
X^4	1	1	1
X^5	0	2	0

X^0	8	15	10
X^1	4	12	8
X^2	2	9	7
X^3	1	9	6
X^4	1	9	7
X^5	3	11	6

X^0	2	42	21
X^1	2	39	19
X^2	2	40	22
X^3	2	40	22
X^4	2	22	19
X^5	0	30	20

X^0	2	68	60
X^1	2	65	56
X^2	6	73	61
X^3	2	59	53
X^4	2	53	50
X^5	0	59	54

X^0	6	25	13
X^1	3	21	10
X^2	0	22	10
X^3	2	24	12
X^4	0	16	15
X^5	4	14	12

X^0	1	22	9
X^1	1	23	11
X^2	3	27	13
X^3	3	21	12
X^4	1	18	10
X^5	1	16	6

X^0	2	20	17
X^1	2	19	16
X^2	2	17	15
X^3	2	17	14
X^4	4	24	19
X^5	0	12	10

X^0	3	27	15
X^1	1	25	13
X^2	1	16	8
X^3	2	8	7
X^4	2	8	7
X^5	0	8	0

X^0	3	151	76
X^1	3	153	76
X^2	3	150	76
X^3	3	134	76
X^4	2	83	76
X^5	3	70	47

X^0	2	16	7
X^1	2	17	8
X^2	2	11	7
X^3	5	15	6
X^4	2	4	2
X^5	0	7	4

X^0	5	14	5
X^1	2	18	9
X^2	1	15	6
X^3	1	13	4
X^4	0	10	4
X^5	0	11	0

X^0	1	32	17
X^1	1	40	18
X^2	1	39	21
X^3	1	30	21
X^4	1	29	26
X^5	3	25	18

X^0	4	32	24
X^1	1	27	19
X^2	1	25	15
X^3	0	12	10
X^4	0	0	0
X^5	0	21	19

X^0	2	42	13
X^1	0	44	10
X^2	3	43	18
X^3	5	44	21
X^4	3	35	17
X^5	3	28	8

X^0	5	30	21
X^1	2	27	18
X^2	5	32	23
X^3	4	26	17
X^4	4	19	8
X^5	0	14	5

X^0	3	310	229
X^1	3	313	228
X^2	3	313	226
X^3	2	311	227
X^4	3	231	227
X^5	2	311	226

X^0	2	3	2
X^1	1	3	1
X^2	1	2	1
X^3	0	2	0
X^4	3	5	3
X^5	0	2	0

X^0	4	31	14
X^1	4	24	13
X^2	4	23	9
X^3	4	21	9
X^4	4	19	10
X^5	1	14	1

X^0	1	79	42
X^1	1	82	45
X^2	7	87	55
X^3	1	75	47
X^4	1	53	46
X^5	0	58	28

X^0	4	21	6
X^1	2	17	10
X^2	2	24	16
X^3	2	25	11
X^4	2	16	12
X^5	4	24	14

X^0	2	14	9
X^1	8	14	10
X^2	1	9	4
X^3	1	8	3
X^4	0	8	4
X^5	0	8	3

X^0	1	89	38
X^1	0	90	39
X^2	0	77	39
X^3	1	72	34
X^4	0	43	36
X^5	1	31	11

X^0	4	11	6
X^1	5	11	9
X^2	2	6	4
X^3	9	12	10
X^4	1	5	3
X^5	3	5	3

X^0	3	15	5
X^1	3	9	6
X^2	1	4	1
X^3	1	1	1
X^4	0	0	0
X^5	0	5	3

X^0	4	33	21
X^1	1	24	13
X^2	1	19	18
X^3	1	25	13
X^4	1	1	1
X^5	1	23	9

X^0	0	73	37
X^1	0	82	41
X^2	0	82	41
X^3	1	79	46
X^4	1	49	47
X^5	0	32	30

X^0	2	24	22
X^1	1	23	18
X^2	1	23	20
X^3	1	23	22
X^4	1	23	22
X^5	1	1	1

X^0	1	19	17
X^1	3	20	18
X^2	2	21	18
X^3	2	22	20
X^4	1	24	23
X^5	0	18	17

X^0	4	60	35
X^1	4	59	34
X^2	1	46	20
X^3	2	47	21
X^4	1	49	38
X^5	0	36	25

X^0	2	67	31
X^1	2	67	32
X^2	2	39	31
X^3	2	49	37
X^4	2	18	15
X^5	2	38	36

X^0	5	75	68
X^1	3	71	64
X^2	1	70	64
X^3	1	73	62
X^4	2	69	62
X^5	3	75	63

X^0	3	65	33
X^1	3	63	33
X^2	3	64	35
X^3	3	61	35
X^4	3	39	35
X^5	2	33	22

X^0	1	40	24
X^1	1	34	22
X^2	1	28	16
X^3	1	29	10
X^4	0	18	0
X^5	1	19	1

X^0	2	10	6
X^1	2	6	2
X^2	2	5	2
X^3	2	6	2
X^4	1	3	1
X^5	1	2	1

X^0	2	19	11
X^1	3	16	12
X^2	3	12	7
X^3	3	9	6
X^4	3	5	4
X^5	3	3	3

X^0	1	16	3
X^1	1	15	8
X^2	2	18	11
X^3	2	16	9
X^4	1	15	7
X^5	1	1	1

X^0	6	83	39
X^1	6	77	35
X^2	6	76	34
X^3	6	76	34
X^4	6	49	43
X^5	1	36	29

X^0	1	23	10
X^1	1	18	5
X^2	1	19	6
X^3	1	19	7
X^4	1	16	4
X^5	1	13	1

X^0	2	35	19
X^1	2	32	16
X^2	2	32	14
X^3	2	32	15
X^4	0	22	17
X^5	1	24	13

X^0	3	227	205
X^1	3	236	206
X^2	3	238	213
X^3	1	245	212
X^4	1	214	213
X^5	0	233	198

X^0	1	71	46
X^1	3	71	46
X^2	2	69	47
X^3	7	71	47
X^4	0	45	42
X^5	0	45	23

X^0	3	41	24
X^1	3	45	28
X^2	2	43	27
X^3	2	43	27
X^4	2	32	18
X^5	0	38	22

X^0	1	109	56
X^1	1	115	61
X^2	1	107	57
X^3	0	94	46
X^4	1	63	47
X^5	0	60	44

X^0	3	35	17
X^1	4	39	21
X^2	3	37	19
X^3	3	31	16
X^4	3	15	11
X^5	1	21	16

X^0	3	33	17
X^1	1	32	15
X^2	4	35	18
X^3	4	35	19
X^4	0	22	17
X^5	0	16	9

X^0	3	10	3
X^1	3	11	3
X^2	3	9	3
X^3	2	10	4
X^4	1	7	1
X^5	3	13	6

X^0	0	979	633
X^1	2	987	632
X^2	3	988	634
X^3	8	992	636
X^4	1	640	633
X^5	1	637	350

X^0	5	7	5
X^1	3	11	5
X^2	2	8	2
X^3	0	5	0
X^4	2	8	6
X^5	1	4	2

X^0	4	40	17
X^1	4	39	17
X^2	1	22	17
X^3	6	33	18
X^4	0	15	10
X^5	0	24	17

X^0	6	73	67
X^1	2	69	63
X^2	1	67	61
X^3	1	64	63
X^4	1	67	66
X^5	2	57	53

X^0	2	55	31
X^1	2	63	29
X^2	2	64	30
X^3	2	78	49
X^4	1	42	32
X^5	1	56	36

X^0	2	103	77
X^1	2	109	77
X^2	2	103	63
X^3	2	87	53
X^4	1	69	55
X^5	1	79	37

X^0	3	19	8
X^1	3	14	10
X^2	2	13	6
X^3	3	3	3
X^4	1	9	1
X^5	0	14	7

X^0	2	58	25
X^1	1	55	24
X^2	2	54	22
X^3	0	54	22
X^4	0	45	24
X^5	0	31	7

X^0	2	30	26
X^1	2	30	26
X^2	2	30	26
X^3	2	34	29
X^4	0	30	26
X^5	4	36	32

X^0	1	69	49
X^1	1	67	49
X^2	1	66	49
X^3	1	60	52
X^4	1	56	52
X^5	1	42	26

X^0	1	64	62
X^1	2	63	61
X^2	1	64	62
X^3	0	61	57
X^4	4	73	68
X^5	6	69	68

X^0	1	24	14
X^1	1	23	13
X^2	0	21	11
X^3	0	23	9
X^4	0	15	6
X^5	0	5	0

X^0	2	17	9
X^1	2	16	9
X^2	0	16	8
X^3	2	13	9
X^4	1	11	7
X^5	4	13	4

X^0	2	30	25
X^1	2	35	25
X^2	2	37	25
X^3	2	30	25
X^4	2	25	19
X^5	0	25	15

X^0	2	11	5
X^1	2	10	4
X^2	2	9	4
X^3	2	7	2
X^4	2	2	2
X^5	4	10	5

X^0	2	28	14
X^1	1	27	13
X^2	1	22	11
X^3	1	18	10
X^4	1	18	11
X^5	2	20	9

X^0	3	182	95
X^1	3	194	103
X^2	3	190	92
X^3	3	187	111
X^4	2	118	113
X^5	1	109	94

X^0	2	24	11
X^1	2	23	11
X^2	3	23	13
X^3	4	16	14
X^4	5	19	12
X^5	1	7	1

X^0	6	17	11
X^1	2	11	8
X^2	4	11	4
X^3	0	10	3
X^4	3	12	8
X^5	3	8	5

X^0	3	3	3
X^1	3	3	3
X^2	2	3	2
X^3	1	1	1
X^4	0	0	0
X^5	0	1	0

X^0	4	30	18
X^1	1	19	2
X^2	2	18	6
X^3	1	20	7
X^4	1	14	3
X^5	0	20	10

X^0	3	16	9
X^1	4	17	9
X^2	1	14	7
X^3	3	16	8
X^4	1	10	1
X^5	2	13	6

X^0	2	11	3
X^1	2	10	6
X^2	3	10	5
X^3	2	6	2
X^4	2	8	4
X^5	0	9	3

X^0	10	47	26
X^1	10	47	26
X^2	10	47	26
X^3	10	77	37
X^4	10	38	27
X^5	1	49	39

X^0	3	247	131
X^1	2	246	130
X^2	2	243	129
X^3	2	265	130
X^4	2	134	131
X^5	2	139	129

X^0	3	11	7
X^1	4	11	10
X^2	4	7	5
X^3	1	4	3
X^4	0	3	1
X^5	0	4	3

X^0	1	45	22
X^1	2	49	25
X^2	1	39	20
X^3	1	37	31
X^4	2	29	26
X^5	1	1	1

X^0	6	19	11
X^1	2	12	6
X^2	2	12	7
X^3	3	13	7
X^4	1	8	4
X^5	1	6	3

X^0	2	33	14
X^1	2	30	13
X^2	1	25	12
X^3	1	11	1
X^4	1	12	4
X^5	0	25	12

X^0	2	14	10
X^1	2	16	8
X^2	2	21	13
X^3	3	19	17
X^4	2	10	8
X^5	0	10	8

X^0	5	10	8
X^1	2	7	5
X^2	2	4	2
X^3	2	6	4
X^4	2	2	2
X^5	1	9	3

X^0	5	42	39
X^1	1	38	37
X^2	1	35	31
X^3	1	34	33
X^4	1	38	37
X^5	0	34	33

X^0	0	12	4
X^1	2	15	7
X^2	2	14	8
X^3	1	10	5
X^4	1	6	3
X^5	2	9	2

X^0	2	29	17
X^1	1	27	15
X^2	2	28	16
X^3	1	23	9
X^4	1	19	6
X^5	1	17	4

X^0	2	23	11
X^1	1	22	7
X^2	3	24	14
X^3	1	20	11
X^4	1	15	9
X^5	2	15	6

X^0	3	25	12
X^1	1	26	14
X^2	1	26	21
X^3	1	24	22
X^4	1	16	14
X^5	0	17	11

X^0	5	313	164
X^1	5	306	153
X^2	5	306	155
X^3	2	302	156
X^4	0	151	139
X^5	2	169	151

X^0	1	20	8
X^1	1	21	7
X^2	0	21	8
X^3	1	17	8
X^4	0	12	7
X^5	1	10	5

X^0	1	158	82
X^1	1	157	84
X^2	2	158	86
X^3	2	165	86
X^4	0	107	100
X^5	1	98	73

X^0	2	54	52
X^1	7	59	57
X^2	0	52	45
X^3	0	43	0
X^4	0	6	4
X^5	0	51	0

X^0	1	5	3
X^1	1	5	3
X^2	1	1	1
X^3	1	1	1
X^4	2	2	2
X^5	1	1	1

X^0	1	89	50
X^1	1	85	44
X^2	1	85	47
X^3	1	75	35
X^4	1	38	32
X^5	1	45	37

X^0	1	25	11
X^1	1	23	11
X^2	2	23	11
X^3	2	27	15
X^4	3	28	14
X^5	0	20	8

X^0	2	10	3
X^1	2	10	5
X^2	2	11	6
X^3	2	3	2
X^4	2	2	2
X^5	1	3	1

X^0	4	204	85
X^1	4	216	94
X^2	4	224	113
X^3	4	216	115
X^4	4	123	119
X^5	1	115	110

X^0	4	23	14
X^1	1	20	16
X^2	1	20	16
X^3	2	20	18
X^4	0	19	18
X^5	2	20	17

X^0	3	14	3
X^1	0	13	4
X^2	0	15	7
X^3	2	14	8
X^4	2	12	5
X^5	0	10	3

X^0	4	19	14
X^1	2	14	7
X^2	2	14	9
X^3	2	10	2
X^4	2	9	6
X^5	0	11	5

X^0	6	8	6
X^1	2	6	4
X^2	2	7	4
X^3	2	7	3
X^4	2	2	2
X^5	5	8	6

X^0	2	58	37
X^1	2	40	38
X^2	2	29	27
X^3	2	2	2
X^4	2	2	2
X^5	0	29	27

X^0	3	25	18
X^1	2	25	18
X^2	3	23	13
X^3	1	18	12
X^4	3	16	11
X^5	3	19	12

X^0	11	96	63
X^1	11	89	58
X^2	11	89	58
X^3	11	89	56
X^4	11	76	47
X^5	2	77	47

X^0	3	10	4
X^1	6	13	11
X^2	3	6	5
X^3	0	3	2
X^4	2	10	8
X^5	0	5	4

X^0	2	69	38
X^1	1	44	14
X^2	2	42	11
X^3	1	49	19
X^4	2	31	4
X^5	0	56	30

X^0	4	116	109
X^1	3	117	111
X^2	1	115	109
X^3	2	71	65
X^4	0	1	0
X^5	2	70	61

X^0	4	59	35
X^1	4	65	42
X^2	5	55	31
X^3	1	38	17
X^4	1	21	1
X^5	0	38	17

X^0	2	98	40
X^1	1	102	43
X^2	2	99	40
X^3	2	93	47
X^4	5	60	45
X^5	2	74	36

X^0	3	16	12
X^1	1	9	5
X^2	0	8	4
X^3	0	6	1
X^4	1	1	1
X^5	0	9	5

X^0	3	12	7
X^1	3	13	8
X^2	2	12	7
X^3	0	8	5
X^4	0	3	0
X^5	2	9	5

X^0	1	2	1
X^1	4	4	4
X^2	2	2	2
X^3	1	2	1
X^4	0	0	0
X^5	8	8	8

X^0	3	18	13
X^1	3	15	10
X^2	3	15	10
X^3	3	15	11
X^4	3	14	11
X^5	3	7	3

X^0	0	274	137
X^1	0	272	135
X^2	0	272	132
X^3	0	265	135
X^4	0	138	134
X^5	0	151	126

X^0	1	36	14
X^1	1	36	15
X^2	2	30	19
X^3	6	37	18
X^4	2	18	10
X^5	0	21	14

X^0	1	10	4
X^1	4	11	8
X^2	0	8	0
X^3	2	12	9
X^4	0	9	7
X^5	0	7	2

X^0	3	31	28
X^1	2	30	27
X^2	3	30	28
X^3	2	29	20
X^4	0	19	14
X^5	3	24	22

X^0	4	35	18
X^1	4	36	20
X^2	1	35	20
X^3	4	32	21
X^4	1	24	19
X^5	1	25	11

X^0	1	7	4
X^1	1	6	1
X^2	1	6	3
X^3	1	6	5
X^4	1	6	2
X^5	1	6	1

X^0	1	30	15
X^1	1	23	14
X^2	1	15	6
X^3	1	7	1
X^4	1	1	1
X^5	0	17	0

X^0	0	45	15
X^1	1	48	18
X^2	0	41	16
X^3	0	40	18
X^4	1	38	19
X^5	0	32	9

X^0	3	44	21
X^1	2	49	27
X^2	3	49	27
X^3	1	43	21
X^4	1	28	20
X^5	5	40	25

X^0	2	170	84
X^1	1	178	86
X^2	4	174	85
X^3	2	167	88
X^4	1	90	86
X^5	1	93	83

X^0	4	21	8
X^1	1	15	8
X^2	4	20	11
X^3	2	15	8
X^4	0	12	3
X^5	5	16	7

X^0	5	42	30
X^1	1	37	23
X^2	1	37	22
X^3	1	22	18
X^4	0	24	20
X^5	0	4	0

X^0	1	371	185
X^1	2	376	189
X^2	0	369	185
X^3	0	360	172
X^4	0	185	184
X^5	0	189	184

X^0	2	40	21
X^1	2	41	22
X^2	2	43	23
X^3	1	33	16
X^4	1	21	10
X^5	1	8	1

X^0	4	19	10
X^1	0	15	7
X^2	1	15	2
X^3	2	14	6
X^4	1	12	2
X^5	1	11	3

X^0	4	52	47
X^1	4	51	47
X^2	4	51	47
X^3	1	48	42
X^4	1	48	44
X^5	0	47	45

X^0	2	33	28
X^1	1	30	24
X^2	1	26	23
X^3	1	47	25
X^4	0	28	25
X^5	2	28	25

X^0	4	218	112
X^1	4	218	115
X^2	4	204	101
X^3	4	185	99
X^4	2	114	109
X^5	1	125	104

X^0	2	134	66
X^1	2	129	64
X^2	1	127	64
X^3	0	123	54
X^4	0	70	66
X^5	0	75	62

X^0	1	44	28
X^1	2	44	28
X^2	2	43	25
X^3	1	32	27
X^4	0	30	12
X^5	0	0	0

X^0	1	4	2
X^1	1	4	1
X^2	3	7	3
X^3	5	8	6
X^4	1	3	1
X^5	1	1	1

X^0	3	45	39
X^1	1	44	37
X^2	10	47	43
X^3	6	38	37
X^4	6	38	37
X^5	0	32	28

X^0	2	409	211
X^1	2	408	210
X^2	2	408	210
X^3	2	416	219
X^4	0	221	216
X^5	2	197	195

X^0	3	16	9
X^1	3	14	6
X^2	2	13	10
X^3	6	15	11
X^4	2	12	9
X^5	0	3	0

X^0	1	20	8
X^1	1	21	12
X^2	1	20	9
X^3	1	8	1
X^4	1	1	1
X^5	1	13	4

X^0	7	119	59
X^1	1	116	58
X^2	1	117	56
X^3	0	109	54
X^4	0	63	60
X^5	2	55	52

X^0	3	54	37
X^1	1	41	32
X^2	1	40	22
X^3	1	32	20
X^4	2	31	22
X^5	1	1	1

X^0	2	28	19
X^1	2	26	19
X^2	2	25	19
X^3	2	4	2
X^4	1	4	1
X^5	0	19	13

X^0	1	349	185
X^1	3	342	178
X^2	1	331	167
X^3	1	292	162
X^4	1	164	162
X^5	0	129	126

X^0	2	278	182
X^1	2	279	186
X^2	1	278	182
X^3	1	276	181
X^4	2	183	181
X^5	0	186	92

X^0	6	24	10
X^1	3	24	11
X^2	2	18	8
X^3	2	15	6
X^4	1	13	6
X^5	0	10	3

X^0	1	12	5
X^1	1	11	5
X^2	1	9	3
X^3	0	7	4
X^4	5	15	11
X^5	1	9	3

X^0	3	48	21
X^1	1	45	20
X^2	1	45	19
X^3	0	33	23
X^4	3	29	23
X^5	0	7	0

X^0	4	9	6
X^1	4	8	5
X^2	7	14	7
X^3	4	5	4
X^4	5	7	5
X^5	1	7	4

X^0	2	469	237
X^1	2	465	233
X^2	2	457	227
X^3	2	462	230
X^4	2	232	227
X^5	2	3	2

X^0	2	33	18
X^1	1	33	17
X^2	2	40	24
X^3	2	31	20
X^4	2	34	22
X^5	2	28	14

X^0	3	91	81
X^1	2	90	80
X^2	3	91	82
X^3	1	91	81
X^4	1	104	101
X^5	0	86	74

X^0	8	43	20
X^1	8	47	25
X^2	8	42	24
X^3	8	36	18
X^4	8	31	21
X^5	0	34	15

X^0	1	32	18
X^1	1	25	7
X^2	4	33	16
X^3	2	22	8
X^4	2	25	12
X^5	1	2	1

X^0	4	192	186
X^1	1	188	186
X^2	1	187	185
X^3	1	184	183
X^4	1	186	184
X^5	1	1	1

X^0	2	42	21
X^1	1	44	21
X^2	5	39	24
X^3	1	30	21
X^4	1	23	21
X^5	0	30	22

X^0	3	28	18
X^1	2	19	12
X^2	2	14	6
X^3	2	13	6
X^4	2	2	2
X^5	0	13	6

X^0	1	17	6
X^1	2	18	7
X^2	3	18	9
X^3	1	16	9
X^4	1	13	8
X^5	0	12	2

X^0	4	10	4
X^1	3	9	3
X^2	1	5	1
X^3	1	6	3
X^4	1	5	3
X^5	1	1	1

X^0	2	8	2
X^1	1	10	6
X^2	1	2	1
X^3	0	0	0
X^4	1	1	1
X^5	2	2	2

X^0	2	11	5
X^1	3	12	7
X^2	1	7	4
X^3	2	3	2
X^4	1	1	1
X^5	2	6	4

X^0	1	86	40
X^1	7	92	49
X^2	1	84	38
X^3	1	44	41
X^4	1	42	40
X^5	1	1	1

X^0	1	3	1
X^1	1	2	1
X^2	3	5	3
X^3	1	2	1
X^4	1	1	1
X^5	1	2	1

X^0	2	101	56
X^1	1	100	56
X^2	3	101	56
X^3	2	98	52
X^4	0	61	60
X^5	1	54	53

X^0	3	21	11
X^1	1	19	9
X^2	1	18	6
X^3	1	15	5
X^4	0	12	1
X^5	3	17	6

X^0	2	132	61
X^1	1	131	66
X^2	1	128	66
X^3	3	130	69
X^4	0	71	67
X^5	0	70	56

X^0	3	34	15
X^1	2	34	16
X^2	2	34	16
X^3	2	27	7
X^4	2	18	13
X^5	0	25	16

X^0	2	76	37
X^1	1	77	36
X^2	5	80	41
X^3	5	75	40
X^4	3	42	37
X^5	1	40	30

X^0	6	38	17
X^1	5	34	17
X^2	3	33	11
X^3	5	33	16
X^4	3	19	9
X^5	7	22	11

X^0	5	32	17
X^1	3	36	15
X^2	2	28	17
X^3	1	25	16
X^4	1	25	12
X^5	1	18	2

X^0	4	147	74
X^1	1	145	72
X^2	1	142	74
X^3	0	136	69
X^4	0	66	64
X^5	0	71	67

X^0	1	19	8
X^1	2	24	8
X^2	2	23	14
X^3	1	13	5
X^4	0	16	9
X^5	1	23	14

X^0	1	20	8
X^1	2	21	9
X^2	1	19	9
X^3	5	19	13
X^4	1	14	3
X^5	1	1	1

X^0	2	164	80
X^1	2	158	78
X^2	2	153	72
X^3	5	157	81
X^4	1	76	74
X^5	1	86	78

X^0	3	38	18
X^1	3	39	15
X^2	2	37	17
X^3	1	36	16
X^4	1	36	16
X^5	1	32	10

X^0	1	115	65
X^1	1	111	58
X^2	1	99	48
X^3	1	87	38
X^4	1	49	29
X^5	0	61	34

X^0	2	37	22
X^1	4	38	25
X^2	5	37	26
X^3	6	34	27
X^4	0	25	15
X^5	4	32	18

X^0	4	181	86
X^1	1	175	82
X^2	3	171	83
X^3	0	163	76
X^4	0	88	80
X^5	0	91	71

X^0	1	16	14
X^1	1	18	17
X^2	5	16	15
X^3	1	1	1
X^4	2	2	2
X^5	1	12	10

X^0	0	36	24
X^1	6	27	19
X^2	6	20	6
X^3	6	17	11
X^4	6	6	6
X^5	0	4	0

X^0	6	15	8
X^1	6	17	8
X^2	6	11	6
X^3	6	11	6
X^4	6	11	6
X^5	2	9	3

X^0	9	16	12
X^1	2	9	5
X^2	2	2	2
X^3	2	2	2
X^4	3	3	3
X^5	0	2	0

X^0	5	151	83
X^1	1	147	69
X^2	1	128	75
X^3	1	128	77
X^4	2	86	82
X^5	1	86	46

X^0	2	25	15
X^1	2	25	18
X^2	2	24	18
X^3	1	20	12
X^4	2	13	9
X^5	1	15	6

X^0	1	6	4
X^1	1	6	5
X^2	1	4	1
X^3	1	3	1
X^4	1	1	1
X^5	0	3	0

X^0	3	256	128
X^1	1	258	129
X^2	3	260	131
X^3	3	265	138
X^4	1	144	142
X^5	1	134	125

X^0	10	28	23
X^1	5	18	13
X^2	3	11	3
X^3	5	19	9
X^4	3	18	13
X^5	1	9	4

X^0	3	14	8
X^1	3	10	5
X^2	3	7	3
X^3	3	3	3
X^4	3	3	3
X^5	0	2	0

X^0	4	4	4
X^1	1	1	1
X^2	3	3	3
X^3	1	1	1
X^4	0	0	0
X^5	0	0	0

X^0	3	103	47
X^1	3	105	58
X^2	3	92	45
X^3	3	76	33
X^4	1	46	39
X^5	2	46	25

X^0	1	15	5
X^1	6	15	6
X^2	1	14	4
X^3	4	14	4
X^4	0	7	0
X^5	0	0	0

X^0	1	6	1
X^1	1	4	1
X^2	0	6	2
X^3	1	2	1
X^4	4	5	4
X^5	0	0	0

X^0	3	70	34
X^1	3	70	29
X^2	3	35	29
X^3	1	56	35
X^4	1	21	15
X^5	0	41	32

X^0	2	42	35
X^1	2	43	34
X^2	2	41	34
X^3	6	44	38
X^4	2	15	7
X^5	2	2	2

X^0	3	273	136
X^1	1	270	132
X^2	1	267	133
X^3	0	263	131
X^4	0	132	124
X^5	5	101	96

X^0	3	19	12
X^1	1	15	5
X^2	4	16	8
X^3	1	11	3
X^4	1	9	5
X^5	0	4	1

X^0	5	9	5
X^1	2	5	2
X^2	1	3	1
X^3	5	7	5
X^4	1	3	1
X^5	2	4	2

X^0	4	21	14
X^1	4	19	12
X^2	1	16	7
X^3	0	13	6
X^4	0	11	5
X^5	0	7	2

X^0	1	22	9
X^1	3	27	14
X^2	4	26	13
X^3	1	23	7
X^4	1	17	15
X^5	1	5	3

X^0	2	43	18
X^1	2	32	19
X^2	2	29	19
X^3	4	33	20
X^4	0	21	5
X^5	0	17	1

X^0	2	440	223
X^1	2	442	225
X^2	2	379	217
X^3	0	317	155
X^4	0	161	93
X^5	2	227	160

X^0	3	81	47
X^1	1	71	42
X^2	2	62	36
X^3	2	60	29
X^4	2	30	26
X^5	1	33	29

X^0	1	8	2
X^1	1	8	3
X^2	1	5	3
X^3	0	4	0
X^4	1	1	1
X^5	1	5	1

X^0	3	8	3
X^1	2	7	4
X^2	1	9	6
X^3	2	9	6
X^4	1	2	1
X^5	1	1	1

X^0	3	52	26
X^1	4	55	28
X^2	2	47	20
X^3	0	36	18
X^4	0	28	17
X^5	0	10	0

X^0	5	20	10
X^1	4	18	8
X^2	4	17	7
X^3	4	11	7
X^4	4	4	4
X^5	1	6	2

X^0	1	10	8
X^1	1	9	5
X^2	3	12	9
X^3	1	3	1
X^4	2	7	2
X^5	6	8	6

X^0	2	5	2
X^1	2	6	2
X^2	1	4	1
X^3	1	3	1
X^4	3	9	6
X^5	0	5	2

X^0	1	17	9
X^1	2	15	6
X^2	1	14	5
X^3	1	14	2
X^4	1	13	1
X^5	1	1	1

X^0	3	13	6
X^1	2	12	6
X^2	0	9	6
X^3	2	9	9
X^4	0	6	5
X^5	1	8	6

X^0	1	18	7
X^1	0	15	7
X^2	0	11	5
X^3	0	9	4
X^4	0	8	5
X^5	0	7	2

X^0	2	37	17
X^1	2	37	17
X^2	2	42	20
X^3	3	59	39
X^4	3	43	38
X^5	0	35	32

X^0	4	23	14
X^1	3	18	8
X^2	0	12	6
X^3	3	21	10
X^4	2	12	9
X^5	0	13	8

X^0	1	49	19
X^1	1	50	22
X^2	1	45	21
X^3	1	42	20
X^4	1	22	20
X^5	2	30	22

X^0	3	11	10
X^1	1	9	8
X^2	1	6	1
X^3	1	5	3
X^4	2	8	7
X^5	0	6	1

X^0	2	16	13
X^1	2	13	7
X^2	2	14	8
X^3	2	10	2
X^4	2	13	12
X^5	2	12	8

X^0	9	46	26
X^1	7	43	26
X^2	6	42	25
X^3	0	36	10
X^4	0	23	6
X^5	0	36	11

X^0	2	216	106
X^1	1	211	106
X^2	1	202	102
X^3	1	186	95
X^4	1	91	87
X^5	1	107	100

X^0	3	16	9
X^1	2	18	13
X^2	1	17	11
X^3	1	19	17
X^4	1	12	10
X^5	2	12	6

X^0	1	38	20
X^1	2	49	25
X^2	1	45	22
X^3	0	44	22
X^4	1	30	29
X^5	0	8	6

X^0	3	22	14
X^1	3	22	15
X^2	3	16	15
X^3	3	16	15
X^4	0	2	0
X^5	3	16	15

X^0	3	12	8
X^1	1	11	8
X^2	4	17	13
X^3	1	11	8
X^4	1	10	7
X^5	0	6	3

X^0	2	19	6
X^1	2	19	7
X^2	2	19	6
X^3	2	17	7
X^4	2	10	5
X^5	0	12	7

X^0	3	16	5
X^1	3	17	10
X^2	5	20	13
X^3	2	18	11
X^4	2	11	2
X^5	0	13	7

X^0	2	15	5
X^1	1	15	5
X^2	1	17	7
X^3	1	16	7
X^4	0	12	7
X^5	2	11	5

X^0	2	10	4
X^1	2	10	4
X^2	3	9	4
X^3	2	5	2
X^4	2	2	2
X^5	1	5	1

X^0	2	18	7
X^1	2	18	8
X^2	2	16	7
X^3	0	14	6
X^4	0	10	5
X^5	2	10	7

X^0	2	31	14
X^1	2	34	11
X^2	4	38	19
X^3	2	31	17
X^4	2	20	14
X^5	0	25	13

X^0	2	12	6
X^1	2	12	2
X^2	2	8	2
X^3	2	2	2
X^4	2	5	2
X^5	0	2	0

X^0	2	308	158
X^1	4	313	159
X^2	4	312	158
X^3	2	309	156
X^4	4	156	150
X^5	6	165	160

X^0	3	8	3
X^1	2	7	2
X^2	2	7	2
X^3	5	7	5
X^4	4	6	4
X^5	2	4	2

X^0	1	18	6
X^1	1	16	6
X^2	0	13	3
X^3	0	6	0
X^4	3	7	3
X^5	0	13	0

X^0	1	34	16
X^1	2	36	16
X^2	1	29	16
X^3	0	27	16
X^4	1	28	16
X^5	4	28	12

X^0	4	173	120
X^1	4	181	125
X^2	4	213	157
X^3	4	159	103
X^4	2	133	79
X^5	0	9	0

X^0	1	7	1
X^1	1	6	2
X^2	1	5	1
X^3	1	6	1
X^4	0	4	1
X^5	0	0	0

X^0	5	13	5
X^1	3	9	3
X^2	6	15	8
X^3	2	13	6
X^4	2	9	2
X^5	1	5	1

X^0	1	16	10
X^1	2	20	8
X^2	3	22	11
X^3	2	19	10
X^4	2	12	9
X^5	0	13	8

X^0	3	17	14
X^1	1	12	10
X^2	1	14	12
X^3	1	7	5
X^4	1	10	1
X^5	0	12	11

X^0	3	7	4
X^1	2	3	2
X^2	3	3	3
X^3	2	2	2
X^4	1	3	1
X^5	2	2	2

X^0	2	238	129
X^1	2	237	130
X^2	2	238	126
X^3	1	151	147
X^4	0	128	126
X^5	0	0	0

X^0	2	465	232
X^1	2	464	232
X^2	2	463	231
X^3	2	464	232
X^4	2	231	228
X^5	0	235	231

X^0	2	53	50
X^1	1	49	47
X^2	2	46	44
X^3	1	48	46
X^4	2	41	37
X^5	1	35	24

X^0	2	114	58
X^1	5	117	61
X^2	2	114	56
X^3	4	116	59
X^4	1	63	57
X^5	1	2	1

X^0	0	0	0
X^1	4	4	4
X^2	2	2	2
X^3	0	0	0
X^4	0	0	0
X^5	0	0	0

X^0	2	19	7
X^1	12	26	12
X^2	7	21	7
X^3	2	21	7
X^4	7	14	7
X^5	9	27	17

X^0	2	15	10
X^1	2	15	10
X^2	2	12	5
X^3	2	9	4
X^4	2	2	2
X^5	0	9	3

X^0	1	66	19
X^1	1	60	22
X^2	1	55	20
X^3	1	53	22
X^4	1	47	22
X^5	0	38	13

X^0	1	101	58
X^1	1	95	57
X^2	1	88	52
X^3	6	87	56
X^4	1	63	47
X^5	1	56	21

X^0	3	51	29
X^1	2	48	26
X^2	1	47	26
X^3	1	46	21
X^4	1	27	25
X^5	0	17	15

X^0	1	33	12
X^1	2	28	8
X^2	1	13	3
X^3	0	23	7
X^4	0	2	0
X^5	0	23	7

X^0	1	7	3
X^1	1	9	4
X^2	1	8	5
X^3	1	6	5
X^4	0	3	1
X^5	0	0	0

X^0	6	14	10
X^1	4	8	4
X^2	4	4	4
X^3	0	7	2
X^4	0	6	1
X^5	1	8	4

X^0	1	324	169
X^1	4	329	172
X^2	4	331	174
X^3	4	320	162
X^4	4	163	142
X^5	4	4	4

X^0	6	15	10
X^1	6	14	10
X^2	3	8	5
X^3	1	6	1
X^4	2	4	2
X^5	1	6	3

X^0	4	126	66
X^1	3	121	63
X^2	1	120	61
X^3	1	114	61
X^4	1	65	61
X^5	0	54	48

X^0	1	26	13
X^1	5	31	16
X^2	2	28	16
X^3	1	23	17
X^4	1	18	16
X^5	0	12	9

X^0	1	76	38
X^1	4	80	46
X^2	4	77	43
X^3	0	43	27
X^4	0	1	0
X^5	0	43	29

X^0	7	16	10
X^1	6	14	8
X^2	2	6	3
X^3	2	2	2
X^4	2	2	2
X^5	2	2	2

X^0	1	37	19
X^1	1	37	18
X^2	2	32	19
X^3	2	26	20
X^4	1	17	10
X^5	0	11	2

X^0	1	21	14
X^1	1	18	9
X^2	0	17	8
X^3	1	11	4
X^4	1	16	11
X^5	0	14	8

X^0	5	19	6
X^1	5	20	7
X^2	5	17	9
X^3	5	19	11
X^4	5	13	8
X^5	0	11	6

X^0	1	3	1
X^1	1	2	1
X^2	4	4	4
X^3	4	5	4
X^4	0	1	0
X^5	0	0	0

X^0	2	93	46
X^1	2	92	46
X^2	4	96	49
X^3	5	97	51
X^4	2	52	48
X^5	0	48	41

X^0	3	85	62
X^1	3	84	60
X^2	3	84	58
X^3	3	85	59
X^4	3	59	56
X^5	1	58	32

X^0	2	18	13
X^1	2	16	13
X^2	1	16	11
X^3	1	14	11
X^4	1	14	8
X^5	1	1	1

X^0	2	22	20
X^1	3	22	20
X^2	1	23	21
X^3	1	7	5
X^4	0	14	11
X^5	2	21	19

X^0	5	27	14
X^1	5	28	14
X^2	3	27	14
X^3	2	24	11
X^4	2	15	7
X^5	2	5	2

X^0	4	10	4
X^1	2	11	7
X^2	4	9	5
X^3	4	7	4
X^4	4	9	5
X^5	4	4	4

X^0	2	21	9
X^1	2	20	9
X^2	3	16	5
X^3	2	13	2
X^4	2	2	2
X^5	0	17	6

X^0	2	33	17
X^1	2	36	18
X^2	4	38	22
X^3	1	30	12
X^4	2	18	9
X^5	2	24	13

X^0	2	43	28
X^1	1	39	24
X^2	1	38	20
X^3	3	30	25
X^4	1	25	11
X^5	1	1	1

X^0	1	145	67
X^1	2	153	76
X^2	1	90	76
X^3	2	89	84
X^4	1	18	13
X^5	1	75	67

X^0	2	10	7
X^1	2	9	8
X^2	1	7	6
X^3	2	10	7
X^4	1	1	1
X^5	1	10	9

X^0	1	71	37
X^1	3	74	37
X^2	0	65	31
X^3	1	59	29
X^4	0	31	18
X^5	1	43	26

X^0	2	5	5
X^1	2	5	2
X^2	1	2	1
X^3	1	1	1
X^4	1	1	1
X^5	0	2	0

X^0	2	4	3
X^1	0	0	0
X^2	2	2	2
X^3	0	0	0
X^4	0	0	0
X^5	1	1	1

X^0	2	29	18
X^1	1	26	15
X^2	1	19	4
X^3	3	27	15
X^4	0	20	9
X^5	1	18	9

X^0	1	7	3
X^1	1	6	4
X^2	1	6	3
X^3	1	4	1
X^4	1	1	1
X^5	2	7	3

X^0	2	40	31
X^1	2	43	30
X^2	2	40	34
X^3	2	47	40
X^4	2	36	30
X^5	2	2	2

X^0	4	93	43
X^1	4	91	45
X^2	4	82	41
X^3	4	68	36
X^4	4	30	26
X^5	0	59	38

X^0	6	12	8
X^1	3	11	5
X^2	3	13	6
X^3	2	13	2
X^4	4	12	9
X^5	3	8	4

X^0	2	3	2
X^1	4	4	4
X^2	1	3	1
X^3	1	2	1
X^4	1	1	1
X^5	1	2	1

X^0	9	15	11
X^1	9	15	10
X^2	9	14	9
X^3	9	9	9
X^4	9	9	9
X^5	1	13	11

X^0	2	4	2
X^1	2	3	2
X^2	0	2	0
X^3	1	2	1
X^4	1	2	1
X^5	1	3	1

X^0	6	11	6
X^1	4	8	4
X^2	4	7	4
X^3	4	9	4
X^4	4	4	4
X^5	1	7	1

X^0	3	152	78
X^1	3	149	75
X^2	3	150	73
X^3	2	141	73
X^4	1	77	71
X^5	3	85	71

X^0	2	199	93
X^1	1	197	97
X^2	0	192	96
X^3	0	189	95
X^4	0	100	96
X^5	0	103	88

X^0	2	41	37
X^1	2	39	35
X^2	2	35	33
X^3	5	37	33
X^4	1	32	30
X^5	2	34	31

X^0	4	62	45
X^1	2	59	45
X^2	2	63	45
X^3	4	61	49
X^4	2	48	47
X^5	4	63	50

X^0	12	17	12
X^1	5	10	5
X^2	2	9	5
X^3	2	6	2
X^4	1	5	3
X^5	0	3	0

X^0	1	9	3
X^1	1	9	5
X^2	1	9	3
X^3	1	10	6
X^4	1	1	1
X^5	12	14	12

X^0	5	44	32
X^1	2	41	27
X^2	1	42	32
X^3	1	42	32
X^4	3	34	23
X^5	1	4	1

X^0	3	12	8
X^1	3	11	7
X^2	3	9	3
X^3	0	7	3
X^4	3	7	3
X^5	0	1	0

X^0	5	9	5
X^1	7	12	7
X^2	11	16	11
X^3	6	11	8
X^4	1	8	3
X^5	1	2	1

X^0	4	11	7
X^1	3	9	4
X^2	3	9	4
X^3	2	9	6
X^4	1	6	3
X^5	0	5	1

X^0	4	13	8
X^1	3	13	6
X^2	2	10	4
X^3	1	10	3
X^4	0	8	1
X^5	0	4	0

X^0	1	99	48
X^1	1	79	43
X^2	2	74	27
X^3	2	53	41
X^4	3	54	45
X^5	2	2	2

X^0	3	14	11
X^1	3	14	10
X^2	2	13	11
X^3	1	1	1
X^4	1	8	4
X^5	0	0	0

X^0	5	33	14
X^1	4	34	11
X^2	4	33	14
X^3	0	30	13
X^4	0	21	12
X^5	1	22	9

X^0	1	24	14
X^1	1	21	11
X^2	1	21	12
X^3	0	16	4
X^4	0	17	9
X^5	2	19	9

X^0	3	16	8
X^1	1	13	6
X^2	1	12	2
X^3	1	10	6
X^4	4	11	4
X^5	0	4	0

X^0	3	28	14
X^1	2	28	14
X^2	2	27	13
X^3	2	20	15
X^4	1	14	10
X^5	1	4	1

X^0	3	21	11
X^1	2	20	9
X^2	2	14	5
X^3	2	10	2
X^4	0	14	4
X^5	0	0	0

X^0	1	27	20
X^1	1	22	19
X^2	2	29	27
X^3	1	23	18
X^4	1	1	1
X^5	1	1	1

X^0	3	80	40
X^1	3	89	48
X^2	3	88	47
X^3	5	84	50
X^4	3	54	50
X^5	1	48	38

X^0	1	10	4
X^1	1	8	1
X^2	3	7	4
X^3	0	3	0
X^4	1	2	1
X^5	1	5	2

X^0	2	8	3
X^1	2	5	3
X^2	3	7	4
X^3	0	4	2
X^4	1	3	1
X^5	0	3	1

X^0	2	29	19
X^1	2	24	18
X^2	1	19	12
X^3	0	15	8
X^4	0	10	1
X^5	0	3	0

X^0	3	81	41
X^1	1	81	38
X^2	2	83	45
X^3	1	86	44
X^4	2	47	45
X^5	0	42	40

X^0	2	11	8
X^1	2	14	9
X^2	2	13	8
X^3	1	11	2
X^4	3	11	6
X^5	0	11	7

X^0	2	24	13
X^1	1	26	16
X^2	3	25	15
X^3	1	19	2
X^4	0	9	5
X^5	0	17	12

X^0	2	52	23
X^1	2	52	25
X^2	0	51	23
X^3	0	32	22
X^4	1	28	20
X^5	0	0	0

X^0	3	67	58
X^1	4	68	60
X^2	3	61	51
X^3	2	66	59
X^4	2	19	11
X^5	0	63	55

X^0	2	17	6
X^1	7	17	12
X^2	1	8	4
X^3	0	5	1
X^4	0	0	0
X^5	0	5	2

X^0	1	23	10
X^1	1	24	9
X^2	1	18	13
X^3	1	20	10
X^4	3	16	11
X^5	2	17	12

X^0	4	18	14
X^1	4	16	12
X^2	4	15	11
X^3	4	12	4
X^4	4	4	4
X^5	0	12	4

X^0	2	54	30
X^1	2	55	28
X^2	2	57	31
X^3	1	57	31
X^4	0	53	33
X^5	0	53	31

X^0	1	13	6
X^1	1	12	3
X^2	1	11	3
X^3	1	9	2
X^4	1	9	1
X^5	1	1	1

X^0	2	34	23
X^1	1	31	24
X^2	2	31	28
X^3	1	41	38
X^4	1	24	21
X^5	0	30	19

X^0	2	67	30
X^1	3	73	31
X^2	1	66	25
X^3	1	58	32
X^4	2	41	39
X^5	2	53	32

X^0	0	286	162
X^1	2	284	163
X^2	0	279	151
X^3	0	276	147
X^4	0	158	148
X^5	0	3	0

X^0	2	16	14
X^1	2	17	13
X^2	2	7	5
X^3	2	2	2
X^4	1	4	3
X^5	0	13	10

X^0	2	6	3
X^1	3	5	5
X^2	0	2	2
X^3	3	5	5
X^4	0	0	0
X^5	0	0	0

X^0	4	47	26
X^1	3	48	24
X^2	1	47	18
X^3	0	45	24
X^4	3	32	31
X^5	0	31	20

X^0	4	33	17
X^1	1	24	16
X^2	1	20	15
X^3	3	16	6
X^4	0	4	0
X^5	1	14	4

X^0	1	30	17
X^1	9	28	24
X^2	9	28	24
X^3	1	28	17
X^4	1	22	17
X^5	0	28	14

X^0	4	66	61
X^1	3	65	56
X^2	3	65	55
X^3	3	64	55
X^4	3	64	55
X^5	0	55	44

X^0	6	43	26
X^1	1	34	19
X^2	1	30	15
X^3	1	26	5
X^4	1	19	7
X^5	0	8	0

X^0	1	11	6
X^1	5	14	9
X^2	1	7	3
X^3	1	5	1
X^4	0	5	2
X^5	0	4	0

X^0	3	16	4
X^1	2	16	6
X^2	2	14	3
X^3	2	10	5
X^4	0	10	4
X^5	0	0	0

X^0	5	53	48
X^1	5	54	49
X^2	5	56	51
X^3	5	53	48
X^4	5	8	5
X^5	2	54	51

X^0	1	75	43
X^1	2	77	45
X^2	1	76	39
X^3	1	76	38
X^4	1	59	57
X^5	0	44	39

X^0	3	3	3
X^1	0	0	0
X^2	7	7	7
X^3	0	0	0
X^4	0	0	0
X^5	2	2	2

X^0	2	22	14
X^1	1	22	14
X^2	0	21	10
X^3	0	21	13
X^4	1	14	10
X^5	0	12	8

X^0	2	99	53
X^1	3	104	52
X^2	2	103	51
X^3	2	109	55
X^4	2	67	65
X^5	0	56	49

X^0	1	65	57
X^1	5	64	58
X^2	1	57	53
X^3	0	54	53
X^4	1	54	53
X^5	0	0	0

X^0	1	8	3
X^1	2	8	5
X^2	1	1	1
X^3	1	3	1
X^4	1	1	1
X^5	3	8	5

X^0	1	36	19
X^1	2	38	20
X^2	4	34	15
X^3	1	15	2
X^4	0	24	12
X^5	2	26	12

X^0	1	167	85
X^1	0	168	85
X^2	2	170	87
X^3	0	170	83
X^4	2	97	90
X^5	3	95	80

X^0	1	3	1
X^1	1	2	1
X^2	4	8	6
X^3	0	6	5
X^4	0	2	0
X^5	0	2	0

X^0	2	55	35
X^1	2	63	36
X^2	2	55	35
X^3	1	39	32
X^4	1	43	32
X^5	0	39	14

X^0	2	23	8
X^1	5	24	11
X^2	4	23	10
X^3	4	23	11
X^4	5	17	10
X^5	1	15	7

X^0	5	21	7
X^1	6	17	6
X^2	7	20	10
X^3	6	11	6
X^4	1	11	6
X^5	5	18	11

X^0	2	31	13
X^1	2	24	12
X^2	3	18	5
X^3	1	7	1
X^4	1	1	1
X^5	0	7	0

X^0	5	10	5
X^1	5	13	8
X^2	5	5	5
X^3	5	5	5
X^4	2	9	3
X^5	0	0	0

X^0	7	14	11
X^1	1	10	8
X^2	1	7	5
X^3	0	2	0
X^4	2	2	2
X^5	1	11	6

X^0	3	22	18
X^1	2	19	15
X^2	2	14	10
X^3	2	13	8
X^4	0	10	8
X^5	1	8	6

X^0	1	38	19
X^1	2	39	21
X^2	2	35	21
X^3	0	23	15
X^4	2	19	12
X^5	0	21	15

X^0	2	3	2
X^1	2	4	2
X^2	2	3	2
X^3	0	3	0
X^4	0	0	0
X^5	0	3	1

X^0	2	13	6
X^1	2	10	2
X^2	2	9	5
X^3	2	2	2
X^4	2	13	9
X^5	2	2	2

X^0	5	60	26
X^1	3	60	25
X^2	5	57	27
X^3	3	50	26
X^4	1	25	17
X^5	1	37	25

X^0	2	318	164
X^1	2	317	163
X^2	2	318	164
X^3	2	313	159
X^4	1	161	159
X^5	1	159	156

X^0	3	10	3
X^1	1	9	3
X^2	1	7	3
X^3	2	8	4
X^4	1	5	2
X^5	0	4	1

X^0	5	25	18
X^1	3	20	12
X^2	3	27	16
X^3	3	19	11
X^4	3	7	3
X^5	2	17	9

X^0	4	11	7
X^1	3	12	5
X^2	2	9	5
X^3	1	3	2
X^4	0	7	7
X^5	0	11	9

X^0	4	38	25
X^1	2	38	18
X^2	2	39	23
X^3	2	41	25
X^4	6	36	30
X^5	0	30	18

X^0	3	18	12
X^1	4	21	5
X^2	3	20	8
X^3	3	21	11
X^4	3	16	13
X^5	1	14	7

X^0	1	28	18
X^1	2	29	19
X^2	1	19	15
X^3	1	15	7
X^4	0	11	4
X^5	0	3	0

X^0	6	460	232
X^1	3	458	230
X^2	3	454	225
X^3	3	455	227
X^4	3	229	226
X^5	0	233	225

X^0	1	3	1
X^1	2	4	2
X^2	2	5	3
X^3	1	2	1
X^4	1	2	1
X^5	1	2	1

X^0	2	18	4
X^1	3	17	6
X^2	3	16	8
X^3	2	15	8
X^4	2	10	5
X^5	0	8	0

X^0	2	123	69
X^1	2	123	69
X^2	2	125	71
X^3	2	124	69
X^4	1	71	56
X^5	1	2	1

X^0	2	45	44
X^1	2	46	44
X^2	3	46	42
X^3	2	46	22
X^4	1	1	1
X^5	4	42	17

X^0	3	31	16
X^1	2	24	8
X^2	5	23	11
X^3	1	17	3
X^4	1	7	1
X^5	0	17	3

X^0	2	23	10
X^1	2	21	10
X^2	2	19	12
X^3	2	12	7
X^4	4	10	7
X^5	2	6	2

X^0	3	429	351
X^1	1	432	346
X^2	3	428	350
X^3	5	361	360
X^4	5	299	298
X^5	0	324	265

X^0	5	40	22
X^1	3	20	13
X^2	3	7	3
X^3	3	19	11
X^4	3	3	3
X^5	1	26	20

X^0	0	12	6
X^1	0	12	5
X^2	1	14	8
X^3	2	17	11
X^4	1	13	7
X^5	0	8	2

X^0	1	35	19
X^1	1	36	17
X^2	1	38	21
X^3	1	29	23
X^4	1	19	13
X^5	0	24	13

X^0	4	11	7
X^1	2	7	2
X^2	2	4	2
X^3	2	2	2
X^4	0	3	1
X^5	0	0	0

X^0	2	11	4
X^1	2	9	3
X^2	7	15	8
X^3	3	10	4
X^4	0	8	1
X^5	0	2	0

X^0	1	57	23
X^1	2	56	28
X^2	0	30	26
X^3	0	28	20
X^4	0	2	0
X^5	0	28	22

X^0	4	15	7
X^1	1	17	6
X^2	1	9	3
X^3	1	8	2
X^4	6	18	12
X^5	1	4	1

X^0	4	159	80
X^1	4	156	77
X^2	4	149	73
X^3	1	147	71
X^4	4	76	66
X^5	0	79	71

X^0	2	391	274
X^1	2	391	275
X^2	2	400	284
X^3	2	384	199
X^4	2	183	177
X^5	1	251	202

X^0	4	16	8
X^1	4	14	5
X^2	4	13	6
X^3	2	16	2
X^4	2	13	8
X^5	0	12	3

X^0	3	12	9
X^1	0	7	3
X^2	3	6	3
X^3	2	4	2
X^4	1	1	1
X^5	0	4	0

X^0	4	27	22
X^1	4	27	22
X^2	4	27	22
X^3	4	27	22
X^4	2	34	28
X^5	0	53	47

X^0	7	17	13
X^1	4	15	10
X^2	3	14	11
X^3	10	20	17
X^4	2	12	9
X^5	2	15	13

X^0	2	10	6
X^1	2	9	6
X^2	1	10	8
X^3	2	8	7
X^4	2	8	7
X^5	0	0	0

X^0	3	13	8
X^1	2	14	3
X^2	4	14	9
X^3	2	8	3
X^4	2	6	2
X^5	0	7	1

X^0	1	33	19
X^1	1	30	18
X^2	1	30	21
X^3	1	25	18
X^4	1	17	16
X^5	1	12	6

X^0	2	22	11
X^1	2	16	10
X^2	2	13	12
X^3	2	10	3
X^4	2	12	9
X^5	1	17	9

X^0	5	99	75
X^1	2	101	73
X^2	5	88	62
X^3	5	87	58
X^4	1	77	49
X^5	1	6	1

X^0	4	13	7
X^1	4	12	4
X^2	4	13	4
X^3	4	10	7
X^4	2	9	5
X^5	4	10	4

X^0	2	15	9
X^1	1	12	5
X^2	2	13	7
X^3	1	10	5
X^4	1	7	5
X^5	1	6	1

X^0	3	23	9
X^1	1	21	8
X^2	3	22	12
X^3	0	17	8
X^4	3	17	10
X^5	0	11	3

X^0	5	18	7
X^1	1	15	4
X^2	1	13	2
X^3	0	16	5
X^4	0	16	4
X^5	0	0	0

X^0	4	29	13
X^1	2	28	11
X^2	2	16	12
X^3	2	5	2
X^4	1	1	1
X^5	2	5	3

X^0	3	141	67
X^1	3	136	67
X^2	3	133	66
X^3	2	132	60
X^4	3	77	68
X^5	4	78	73

X^0	1	21	10
X^1	2	25	13
X^2	1	18	13
X^3	2	21	10
X^4	1	18	11
X^5	0	12	7

X^0	4	52	33
X^1	4	54	36
X^2	4	44	26
X^3	4	33	22
X^4	2	23	22
X^5	4	33	16

X^0	4	23	7
X^1	3	18	7
X^2	3	18	7
X^3	3	18	9
X^4	2	17	10
X^5	0	13	3

X^0	2	14	7
X^1	3	16	9
X^2	0	14	7
X^3	1	12	8
X^4	2	11	8
X^5	3	13	3

X^0	1	19	10
X^1	1	19	8
X^2	1	14	7
X^3	4	17	5
X^4	1	13	5
X^5	2	15	5

X^0	1	12	2
X^1	0	7	0
X^2	0	3	1
X^3	1	8	2
X^4	0	1	0
X^5	1	8	4

X^0	2	17	7
X^1	1	16	4
X^2	1	16	8
X^3	1	13	5
X^4	1	15	7
X^5	0	13	5

X^0	3	203	93
X^1	3	208	99
X^2	3	207	103
X^3	3	202	99
X^4	1	111	104
X^5	0	116	95

X^0	6	20	8
X^1	6	16	10
X^2	1	11	4
X^3	1	9	1
X^4	1	6	1
X^5	3	12	3

X^0	4	38	26
X^1	2	38	23
X^2	2	39	21
X^3	2	37	24
X^4	1	26	22
X^5	3	28	14

X^0	2	43	36
X^1	1	41	35
X^2	2	40	37
X^3	1	36	34
X^4	6	38	35
X^5	0	37	31

X^0	2	4	2
X^1	3	5	3
X^2	9	11	9
X^3	2	2	2
X^4	2	2	2
X^5	1	3	1

X^0	4	7	4
X^1	4	4	4
X^2	4	4	4
X^3	1	2	1
X^4	1	2	1
X^5	0	0	0

X^0	5	308	163
X^1	5	307	162
X^2	5	288	160
X^3	5	285	142
X^4	3	148	143
X^5	0	148	141

X^0	2	73	36
X^1	2	72	36
X^2	3	73	37
X^3	2	63	33
X^4	1	38	29
X^5	0	6	0

X^0	1	140	72
X^1	1	140	68
X^2	1	119	68
X^3	1	68	44
X^4	1	74	51
X^5	1	1	1

X^0	3	22	13
X^1	2	23	12
X^2	2	24	12
X^3	0	19	8
X^4	0	14	8
X^5	0	12	5

X^0	5	25	17
X^1	3	23	11
X^2	1	18	9
X^3	1	5	1
X^4	1	6	3
X^5	0	13	9

X^0	4	94	89
X^1	4	95	89
X^2	4	94	89
X^3	2	117	87
X^4	1	92	90
X^5	2	92	89

X^0	7	31	14
X^1	5	27	9
X^2	1	23	4
X^3	1	18	7
X^4	1	17	4
X^5	0	9	0

X^0	2	26	23
X^1	4	29	26
X^2	4	26	22
X^3	1	19	17
X^4	2	23	21
X^5	1	1	1

X^0	3	6	3
X^1	3	5	3
X^2	4	4	4
X^3	1	1	1
X^4	0	1	0
X^5	3	3	3

X^0	1	315	160
X^1	1	314	159
X^2	1	307	152
X^3	2	312	160
X^4	1	154	148
X^5	5	166	158

X^0	3	694	650
X^1	2	691	647
X^2	2	685	647
X^3	2	649	644
X^4	1	646	641
X^5	2	463	457

X^0	1	11	4
X^1	1	6	1
X^2	3	4	3
X^3	3	6	3
X^4	1	2	1
X^5	1	1	1

X^0	3	24	12
X^1	3	16	3
X^2	1	12	1
X^3	4	12	4
X^4	1	1	1
X^5	1	21	7

X^0	2	20	10
X^1	1	20	10
X^2	3	20	13
X^3	2	16	12
X^4	5	14	12
X^5	1	12	6

X^0	2	51	25
X^1	3	54	27
X^2	3	47	25
X^3	8	41	21
X^4	1	23	4
X^5	4	35	15

X^0	6	14	9
X^1	1	9	5
X^2	0	9	3
X^3	2	8	5
X^4	1	9	5
X^5	1	4	1

X^0	1	21	13
X^1	1	25	12
X^2	2	27	17
X^3	2	22	11
X^4	1	10	7
X^5	0	1	0

X^0	2	13	9
X^1	4	12	9
X^2	2	7	2
X^3	0	3	0
X^4	0	6	0
X^5	0	3	0

X^0	4	49	21
X^1	1	46	22
X^2	3	45	20
X^3	1	35	12
X^4	1	20	5
X^5	0	4	0

X^0	1	8	1
X^1	2	7	2
X^2	3	5	3
X^3	2	10	6
X^4	3	10	7
X^5	0	7	3

X^0	2	60	30
X^1	5	66	34
X^2	3	63	28
X^3	2	57	25
X^4	2	31	27
X^5	2	33	27

X^0	2	49	28
X^1	2	49	25
X^2	2	42	28
X^3	1	23	20
X^4	1	10	8
X^5	0	23	9

X^0	7	15	8
X^1	6	17	11
X^2	1	11	5
X^3	2	14	8
X^4	1	8	2
X^5	0	4	0

X^0	5	447	297
X^1	5	444	297
X^2	5	442	290
X^3	6	443	298
X^4	6	305	291
X^5	0	300	147

X^0	3	16	9
X^1	5	17	12
X^2	1	9	5
X^3	1	7	1
X^4	0	7	3
X^5	1	7	2

X^0	2	49	20
X^1	1	50	23
X^2	0	42	24
X^3	0	36	23
X^4	0	28	22
X^5	2	41	22

X^0	2	9	2
X^1	1	8	1
X^2	1	7	2
X^3	1	6	3
X^4	1	3	1
X^5	0	0	0

X^0	1	17	10
X^1	3	20	9
X^2	0	17	9
X^3	0	15	7
X^4	0	12	10
X^5	0	12	6

X^0	0	67	34
X^1	2	71	37
X^2	0	69	33
X^3	0	67	32
X^4	1	42	37
X^5	0	35	31

X^0	2	140	88
X^1	1	143	94
X^2	1	141	89
X^3	1	95	45
X^4	2	96	47
X^5	0	97	47

X^0	2	70	34
X^1	2	71	35
X^2	2	68	33
X^3	2	51	32
X^4	2	35	32
X^5	0	29	16

X^0	9	142	74
X^1	2	128	62
X^2	2	66	64
X^3	3	107	64
X^4	2	43	41
X^5	1	72	62

X^0	3	30	22
X^1	3	28	25
X^2	2	23	21
X^3	2	26	24
X^4	2	2	2
X^5	2	28	26

X^0	4	137	85
X^1	2	135	83
X^2	6	134	88
X^3	2	124	81
X^4	0	87	75
X^5	0	84	36

X^0	1	608	526
X^1	2	611	529
X^2	2	538	536
X^3	1	529	527
X^4	2	456	453
X^5	0	491	488

X^0	5	640	326
X^1	5	648	326
X^2	5	645	326
X^3	4	656	325
X^4	3	331	326
X^5	4	339	326

X^0	1	19	6
X^1	1	17	8
X^2	6	20	13
X^3	1	13	4
X^4	1	13	4
X^5	2	15	7

X^0	1	39	20
X^1	1	26	18
X^2	1	18	6
X^3	1	15	6
X^4	0	13	7
X^5	0	15	7

X^0	1	21	11
X^1	2	18	11
X^2	1	18	11
X^3	2	10	7
X^4	1	1	1
X^5	0	0	0

X^0	1	107	90
X^1	1	107	90
X^2	1	91	90
X^3	1	91	90
X^4	1	91	90
X^5	0	91	86

X^0	2	25	13
X^1	2	25	13
X^2	1	22	1
X^3	0	22	9
X^4	1	19	12
X^5	0	12	3

X^0	5	16	5
X^1	3	11	3
X^2	3	8	3
X^3	3	9	3
X^4	3	9	3
X^5	2	12	4

X^0	2	31	16
X^1	2	28	12
X^2	2	31	14
X^3	0	28	12
X^4	0	16	12
X^5	0	17	11

X^0	2	35	31
X^1	2	35	32
X^2	2	35	34
X^3	1	33	32
X^4	1	33	32
X^5	0	27	23

X^0	2	36	18
X^1	2	36	17
X^2	2	37	19
X^3	3	37	24
X^4	6	26	24
X^5	3	17	11

X^0	2	16	8
X^1	2	12	8
X^2	2	12	9
X^3	2	7	4
X^4	2	2	2
X^5	1	13	12

X^0	1	17	9
X^1	1	20	8
X^2	1	17	9
X^3	3	19	11
X^4	2	13	11
X^5	1	1	1

X^0	1	5	2
X^1	1	6	1
X^2	2	8	5
X^3	0	6	1
X^4	0	4	1
X^5	0	5	2

X^0	2	16	12
X^1	2	23	19
X^2	2	20	18
X^3	2	5	3
X^4	2	3	2
X^5	0	5	3

X^0	1	123	85
X^1	8	130	93
X^2	1	115	76
X^3	1	107	71
X^4	1	74	71
X^5	1	71	33

X^0	2	2	2
X^1	2	2	2
X^2	4	5	4
X^3	2	3	2
X^4	2	2	2
X^5	2	2	2

X^0	4	233	111
X^1	4	232	117
X^2	4	236	118
X^3	4	237	120
X^4	4	126	122
X^5	0	122	110

X^0	1	15	8
X^1	4	17	11
X^2	1	14	7
X^3	1	12	5
X^4	0	10	6
X^5	1	8	3

X^0	2	15	7
X^1	1	12	8
X^2	1	8	2
X^3	0	6	0
X^4	2	2	2
X^5	1	14	6

X^0	0	4	1
X^1	3	8	6
X^2	2	10	9
X^3	1	11	10
X^4	0	10	9
X^5	9	19	15

X^0	1	53	27
X^1	1	47	27
X^2	1	42	21
X^3	1	30	14
X^4	1	20	10
X^5	0	25	17

X^0	1	39	35
X^1	1	39	35
X^2	1	39	35
X^3	2	40	32
X^4	1	40	15
X^5	0	17	0

X^0	4	59	53
X^1	0	59	55
X^2	1	58	52
X^3	0	52	43
X^4	0	45	39
X^5	3	55	51

X^0	3	17	7
X^1	2	16	8
X^2	2	16	10
X^3	2	12	6
X^4	2	10	4
X^5	1	8	1

X^0	2	43	29
X^1	2	36	25
X^2	2	28	19
X^3	2	33	22
X^4	2	20	10
X^5	0	33	22

X^0	1	4	1
X^1	1	4	2
X^2	1	6	1
X^3	1	4	2
X^4	1	4	3
X^5	2	2	2

X^0	0	0	0
X^1	3	3	3
X^2	0	0	0
X^3	0	0	0
X^4	6	6	6
X^5	1	1	1

X^0	1	15	6
X^1	1	18	10
X^2	2	17	9
X^3	1	14	6
X^4	0	7	2
X^5	0	11	5

X^0	3	24	21
X^1	1	15	10
X^2	2	22	15
X^3	1	17	14
X^4	1	2	1
X^5	0	17	14

X^0	1	12	7
X^1	2	15	2
X^2	1	13	7
X^3	1	12	7
X^4	0	8	6
X^5	1	5	3

X^0	2	35	18
X^1	4	36	19
X^2	2	35	16
X^3	1	35	14
X^4	1	20	16
X^5	1	21	15

X^0	5	249	124
X^1	5	248	123
X^2	5	249	121
X^3	5	248	123
X^4	5	126	121
X^5	0	126	120

X^0	2	310	148
X^1	3	310	151
X^2	2	268	156
X^3	1	218	117
X^4	1	150	83
X^5	1	23	1

X^0	8	360	193
X^1	1	351	180
X^2	0	346	174
X^3	0	346	173
X^4	4	188	186
X^5	0	184	171

X^0	1	50	23
X^1	2	45	25
X^2	1	42	22
X^3	1	30	18
X^4	3	35	20
X^5	0	2	0

X^0	3	11	9
X^1	3	10	7
X^2	3	17	7
X^3	3	22	13
X^4	3	9	6
X^5	0	14	12

X^0	6	41	38
X^1	2	36	33
X^2	2	28	24
X^3	2	35	22
X^4	2	26	23
X^5	1	35	23

X^0	0	66	31
X^1	0	68	32
X^2	1	69	31
X^3	0	66	30
X^4	0	35	30
X^5	4	40	34

X^0	5	8	5
X^1	4	6	4
X^2	5	8	5
X^3	1	6	1
X^4	6	10	6
X^5	0	4	0

X^0	3	11	7
X^1	3	9	6
X^2	3	6	3
X^3	3	6	3
X^4	1	3	1
X^5	0	1	0

X^0	5	96	48
X^1	5	96	47
X^2	3	95	46
X^3	3	93	46
X^4	3	49	46
X^5	1	52	44

X^0	2	33	22
X^1	2	32	24
X^2	2	30	24
X^3	2	32	22
X^4	2	27	22
X^5	0	28	25

X^0	5	25	16
X^1	3	19	11
X^2	3	17	9
X^3	4	18	12
X^4	2	18	12
X^5	1	20	10

X^0	3	7	3
X^1	3	6	3
X^2	3	4	3
X^3	3	5	3
X^4	3	3	3
X^5	0	3	0

X^0	2	21	9
X^1	4	22	9
X^2	2	18	6
X^3	2	14	6
X^4	1	13	9
X^5	0	2	0

X^0	3	14	6
X^1	3	18	3
X^2	3	17	9
X^3	5	17	9
X^4	3	13	4
X^5	2	11	2

X^0	1	9	5
X^1	1	12	7
X^2	6	14	9
X^3	2	11	7
X^4	1	10	6
X^5	0	0	0

X^0	3	14	7
X^1	1	14	9
X^2	0	13	8
X^3	0	10	0
X^4	3	12	7
X^5	0	4	0

X^0	8	37	22
X^1	2	28	16
X^2	1	20	14
X^3	10	27	14
X^4	0	5	0
X^5	2	20	8

X^0	2	13	5
X^1	2	16	6
X^2	2	9	2
X^3	2	6	2
X^4	2	6	2
X^5	0	6	1

X^0	3	15	6
X^1	1	13	6
X^2	0	12	6
X^3	1	12	7
X^4	0	12	7
X^5	0	10	5

X^0	2	24	15
X^1	1	24	15
X^2	7	30	19
X^3	3	24	14
X^4	4	27	19
X^5	1	20	13

X^0	2	6	2
X^1	2	3	2
X^2	2	3	2
X^3	6	10	7
X^4	1	4	1
X^5	2	5	3

X^0	2	29	16
X^1	2	31	16
X^2	5	35	18
X^3	2	33	16
X^4	2	16	11
X^5	2	2	2

X^0	2	22	11
X^1	2	21	12
X^2	3	22	14
X^3	0	17	9
X^4	1	17	11
X^5	0	14	4

X^0	1	8	4
X^1	1	12	6
X^2	1	10	6
X^3	1	9	6
X^4	1	5	3
X^5	1	4	1

X^0	4	4	4
X^1	1	1	1
X^2	1	1	1
X^3	0	3	1
X^4	2	3	2
X^5	0	4	1

X^0	2	5	2
X^1	1	7	4
X^2	1	6	3
X^3	0	8	2
X^4	0	5	4
X^5	3	9	5

X^0	4	131	59
X^1	4	126	61
X^2	4	106	63
X^3	2	104	40
X^4	0	69	62
X^5	3	71	55

X^0	4	35	26
X^1	2	30	22
X^2	2	26	18
X^3	6	28	19
X^4	0	6	0
X^5	0	0	0

X^0	1	20	10
X^1	1	24	12
X^2	1	27	12
X^3	1	24	20
X^4	1	15	13
X^5	0	11	10

X^0	1	15	7
X^1	2	15	6
X^2	3	15	8
X^3	2	14	3
X^4	2	14	8
X^5	1	11	2

X^0	2	27	15
X^1	7	33	23
X^2	1	26	17
X^3	1	24	16
X^4	1	22	17
X^5	2	21	12

X^0	3	185	121
X^1	3	194	122
X^2	3	188	120
X^3	3	183	117
X^4	2	128	116
X^5	1	120	52

X^0	3	17	4
X^1	3	16	4
X^2	3	13	3
X^3	3	13	5
X^4	3	12	9
X^5	0	9	5

X^0	0	67	32
X^1	0	65	32
X^2	0	65	33
X^3	0	65	38
X^4	1	45	42
X^5	0	34	22

X^0	2	7	4
X^1	3	7	4
X^2	1	6	1
X^3	1	6	4
X^4	1	4	1
X^5	1	2	1

X^0	1	26	14
X^1	2	25	13
X^2	1	21	10
X^3	1	21	8
X^4	4	23	11
X^5	0	17	5

X^0	2	5	2
X^1	2	7	3
X^2	2	3	2
X^3	2	4	2
X^4	0	2	0
X^5	0	3	1

X^0	3	109	59
X^1	3	113	62
X^2	1	113	63
X^3	4	106	64
X^4	4	66	64
X^5	0	47	40

X^0	3	38	21
X^1	3	37	19
X^2	3	30	19
X^3	7	37	20
X^4	2	22	20
X^5	0	18	16

X^0	2	11	10
X^1	2	9	4
X^2	1	8	5
X^3	1	7	6
X^4	1	1	1
X^5	0	2	1

X^0	1	40	18
X^1	1	37	15
X^2	2	38	18
X^3	1	35	15
X^4	2	23	16
X^5	0	23	10

X^0	2	17	12
X^1	3	29	23
X^2	0	18	14
X^3	5	12	7
X^4	5	10	7
X^5	0	6	0

X^0	2	117	102
X^1	2	121	109
X^2	1	118	106
X^3	0	114	107
X^4	1	118	111
X^5	0	0	0

X^0	1	1	1
X^1	1	1	1
X^2	1	1	1
X^3	1	5	4
X^4	0	0	0
X^5	3	10	8

X^0	3	37	16
X^1	3	41	14
X^2	4	35	16
X^3	5	38	19
X^4	4	23	4
X^5	6	40	21

X^0	3	28	15
X^1	1	25	9
X^2	1	24	10
X^3	2	26	11
X^4	1	16	10
X^5	0	17	5

X^0	2	31	11
X^1	0	31	14
X^2	0	29	13
X^3	1	25	12
X^4	0	22	15
X^5	2	28	14

X^0	0	3	0
X^1	0	1	0
X^2	1	4	1
X^3	0	1	0
X^4	0	2	0
X^5	0	0	0

X^0	2	19	8
X^1	3	21	14
X^2	1	18	13
X^3	3	13	11
X^4	1	5	4
X^5	2	11	6

X^0	2	12	8
X^1	6	15	11
X^2	1	10	6
X^3	1	11	7
X^4	1	1	1
X^5	0	11	6

X^0	2	16	8
X^1	2	15	2
X^2	4	15	4
X^3	1	16	5
X^4	0	9	4
X^5	2	13	6

X^0	4	97	44
X^1	4	102	48
X^2	1	105	52
X^3	3	103	57
X^4	0	60	49
X^5	0	53	41

X^0	5	53	39
X^1	5	49	35
X^2	5	13	5
X^3	0	1	0
X^4	0	0	0
X^5	0	1	0

X^0	3	29	20
X^1	3	30	21
X^2	3	15	6
X^3	3	9	3
X^4	3	12	3
X^5	2	6	2

X^0	2	155	113
X^1	2	155	111
X^2	0	152	86
X^3	0	124	68
X^4	0	95	69
X^5	0	113	57

X^0	2	161	80
X^1	6	158	80
X^2	2	146	73
X^3	2	146	67
X^4	4	86	80
X^5	1	80	72

X^0	2	5	2
X^1	6	8	6
X^2	1	3	1
X^3	0	2	0
X^4	0	1	0
X^5	1	3	1

X^0	3	10	7
X^1	1	5	1
X^2	1	5	2
X^3	1	1	1
X^4	1	1	1
X^5	0	6	3

X^0	5	28	18
X^1	5	20	14
X^2	3	15	13
X^3	1	8	2
X^4	0	7	6
X^5	1	5	4

X^0	3	21	8
X^1	4	18	9
X^2	3	18	6
X^3	5	19	9
X^4	0	12	0
X^5	0	10	1

X^0	2	5	3
X^1	2	5	3
X^2	3	5	3
X^3	2	5	2
X^4	2	2	2
X^5	1	5	1

X^0	2	19	13
X^1	2	14	10
X^2	3	15	9
X^3	0	12	6
X^4	1	4	1
X^5	0	15	14

X^0	1	81	50
X^1	1	81	49
X^2	1	52	47
X^3	1	26	24
X^4	1	25	23
X^5	2	56	49

X^0	1	11	5
X^1	0	13	6
X^2	0	12	5
X^3	1	11	4
X^4	0	5	3
X^5	2	6	3

X^0	1	57	32
X^1	2	57	29
X^2	2	56	24
X^3	2	57	26
X^4	2	28	26
X^5	1	31	27

X^0	3	1248	669
X^1	3	1246	665
X^2	3	1147	566
X^3	1	1055	573
X^4	3	584	580
X^5	2	678	576

X^0	2	14	5
X^1	1	15	6
X^2	3	18	9
X^3	4	18	9
X^4	0	9	5
X^5	2	13	6

X^0	9	49	27
X^1	5	43	21
X^2	3	38	18
X^3	1	30	15
X^4	1	21	7
X^5	2	23	8

X^0	1	70	59
X^1	1	67	58
X^2	1	64	57
X^3	1	60	53
X^4	1	60	56
X^5	0	60	57

X^0	4	95	44
X^1	5	96	45
X^2	0	91	45
X^3	6	91	50
X^4	7	52	51
X^5	0	44	39

X^0	2	110	59
X^1	2	115	63
X^2	0	114	62
X^3	2	111	59
X^4	0	59	54
X^5	2	60	56

X^0	3	17	9
X^1	2	15	7
X^2	2	11	4
X^3	3	18	10
X^4	1	9	6
X^5	0	11	6

X^0	4	57	34
X^1	2	54	32
X^2	2	45	23
X^3	3	55	34
X^4	2	23	19
X^5	0	34	32

X^0	1	397	242
X^1	1	397	240
X^2	1	400	238
X^3	3	292	291
X^4	1	284	282
X^5	2	244	235

X^0	1	26	12
X^1	2	28	15
X^2	0	23	11
X^3	1	19	14
X^4	0	15	3
X^5	0	16	6

X^0	2	47	20
X^1	5	46	17
X^2	3	48	18
X^3	3	44	17
X^4	3	38	18
X^5	2	39	13

X^0	2	4	2
X^1	2	2	2
X^2	3	4	3
X^3	2	2	2
X^4	2	2	2
X^5	2	5	2

X^0	2	535	270
X^1	1	534	268
X^2	1	534	265
X^3	1	533	263
X^4	0	271	268
X^5	0	270	266

X^0	2	28	19
X^1	9	55	40
X^2	2	56	42
X^3	1	47	42
X^4	0	21	16
X^5	0	46	45

X^0	6	13	6
X^1	4	11	4
X^2	1	7	1
X^3	0	5	0
X^4	1	11	4
X^5	0	0	0

X^0	3	11	7
X^1	5	7	5
X^2	3	3	3
X^3	3	3	3
X^4	3	3	3
X^5	0	3	0

X^0	2	164	84
X^1	4	165	86
X^2	3	162	83
X^3	1	156	83
X^4	0	81	77
X^5	0	75	70

X^0	3	1139	569
X^1	1	1139	566
X^2	1	1132	564
X^3	1	1127	563
X^4	0	567	560
X^5	0	572	561

X^0	2	29	16
X^1	5	33	19
X^2	0	30	13
X^3	1	32	15
X^4	0	17	14
X^5	0	16	11

X^0	1	33	16
X^1	6	39	26
X^2	1	35	22
X^3	1	31	16
X^4	1	13	12
X^5	2	19	14

X^0	2	12	8
X^1	1	12	6
X^2	1	8	5
X^3	1	9	5
X^4	1	9	5
X^5	1	1	1

X^0	6	409	205
X^1	6	416	212
X^2	6	392	206
X^3	6	304	185
X^4	6	119	118
X^5	0	194	180

X^0	3	6	3
X^1	3	7	3
X^2	3	5	3
X^3	3	3	3
X^4	3	3	3
X^5	1	4	1

X^0	3	77	26
X^1	3	74	22
X^2	3	55	15
X^3	6	76	25
X^4	2	53	16
X^5	0	56	17

X^0	1	1	1
X^1	1	1	1
X^2	1	1	1
X^3	0	0	0
X^4	0	0	0
X^5	0	0	0

X^0	2	77	40
X^1	1	71	38
X^2	1	68	34
X^3	1	65	33
X^4	0	37	34
X^5	0	7	1

X^0	15	259	257
X^1	15	260	254
X^2	8	261	258
X^3	13	256	253
X^4	1	247	245
X^5	2	254	251

X^0	3	56	29
X^1	3	56	30
X^2	3	54	32
X^3	4	61	44
X^4	3	31	28
X^5	4	43	28

X^0	2	26	20
X^1	7	29	24
X^2	2	24	19
X^3	2	28	19
X^4	1	24	11
X^5	3	27	23

X^0	2	8	2
X^1	2	8	2
X^2	2	7	3
X^3	2	6	3
X^4	1	6	1
X^5	0	4	0

X^0	2	11	4
X^1	2	11	4
X^2	2	8	3
X^3	2	6	2
X^4	2	6	2
X^5	2	2	2

X^0	1	35	28
X^1	1	36	27
X^2	1	34	27
X^3	0	34	29
X^4	0	50	48
X^5	3	39	30

X^0	6	9	6
X^1	5	8	5
X^2	2	6	2
X^3	1	6	2
X^4	1	7	2
X^5	2	4	2

X^0	2	3	2
X^1	2	4	2
X^2	3	5	3
X^3	2	3	2
X^4	0	1	0
X^5	4	5	4

X^0	2	31	23
X^1	5	37	22
X^2	2	40	31
X^3	1	38	29
X^4	1	24	21
X^5	0	16	14

X^0	1	18	9
X^1	4	20	13
X^2	1	15	8
X^3	2	15	12
X^4	0	13	11
X^5	3	14	6

X^0	1	18	10
X^1	1	18	4
X^2	2	20	12
X^3	0	18	8
X^4	1	19	11
X^5	1	14	6

X^0	2	17	14
X^1	2	17	15
X^2	2	17	15
X^3	2	14	12
X^4	2	13	11
X^5	2	18	16

X^0	2	41	26
X^1	3	42	26
X^2	1	40	24
X^3	2	41	28
X^4	2	30	27
X^5	1	25	11

X^0	3	119	61
X^1	3	117	61
X^2	2	116	61
X^3	2	118	61
X^4	2	85	81
X^5	0	68	53

X^0	1	25	8
X^1	0	22	8
X^2	0	23	8
X^3	4	25	14
X^4	0	18	4
X^5	0	0	0

X^0	6	20	19
X^1	4	20	12
X^2	2	13	11
X^3	1	12	11
X^4	2	2	2
X^5	0	10	9

X^0	3	20	9
X^1	3	22	10
X^2	2	20	9
X^3	0	17	7
X^4	0	17	14
X^5	2	12	8

X^0	4	26	11
X^1	3	27	11
X^2	1	22	7
X^3	3	22	6
X^4	0	19	9
X^5	2	18	6

X^0	7	98	47
X^1	7	95	45
X^2	7	92	43
X^3	7	89	39
X^4	7	54	43
X^5	7	8	7

X^0	2	15	8
X^1	1	14	9
X^2	3	15	9
X^3	2	15	4
X^4	5	12	6
X^5	0	14	5

X^0	2	1095	729
X^1	2	1102	726
X^2	1	1103	725
X^3	1	1088	724
X^4	0	734	730
X^5	0	370	369

X^0	3	21	10
X^1	2	20	10
X^2	2	22	11
X^3	2	22	10
X^4	2	13	7
X^5	4	17	9

X^0	1	62	41
X^1	1	64	41
X^2	1	64	36
X^3	1	63	40
X^4	1	35	30
X^5	0	57	27

X^0	3	663	338
X^1	0	667	334
X^2	0	632	329
X^3	0	639	302
X^4	1	339	338
X^5	1	338	335

X^0	2	14	8
X^1	4	15	9
X^2	3	9	5
X^3	1	1	1
X^4	0	0	0
X^5	2	12	8

X^0	1	6	4
X^1	1	5	1
X^2	1	6	2
X^3	1	4	1
X^4	1	1	1
X^5	0	6	1

X^0	4	29	15
X^1	4	27	15
X^2	4	25	14
X^3	4	21	4
X^4	4	12	4
X^5	0	24	8

X^0	1	51	31
X^1	1	52	32
X^2	1	46	35
X^3	3	35	30
X^4	1	17	13
X^5	1	1	1

X^0	4	111	50
X^1	3	111	51
X^2	4	88	50
X^3	0	67	49
X^4	0	75	49
X^5	0	59	18

X^0	1	395	193
X^1	1	396	194
X^2	1	390	195
X^3	1	385	190
X^4	1	194	176
X^5	3	203	193

X^0	2	29	15
X^1	3	31	17
X^2	5	24	19
X^3	5	15	5
X^4	4	4	4
X^5	0	14	9

X^0	2	17	13
X^1	4	19	15
X^2	3	18	14
X^3	4	4	4
X^4	1	2	1
X^5	0	22	18

X^0	4	9	4
X^1	2	11	6
X^2	3	5	3
X^3	1	25	22
X^4	1	1	1
X^5	0	25	22

X^0	3	88	45
X^1	2	90	45
X^2	3	87	45
X^3	2	85	35
X^4	2	47	43
X^5	2	8	2

X^0	3	20	18
X^1	1	19	17
X^2	1	10	8
X^3	1	1	1
X^4	2	2	2
X^5	2	9	3

X^0	3	48	39
X^1	3	48	32
X^2	3	49	33
X^3	3	47	14
X^4	4	33	28
X^5	0	38	31

X^0	1	7	7
X^1	2	7	3
X^2	1	5	5
X^3	2	7	2
X^4	1	1	1
X^5	1	8	6

X^0	1	2	1
X^1	1	1	1
X^2	1	1	1
X^3	0	0	0
X^4	0	0	0
X^5	0	0	0

X^0	3	437	224
X^1	3	428	216
X^2	6	424	209
X^3	3	404	197
X^4	3	211	191
X^5	0	213	192

X^0	2	111	51
X^1	2	112	53
X^2	1	89	49
X^3	0	91	45
X^4	0	69	44
X^5	0	75	31

X^0	1	21	11
X^1	6	27	17
X^2	3	25	18
X^3	0	18	14
X^4	0	9	8
X^5	0	5	2

X^0	5	129	61
X^1	1	117	58
X^2	2	109	51
X^3	1	96	51
X^4	0	58	50
X^5	1	54	32

X^0	4	9	4
X^1	4	8	4
X^2	4	10	4
X^3	4	5	4
X^4	4	4	4
X^5	0	4	1

X^0	4	83	61
X^1	1	78	55
X^2	2	75	57
X^3	1	58	49
X^4	1	38	34
X^5	0	54	38

X^0	2	8	4
X^1	1	8	4
X^2	2	6	3
X^3	1	4	1
X^4	1	1	1
X^5	0	4	1

X^0	2	536	276
X^1	5	539	279
X^2	1	525	264
X^3	2	486	253
X^4	0	253	244
X^5	0	272	263

X^0	0	13	6
X^1	2	16	5
X^2	1	16	7
X^3	0	15	3
X^4	3	16	10
X^5	0	13	4

X^0	2	22	12
X^1	1	24	13
X^2	1	21	11
X^3	3	21	12
X^4	0	16	10
X^5	0	16	4

X^0	1	9	4
X^1	2	8	3
X^2	1	6	3
X^3	1	5	1
X^4	0	0	0
X^5	1	5	2

X^0	6	16	8
X^1	4	14	4
X^2	4	12	4
X^3	4	10	4
X^4	4	8	4
X^5	1	11	5

X^0	1	216	202
X^1	1	219	208
X^2	1	217	208
X^3	1	217	185
X^4	1	190	187
X^5	0	209	179

X^0	3	14	8
X^1	6	17	12
X^2	5	17	10
X^3	3	8	3
X^4	3	3	3
X^5	0	8	1

X^0	2	36	18
X^1	2	32	18
X^2	2	31	17
X^3	1	26	14
X^4	1	22	11
X^5	0	19	6

X^0	3	37	22
X^1	3	37	21
X^2	4	30	13
X^3	4	25	10
X^4	4	24	9
X^5	2	25	10

X^0	1	4	3
X^1	3	6	5
X^2	1	1	1
X^3	1	3	1
X^4	4	4	4
X^5	0	5	3

X^0	2	69	62
X^1	2	68	65
X^2	0	71	70
X^3	0	69	66
X^4	2	72	71
X^5	0	71	68

X^0	2	10	6
X^1	2	10	2
X^2	1	10	6
X^3	1	2	1
X^4	1	1	1
X^5	0	2	0

X^0	2	314	155
X^1	2	316	157
X^2	5	317	159
X^3	1	310	153
X^4	2	158	150
X^5	1	160	151

X^0	3	4	3
X^1	3	3	3
X^2	4	5	4
X^3	3	3	3
X^4	2	3	2
X^5	0	0	0

X^0	3	249	125
X^1	6	254	130
X^2	1	248	124
X^3	1	244	120
X^4	1	128	121
X^5	0	130	122

X^0	2	8	4
X^1	1	8	5
X^2	3	10	5
X^3	1	4	2
X^4	7	9	7
X^5	0	2	0

X^0	1	6	5
X^1	2	6	2
X^2	1	4	1
X^3	1	5	1
X^4	0	3	2
X^5	0	5	3

X^0	1	24	17
X^1	1	17	11
X^2	1	9	2
X^3	5	13	8
X^4	3	3	3
X^5	1	16	10

X^0	3	11	8
X^1	3	11	9
X^2	0	8	6
X^3	1	4	1
X^4	1	1	1
X^5	0	4	2

X^0	1	34	16
X^1	2	34	13
X^2	1	29	16
X^3	1	20	16
X^4	0	16	8
X^5	0	0	0

X^0	3	21	16
X^1	3	20	16
X^2	3	13	5
X^3	2	12	10
X^4	2	2	2
X^5	1	15	12

X^0	4	14	10
X^1	4	11	4
X^2	5	14	10
X^3	4	7	4
X^4	4	8	5
X^5	0	6	3

X^0	1	27	12
X^1	1	25	11
X^2	5	27	15
X^3	1	24	9
X^4	0	20	11
X^5	1	17	8

X^0	1	11	8
X^1	2	12	8
X^2	5	14	11
X^3	1	10	6
X^4	1	2	1
X^5	1	9	7

X^0	1	13	4
X^1	1	17	9
X^2	3	16	8
X^3	1	12	5
X^4	11	22	12
X^5	0	8	1

X^0	2	13	4
X^1	3	14	3
X^2	3	16	6
X^3	5	17	10
X^4	0	10	3
X^5	0	7	1

X^0	1	31	24
X^1	1	37	24
X^2	1	35	21
X^3	0	29	25
X^4	5	22	21
X^5	0	23	10

X^0	2	638	318
X^1	2	646	329
X^2	2	650	331
X^3	2	646	326
X^4	2	317	315
X^5	1	331	329

X^0	3	103	57
X^1	3	103	55
X^2	3	103	56
X^3	3	105	58
X^4	3	53	48
X^5	0	51	48

X^0	5	25	10
X^1	2	21	6
X^2	2	20	3
X^3	4	24	10
X^4	4	19	7
X^5	0	13	2

X^0	5	32	21
X^1	1	30	19
X^2	1	29	19
X^3	1	21	9
X^4	1	15	7
X^5	0	21	8

X^0	5	13	7
X^1	5	13	8
X^2	5	16	8
X^3	5	14	9
X^4	8	17	12
X^5	1	12	7

X^0	1	7	5
X^1	1	7	5
X^2	1	9	5
X^3	4	11	9
X^4	1	7	5
X^5	8	13	9

X^0	2	14	2
X^1	5	13	10
X^2	2	7	3
X^3	2	5	2
X^4	1	7	3
X^5	0	7	2

X^0	3	9	3
X^1	8	8	8
X^2	1	1	1
X^3	4	4	4
X^4	4	4	4
X^5	1	1	1

X^0	6	20	15
X^1	3	17	9
X^2	4	14	7
X^3	4	14	7
X^4	0	11	7
X^5	0	7	3

X^0	3	9	5
X^1	2	9	6
X^2	2	9	6
X^3	1	8	6
X^4	0	8	6
X^5	1	10	8

X^0	2	406	270
X^1	3	403	265
X^2	10	407	269
X^3	2	364	260
X^4	2	232	224
X^5	5	271	139

X^0	1	33	18
X^1	1	32	15
X^2	1	33	14
X^3	1	32	11
X^4	1	15	12
X^5	1	1	1

X^0	1	82	53
X^1	3	86	51
X^2	1	85	53
X^3	1	84	52
X^4	1	56	52
X^5	2	61	30

X^0	3	30	11
X^1	3	30	11
X^2	3	30	10
X^3	3	26	8
X^4	3	27	11
X^5	0	26	4

X^0	5	28	11
X^1	5	22	9
X^2	5	24	11
X^3	2	17	12
X^4	2	16	8
X^5	2	2	2

X^0	2	42	28
X^1	2	44	28
X^2	2	40	29
X^3	3	36	22
X^4	1	25	23
X^5	3	36	24

X^0	10	16	10
X^1	2	11	5
X^2	3	12	4
X^3	0	7	3
X^4	0	3	1
X^5	0	6	4

X^0	1	23	16
X^1	1	27	19
X^2	0	23	16
X^3	0	22	15
X^4	0	15	10
X^5	0	20	11

X^0	2	19	2
X^1	7	21	8
X^2	1	14	3
X^3	0	10	2
X^4	0	8	0
X^5	0	9	2

X^0	2	19	10
X^1	3	20	9
X^2	2	18	10
X^3	2	13	5
X^4	0	10	3
X^5	0	17	8

X^0	1	32	12
X^1	1	33	13
X^2	2	33	14
X^3	0	32	15
X^4	9	32	23
X^5	1	20	15

X^0	4	119	51
X^1	4	111	47
X^2	4	107	47
X^3	1	125	61
X^4	0	74	69
X^5	0	61	58

X^0	1	16	6
X^1	1	19	8
X^2	1	18	9
X^3	1	14	6
X^4	1	10	1
X^5	4	17	4

X^0	2	128	64
X^1	2	130	68
X^2	2	130	68
X^3	2	131	68
X^4	2	71	69
X^5	0	58	53

X^0	3	49	25
X^1	1	51	28
X^2	1	53	30
X^3	1	53	30
X^4	1	35	33
X^5	0	36	23

X^0	4	7	4
X^1	4	11	6
X^2	1	8	1
X^3	2	7	2
X^4	1	7	3
X^5	1	1	1

X^0	1	133	65
X^1	3	134	66
X^2	3	124	63
X^3	3	69	66
X^4	0	58	54
X^5	0	0	0

X^0	4	73	36
X^1	13	86	49
X^2	1	70	33
X^3	1	56	26
X^4	0	38	29
X^5	2	41	32

X^0	3	29	3
X^1	3	28	9
X^2	4	27	10
X^3	2	21	8
X^4	1	19	8
X^5	0	21	6

X^0	4	111	61
X^1	3	108	61
X^2	3	93	57
X^3	3	80	60
X^4	3	65	60
X^5	0	66	33

X^0	0	11	4
X^1	0	11	4
X^2	0	9	5
X^3	0	7	4
X^4	0	0	0
X^5	0	0	0

X^0	3	7	3
X^1	0	4	0
X^2	2	3	2
X^3	1	3	1
X^4	3	3	3
X^5	2	6	3

X^0	2	10	8
X^1	1	8	7
X^2	1	8	4
X^3	2	9	8
X^4	0	8	7
X^5	0	11	10

X^0	4	154	78
X^1	4	150	74
X^2	4	150	75
X^3	4	150	74
X^4	4	74	70
X^5	0	80	75

X^0	5	42	19
X^1	5	51	16
X^2	5	44	19
X^3	5	41	21
X^4	6	38	26
X^5	0	32	11

X^0	2	84	36
X^1	1	81	38
X^2	2	74	37
X^3	1	72	33
X^4	4	52	40
X^5	5	68	40

X^0	1	3	1
X^1	3	3	3
X^2	2	2	2
X^3	4	6	4
X^4	0	1	0
X^5	3	4	3

X^0	2	669	339
X^1	3	669	340
X^2	3	650	326
X^3	3	678	348
X^4	3	329	326
X^5	1	351	347

X^0	4	21	12
X^1	4	20	12
X^2	4	19	12
X^3	4	15	10
X^4	4	4	4
X^5	0	9	2

X^0	4	49	32
X^1	4	49	32
X^2	4	46	29
X^3	4	34	27
X^4	4	4	4
X^5	0	27	26

X^0	3	93	56
X^1	3	93	56
X^2	3	93	56
X^3	3	99	61
X^4	3	59	48
X^5	3	3	3

X^0	3	20	12
X^1	4	22	14
X^2	3	19	12
X^3	1	17	11
X^4	1	15	8
X^5	1	10	4

X^0	3	5	3
X^1	3	5	3
X^2	4	9	6
X^3	3	5	3
X^4	3	3	3
X^5	0	1	0

X^0	7	11	7
X^1	2	5	2
X^2	2	4	2
X^3	2	3	2
X^4	2	2	2
X^5	0	3	0

X^0	1	29	13
X^1	2	34	18
X^2	1	31	18
X^3	1	31	16
X^4	1	25	22
X^5	0	15	10

X^0	3	302	291
X^1	3	302	291
X^2	3	304	291
X^3	3	302	287
X^4	3	292	289
X^5	0	293	276

X^0	5	25	20
X^1	5	31	20
X^2	1	35	18
X^3	1	34	19
X^4	1	24	22
X^5	0	22	21

X^0	1	6	1
X^1	1	9	5
X^2	3	8	3
X^3	1	4	3
X^4	1	3	2
X^5	0	2	1

X^0	3	17	3
X^1	3	18	3
X^2	3	18	6
X^3	3	19	6
X^4	3	15	4
X^5	1	14	4

X^0	5	38	25
X^1	5	43	25
X^2	2	39	22
X^3	5	32	24
X^4	2	26	18
X^5	1	32	15

X^0	1	6	3
X^1	1	1	1
X^2	1	1	1
X^3	1	3	2
X^4	1	1	1
X^5	0	3	1

X^0	2	127	66
X^1	2	128	64
X^2	2	128	66
X^3	1	134	66
X^4	1	68	66
X^5	1	68	62

X^0	2	52	50
X^1	2	53	50
X^2	2	60	50
X^3	2	57	34
X^4	1	37	34
X^5	2	49	34

X^0	5	18	6
X^1	5	14	7
X^2	5	12	7
X^3	5	5	5
X^4	5	5	5
X^5	2	10	6

X^0	2	98	49
X^1	1	97	47
X^2	1	98	50
X^3	1	87	48
X^4	0	48	45
X^5	2	51	48

X^0	3	90	84
X^1	1	87	82
X^2	1	74	70
X^3	0	81	77
X^4	0	56	52
X^5	0	81	77

X^0	5	111	61
X^1	0	106	53
X^2	0	56	51
X^3	0	15	2
X^4	0	13	8
X^5	0	8	2

X^0	1	4	1
X^1	1	4	1
X^2	4	6	4
X^3	1	3	1
X^4	0	0	0
X^5	1	3	1

X^0	1	21	8
X^1	1	25	15
X^2	7	26	22
X^3	1	16	11
X^4	2	14	9
X^5	3	11	7

X^0	3	84	47
X^1	3	81	46
X^2	3	72	46
X^3	3	46	33
X^4	4	36	26
X^5	0	26	16

X^0	1	14	12
X^1	1	17	9
X^2	3	24	16
X^3	1	21	11
X^4	1	12	8
X^5	0	9	7

X^0	3	11	6
X^1	3	9	4
X^2	3	10	6
X^3	3	8	4
X^4	2	7	4
X^5	0	0	0

X^0	5	112	87
X^1	5	110	89
X^2	5	101	86
X^3	5	97	86
X^4	5	96	85
X^5	5	5	5

X^0	3	16	9
X^1	3	18	8
X^2	3	18	7
X^3	3	13	10
X^4	3	12	6
X^5	2	13	2

X^0	1	63	54
X^1	1	62	54
X^2	1	56	54
X^3	1	56	52
X^4	2	42	40
X^5	0	62	59

X^0	1	84	53
X^1	1	88	57
X^2	1	87	57
X^3	0	81	55
X^4	0	55	51
X^5	0	52	25

X^0	1	113	53
X^1	1	116	57
X^2	1	107	56
X^3	0	93	49
X^4	2	59	46
X^5	0	61	43

X^0	3	18	9
X^1	2	15	5
X^2	2	10	4
X^3	2	2	2
X^4	0	0	0
X^5	2	2	2

X^0	1	71	42
X^1	1	74	32
X^2	1	79	34
X^3	1	70	38
X^4	1	43	37
X^5	2	44	32

X^0	2	371	185
X^1	1	374	188
X^2	1	373	186
X^3	1	371	187
X^4	3	194	189
X^5	0	189	184

X^0	2	46	33
X^1	2	58	39
X^2	4	54	42
X^3	2	33	30
X^4	2	20	10
X^5	2	2	2

X^0	3	29	16
X^1	4	28	17
X^2	9	33	23
X^3	6	28	16
X^4	1	19	10
X^5	0	5	0

X^0	2	7	5
X^1	2	7	2
X^2	2	9	4
X^3	5	11	8
X^4	2	2	2
X^5	0	0	0

X^0	2	37	31
X^1	2	37	32
X^2	2	38	32
X^3	4	42	36
X^4	1	36	34
X^5	2	35	30

X^0	6	37	29
X^1	6	40	30
X^2	6	40	26
X^3	6	31	18
X^4	6	23	18
X^5	0	28	12

X^0	5	237	122
X^1	5	232	118
X^2	5	222	109
X^3	5	178	107
X^4	5	71	62
X^5	5	5	5

X^0	2	3	2
X^1	1	5	1
X^2	2	3	2
X^3	0	5	4
X^4	0	0	0
X^5	2	8	6

X^0	3	14	5
X^1	1	13	3
X^2	1	9	1
X^3	0	9	0
X^4	1	10	1
X^5	1	9	1

X^0	3	117	55
X^1	2	111	54
X^2	2	102	50
X^3	2	91	45
X^4	1	50	45
X^5	2	53	41

X^0	2	51	23
X^1	1	65	38
X^2	1	54	31
X^3	0	56	26
X^4	1	35	33
X^5	2	40	30

X^0	2	21	3
X^1	2	20	8
X^2	2	17	8
X^3	2	19	6
X^4	1	13	7
X^5	2	16	7

X^0	1	8	2
X^1	4	12	6
X^2	5	10	5
X^3	1	6	1
X^4	1	9	3
X^5	0	8	1

X^0	3	32	23
X^1	5	29	20
X^2	3	22	14
X^3	2	24	17
X^4	3	12	5
X^5	1	17	13

X^0	3	7	3
X^1	4	8	4
X^2	4	8	4
X^3	2	7	2
X^4	2	9	3
X^5	0	6	0

X^0	2	51	23
X^1	2	52	23
X^2	2	48	20
X^3	2	28	20
X^4	0	26	21
X^5	0	0	0

X^0	4	53	31
X^1	4	54	31
X^2	4	55	34
X^3	6	60	38
X^4	4	38	33
X^5	1	39	24

X^0	2	53	46
X^1	3	58	49
X^2	2	53	46
X^3	3	54	48
X^4	2	51	47
X^5	0	51	44

X^0	2	33	16
X^1	2	21	13
X^2	2	11	2
X^3	2	21	4
X^4	2	20	13
X^5	2	4	2

X^0	4	47	26
X^1	5	41	27
X^2	2	35	19
X^3	2	30	17
X^4	4	22	15
X^5	4	20	10

X^0	3	23	17
X^1	4	25	12
X^2	4	28	15
X^3	2	25	12
X^4	1	15	12
X^5	2	20	14

X^0	1	9	5
X^1	1	9	5
X^2	1	9	5
X^3	1	9	5
X^4	0	0	0
X^5	0	10	6

X^0	2	108	53
X^1	1	105	52
X^2	1	100	46
X^3	1	98	46
X^4	1	50	46
X^5	2	60	49

X^0	2	6	3
X^1	1	3	1
X^2	0	1	0
X^3	3	3	3
X^4	1	1	1
X^5	1	3	2

X^0	3	466	231
X^1	3	467	233
X^2	3	461	233
X^3	3	450	224
X^4	3	237	227
X^5	1	237	224

X^0	2	14	6
X^1	3	12	5
X^2	3	13	6
X^3	2	8	4
X^4	0	10	6
X^5	1	13	4

X^0	2	11	4
X^1	3	13	4
X^2	1	10	2
X^3	2	8	2
X^4	3	3	3
X^5	1	14	6

X^0	3	21	8
X^1	3	23	8
X^2	1	23	12
X^3	1	18	8
X^4	1	19	11
X^5	2	17	8

X^0	2	148	75
X^1	0	138	70
X^2	0	129	64
X^3	0	115	64
X^4	0	51	44
X^5	1	69	61

X^0	3	25	9
X^1	0	20	8
X^2	0	19	9
X^3	0	17	10
X^4	1	18	14
X^5	5	21	12

X^0	4	26	12
X^1	4	33	14
X^2	4	27	12
X^3	4	33	14
X^4	5	31	26
X^5	1	20	15

X^0	2	9	4
X^1	3	11	6
X^2	3	11	6
X^3	1	8	1
X^4	1	8	1
X^5	0	6	2

X^0	1	9	4
X^1	3	12	6
X^2	0	9	4
X^3	0	0	0
X^4	0	0	0
X^5	2	10	4

X^0	3	35	18
X^1	0	37	18
X^2	2	39	17
X^3	0	29	14
X^4	0	30	16
X^5	1	32	8

X^0	1	75	43
X^1	1	69	44
X^2	1	60	33
X^3	1	39	31
X^4	0	28	20
X^5	1	39	16

X^0	1	7	4
X^1	0	3	0
X^2	0	3	1
X^3	1	5	2
X^4	0	3	0
X^5	1	5	2

X^0	3	4	3
X^1	3	3	3
X^2	1	1	1
X^3	1	1	1
X^4	1	1	1
X^5	0	0	0

X^0	2	36	13
X^1	1	33	10
X^2	2	33	14
X^3	3	36	16
X^4	1	29	12
X^5	1	29	9

X^0	1	209	107
X^1	1	212	109
X^2	1	216	111
X^3	3	206	120
X^4	1	111	109
X^5	0	109	102

X^0	4	35	15
X^1	1	27	13
X^2	2	28	3
X^3	1	12	1
X^4	2	12	10
X^5	0	26	15

X^0	4	28	20
X^1	3	31	16
X^2	3	24	17
X^3	3	19	13
X^4	0	19	14
X^5	4	22	15

X^0	3	193	94
X^1	3	191	94
X^2	3	183	91
X^3	5	184	93
X^4	3	96	81
X^5	0	101	83

X^0	6	261	130
X^1	3	260	127
X^2	4	261	129
X^3	1	259	127
X^4	0	135	130
X^5	1	132	126

X^0	3	19	10
X^1	0	16	8
X^2	1	13	5
X^3	2	13	5
X^4	0	13	5
X^5	0	10	0

X^0	3	38	17
X^1	3	44	22
X^2	3	41	19
X^3	3	34	19
X^4	3	24	13
X^5	3	26	14

X^0	2	102	99
X^1	3	105	102
X^2	4	106	103
X^3	2	96	92
X^4	1	96	94
X^5	0	101	99

X^0	2	34	11
X^1	3	38	13
X^2	2	29	6
X^3	1	25	10
X^4	0	21	7
X^5	1	25	8

X^0	1	287	137
X^1	1	283	135
X^2	2	287	140
X^3	3	281	135
X^4	1	145	140
X^5	2	157	137

X^0	5	6	5
X^1	1	2	1
X^2	6	6	6
X^3	3	3	3
X^4	2	2	2
X^5	3	4	3

X^0	2	37	20
X^1	2	35	19
X^2	2	33	19
X^3	2	29	15
X^4	2	14	10
X^5	1	17	15

X^0	1	23	13
X^1	1	26	17
X^2	3	25	10
X^3	2	21	14
X^4	0	16	10
X^5	1	20	7

X^0	1	26	19
X^1	3	28	20
X^2	1	25	20
X^3	2	26	21
X^4	2	27	24
X^5	2	27	22

X^0	4	6	5
X^1	1	1	1
X^2	1	1	1
X^3	1	1	1
X^4	1	1	1
X^5	1	1	1

X^0	3	8	6
X^1	3	7	5
X^2	1	5	1
X^3	1	3	1
X^4	5	10	5
X^5	0	0	0

X^0	1	40	26
X^1	1	43	26
X^2	2	47	27
X^3	0	27	25
X^4	3	27	25
X^5	2	29	22

X^0	1	24	22
X^1	1	29	21
X^2	1	29	14
X^3	1	23	14
X^4	1	26	20
X^5	0	14	10

X^0	3	6	3
X^1	4	5	4
X^2	2	3	2
X^3	4	4	4
X^4	4	5	4
X^5	1	4	1

X^0	1	19	10
X^1	2	19	10
X^2	1	15	10
X^3	2	12	9
X^4	0	13	8
X^5	1	9	1

X^0	4	13	8
X^1	2	10	5
X^2	1	13	6
X^3	2	7	5
X^4	3	10	6
X^5	0	4	0

X^0	6	16	9
X^1	1	11	6
X^2	1	7	4
X^3	3	11	3
X^4	1	1	1
X^5	1	8	3

X^0	2	24	14
X^1	1	23	13
X^2	1	22	6
X^3	1	14	1
X^4	1	1	1
X^5	0	22	8

X^0	1	49	26
X^1	3	52	30
X^2	2	50	28
X^3	1	50	27
X^4	1	30	27
X^5	1	23	20

X^0	1	10	6
X^1	0	7	0
X^2	0	6	0
X^3	3	8	4
X^4	0	4	0
X^5	1	6	2

X^0	1	10	5
X^1	1	6	1
X^2	3	6	3
X^3	0	1	0
X^4	1	1	1
X^5	0	7	3

X^0	3	34	23
X^1	2	36	25
X^2	0	36	24
X^3	5	34	24
X^4	3	13	13
X^5	1	16	16

X^0	4	31	17
X^1	3	30	16
X^2	3	28	14
X^3	1	26	12
X^4	1	14	8
X^5	0	15	12

X^0	2	10	6
X^1	2	8	4
X^2	2	6	4
X^3	2	6	2
X^4	2	4	2
X^5	2	3	2

X^0	3	16	5
X^1	5	19	8
X^2	3	12	3
X^3	5	16	9
X^4	3	9	3
X^5	3	15	8

X^0	1	7	1
X^1	1	7	1
X^2	3	10	4
X^3	1	6	1
X^4	2	6	2
X^5	0	4	0

X^0	5	23	19
X^1	1	19	13
X^2	3	21	10
X^3	1	10	1
X^4	1	8	4
X^5	0	19	2

X^0	3	47	29
X^1	3	47	25
X^2	3	49	23
X^3	3	55	26
X^4	4	36	33
X^5	1	30	26

X^0	2	18	11
X^1	3	16	11
X^2	2	12	6
X^3	0	9	0
X^4	2	15	10
X^5	2	13	7

X^0	2	17	7
X^1	4	20	4
X^2	7	21	10
X^3	1	15	5
X^4	2	13	5
X^5	0	13	3

X^0	4	34	26
X^1	4	34	27
X^2	2	32	25
X^3	1	26	19
X^4	1	24	18
X^5	0	21	14

X^0	2	39	19
X^1	1	36	17
X^2	1	36	17
X^3	1	36	15
X^4	0	27	17
X^5	2	27	14

X^0	1	37	20
X^1	1	37	16
X^2	1	30	17
X^3	1	27	14
X^4	7	19	14
X^5	0	27	14

X^0	4	15	9
X^1	3	15	7
X^2	2	15	7
X^3	2	12	7
X^4	2	10	8
X^5	0	10	3

X^0	1	42	21
X^1	2	45	23
X^2	1	34	22
X^3	2	27	20
X^4	1	12	7
X^5	2	2	2

X^0	2	66	18
X^1	2	54	21
X^2	3	47	26
X^3	2	35	22
X^4	2	42	40
X^5	0	44	33

X^0	2	10	6
X^1	2	10	6
X^2	2	9	3
X^3	2	7	4
X^4	4	10	7
X^5	1	10	7

X^0	1	86	42
X^1	1	86	42
X^2	3	87	45
X^3	1	75	43
X^4	2	41	34
X^5	4	53	40

X^0	1	28	14
X^1	1	28	17
X^2	1	26	14
X^3	4	27	16
X^4	2	15	10
X^5	1	17	11

X^0	2	8	2
X^1	1	8	3
X^2	2	8	6
X^3	0	5	3
X^4	1	8	6
X^5	2	5	3

X^0	4	1363	667
X^1	1	1361	665
X^2	6	1345	676
X^3	1	1321	671
X^4	0	668	667
X^5	0	704	657

X^0	1	16	5
X^1	0	13	2
X^2	0	13	4
X^3	0	13	5
X^4	8	19	11
X^5	2	15	5

X^0	2	308	148
X^1	1	312	147
X^2	1	302	153
X^3	1	302	150
X^4	1	155	153
X^5	0	162	138

X^0	4	15	5
X^1	3	15	3
X^2	2	14	7
X^3	6	20	12
X^4	0	11	6
X^5	3	12	7

X^0	2	31	14
X^1	2	29	14
X^2	6	33	23
X^3	1	21	13
X^4	0	20	17
X^5	1	21	9

X^0	2	11	7
X^1	3	11	5
X^2	2	7	2
X^3	0	8	0
X^4	0	4	1
X^5	0	7	4

X^0	1	11	7
X^1	1	12	8
X^2	1	9	2
X^3	0	9	3
X^4	0	4	0
X^5	2	8	4

X^0	2	6	2
X^1	2	6	2
X^2	1	2	1
X^3	1	1	1
X^4	1	1	1
X^5	0	2	0

X^0	3	287	142
X^1	1	288	144
X^2	0	285	143
X^3	1	280	141
X^4	2	144	134
X^5	0	146	137

X^0	1	23	6
X^1	1	24	9
X^2	1	22	1
X^3	1	17	3
X^4	0	12	0
X^5	1	17	1

X^0	1	28	13
X^1	3	33	15
X^2	1	28	13
X^3	1	27	12
X^4	1	16	12
X^5	2	17	12

X^0	3	28	22
X^1	3	29	19
X^2	3	29	24
X^3	3	29	23
X^4	3	27	24
X^5	4	27	21

X^0	1	38	16
X^1	1	39	18
X^2	1	28	13
X^3	1	23	17
X^4	0	25	17
X^5	1	15	1

X^0	6	12	6
X^1	8	19	8
X^2	10	18	10
X^3	6	12	6
X^4	3	13	5
X^5	0	12	3

X^0	1	11	7
X^1	1	8	6
X^2	1	6	4
X^3	1	1	1
X^4	1	1	1
X^5	1	3	1

X^0	1	36	21
X^1	1	26	18
X^2	1	18	8
X^3	1	9	1
X^4	1	1	1
X^5	0	9	2

X^0	2	10	5
X^1	2	15	5
X^2	9	21	10
X^3	2	15	5
X^4	6	13	6
X^5	1	10	3

X^0	3	27	22
X^1	1	25	23
X^2	1	26	23
X^3	3	23	21
X^4	8	13	8
X^5	0	0	0

X^0	2	14	10
X^1	2	12	10
X^2	1	12	10
X^3	1	12	11
X^4	1	22	21
X^5	1	12	6

X^0	4	20	14
X^1	5	22	17
X^2	4	14	9
X^3	4	14	9
X^4	4	14	9
X^5	4	4	4

X^0	2	36	19
X^1	2	36	20
X^2	2	27	24
X^3	2	12	10
X^4	0	17	15
X^5	0	0	0

X^0	2	852	553
X^1	6	856	562
X^2	2	850	560
X^3	1	838	559
X^4	2	563	549
X^5	0	555	275

X^0	1	21	17
X^1	1	27	17
X^2	1	23	14
X^3	1	21	13
X^4	1	17	11
X^5	0	15	5

X^0	4	17	5
X^1	4	19	7
X^2	2	15	3
X^3	4	19	9
X^4	1	15	6
X^5	0	18	14

X^0	2	22	10
X^1	2	20	9
X^2	2	15	6
X^3	2	9	2
X^4	2	7	2
X^5	0	15	6

X^0	2	50	24
X^1	1	49	22
X^2	1	49	24
X^3	1	49	26
X^4	0	28	27
X^5	2	27	25

Average
X^0	2.62816616008105	66.4275582573455	37.9888551165147
X^1	2.41641337386018	65.9746707193516	37.6707193515704
X^2	2.24924012158055	63.1094224924012	36.5126646403242
X^3	1.93211752786221	59.4528875379939	34.7487335359676
X^4	1.59574468085106	37.8358662613982	32.7061803444782
X^5	0.998986828774063	35.9381965552178	27.4002026342452

Deviation
X^0	1.69226650913590	128.957913425549	76.2489714741619
X^1	1.70459005561263	129.349202460123	76.3117106820648
X^2	1.68991493646680	127.232860506536	75.5380067765429
X^3	1.67901762249936	124.697780791060	75.0645496347726
X^4	1.66119734642473	74.7933689225627	74.1484230761568
X^5	1.42953325816483	72.6071526224872	64.8962457716764

Ratio of success: 0.987000000000000

----

