	Opt.	CR	FP
X^0	2	261	254
X^1	2	183	179
X^2	2	165	161
X^3	8	95	90
X^4	2	76	69
X^5	4	4	4
X^6	4	4	4
X^7	0	0	0
Diff.	17

X^0	1	305	303
X^1	1	203	200
X^2	1	197	196
X^3	2	103	102
X^4	6	105	103
X^5	1	1	1
X^6	1	1	1
X^7	1	1	1
Diff.	6

X^0	6	94	86
X^1	4	63	62
X^2	4	62	61
X^3	3	47	46
X^4	4	55	54
X^5	3	35	35
X^6	4	20	19
X^7	0	0	0
Diff.	28

X^0	4	81	77
X^1	5	77	74
X^2	3	75	72
X^3	1	34	32
X^4	3	38	37
X^5	2	2	2
X^6	1	1	1
X^7	1	1	1
Diff.	2

X^0	7	401	397
X^1	7	374	368
X^2	1	203	199
X^3	2	196	192
X^4	1	167	163
X^5	1	1	1
X^6	4	4	4
X^7	0	0	0
Diff.	4

X^0	2	151	150
X^1	2	134	129
X^2	2	131	129
X^3	2	61	59
X^4	1	64	63
X^5	1	1	1
X^6	1	1	1
X^7	1	1	1
Diff.	2

X^0	1	272	265
X^1	6	220	212
X^2	1	155	147
X^3	1	111	108
X^4	3	113	112
X^5	1	1	1
X^6	1	1	1
X^7	0	0	0
Diff.	2

X^0	3	6	3
X^1	4	7	4
X^2	8	10	8
X^3	3	5	3
X^4	6	6	6
X^5	3	3	3
X^6	4	4	4
X^7	1	1	1
Diff.	5

X^0	2	26	24
X^1	2	18	16
X^2	2	11	8
X^3	2	8	3
X^4	2	9	5
X^5	2	8	4
X^6	4	9	5
X^7	2	2	2
Diff.	9

X^0	4	22	20
X^1	3	14	11
X^2	3	12	10
X^3	3	4	3
X^4	3	4	3
X^5	2	2	2
X^6	2	2	2
X^7	3	3	3
Diff.	13

X^0	1	48	45
X^1	1	28	25
X^2	2	26	23
X^3	3	3	3
X^4	3	3	3
X^5	1	1	1
X^6	0	0	0
X^7	0	0	0
Diff.	7

X^0	1	57	56
X^1	1	35	34
X^2	1	23	22
X^3	1	1	1
X^4	1	1	1
X^5	1	1	1
X^6	0	0	0
X^7	0	0	0
Diff.	10

X^0	2	41	33
X^1	2	27	19
X^2	1	23	19
X^3	1	19	11
X^4	1	1	1
X^5	1	1	1
X^6	8	8	8
X^7	0	0	0
Diff.	2

X^0	2	437	433
X^1	2	363	353
X^2	4	366	361
X^3	2	219	217
X^4	1	145	143
X^5	0	0	0
X^6	2	2	2
X^7	7	7	7
Diff.	2

X^0	4	16	12
X^1	4	13	7
X^2	5	16	12
X^3	4	4	4
X^4	4	5	4
X^5	9	9	9
X^6	4	4	4
X^7	1	1	1
Diff.	13

X^0	3	30	27
X^1	2	20	16
X^2	4	16	15
X^3	1	14	13
X^4	3	13	12
X^5	1	11	10
X^6	1	7	7
X^7	0	0	0
Diff.	7

X^0	2	47	44
X^1	2	32	30
X^2	2	19	16
X^3	2	12	8
X^4	3	6	5
X^5	2	2	2
X^6	1	1	1
X^7	2	2	2
Diff.	6

X^0	4	81	75
X^1	4	66	65
X^2	0	29	27
X^3	0	19	17
X^4	1	22	20
X^5	1	1	1
X^6	0	0	0
X^7	0	0	0
Diff.	3

X^0	5	24	24
X^1	3	17	13
X^2	3	11	11
X^3	5	13	12
X^4	3	4	3
X^5	4	5	4
X^6	3	4	4
X^7	0	0	0
Diff.	9

X^0	5	36	33
X^1	4	31	28
X^2	3	24	21
X^3	1	13	10
X^4	1	10	6
X^5	1	1	1
X^6	3	3	3
X^7	4	4	4
Diff.	7

X^0	3	46	45
X^1	1	27	26
X^2	5	32	31
X^3	1	6	5
X^4	5	11	10
X^5	1	1	1
X^6	1	1	1
X^7	0	0	0
Diff.	12

X^0	6	57	55
X^1	6	54	52
X^2	6	47	46
X^3	6	18	16
X^4	6	17	15
X^5	1	2	1
X^6	1	1	1
X^7	0	0	0
Diff.	21

X^0	5	320	314
X^1	5	298	291
X^2	5	150	142
X^3	5	132	127
X^4	5	134	129
X^5	5	5	5
X^6	5	5	5
X^7	2	2	2
Diff.	28

X^0	4	37	32
X^1	5	32	28
X^2	4	18	13
X^3	4	8	4
X^4	4	4	4
X^5	4	4	4
X^6	4	4	4
X^7	1	1	1
Diff.	18

X^0	2	191	191
X^1	1	188	186
X^2	3	190	190
X^3	0	92	89
X^4	0	92	89
X^5	0	0	0
X^6	0	0	0
X^7	0	0	0
Diff.	1

X^0	3	154	151
X^1	4	150	150
X^2	5	151	151
X^3	3	119	117
X^4	7	90	89
X^5	5	56	56
X^6	3	24	24
X^7	0	0	0
Diff.	15

X^0	4	410	408
X^1	3	405	403
X^2	0	406	404
X^3	1	317	317
X^4	1	226	226
X^5	1	137	136
X^6	0	89	83
X^7	0	0	0
Diff.	3

X^0	2	95	84
X^1	2	73	62
X^2	2	54	43
X^3	4	38	31
X^4	2	18	11
X^5	7	7	7
X^6	7	7	7
X^7	0	0	0
Diff.	27

X^0	8	73	73
X^1	3	45	45
X^2	2	42	41
X^3	0	20	18
X^4	0	17	17
X^5	0	1	1
X^6	0	0	0
X^7	0	0	0
Diff.	2

X^0	3	41	38
X^1	3	32	29
X^2	4	33	30
X^3	6	24	21
X^4	3	8	3
X^5	3	3	3
X^6	0	0	0
X^7	4	4	4
Diff.	7

X^0	4	45	42
X^1	3	39	35
X^2	3	31	22
X^3	2	26	19
X^4	2	26	19
X^5	2	2	2
X^6	2	2	2
X^7	0	0	0
Diff.	15

X^0	2	14	13
X^1	7	13	11
X^2	1	5	4
X^3	1	1	1
X^4	3	3	3
X^5	1	1	1
X^6	1	1	1
X^7	4	4	4
Diff.	3

X^0	5	61	59
X^1	2	39	37
X^2	2	27	24
X^3	2	12	10
X^4	1	11	11
X^5	2	2	2
X^6	0	0	0
X^7	1	1	1
Diff.	2

X^0	4	99	97
X^1	1	79	77
X^2	2	72	71
X^3	1	6	5
X^4	1	1	1
X^5	1	1	1
X^6	1	1	1
X^7	0	0	0
Diff.	1

X^0	1	107	105
X^1	1	92	92
X^2	1	52	49
X^3	1	46	42
X^4	1	43	38
X^5	1	1	1
X^6	0	0	0
X^7	1	1	1
Diff.	11

X^0	1	23	21
X^1	2	22	21
X^2	1	22	21
X^3	2	14	13
X^4	1	9	8
X^5	1	1	1
X^6	0	0	0
X^7	1	1	1
Diff.	7

X^0	3	28	24
X^1	3	19	10
X^2	4	19	16
X^3	3	10	7
X^4	3	8	3
X^5	3	3	3
X^6	1	1	1
X^7	3	3	3
Diff.	17

X^0	0	98	98
X^1	0	81	78
X^2	1	42	41
X^3	8	45	45
X^4	6	38	37
X^5	0	0	0
X^6	0	0	0
X^7	2	2	2
Diff.	3

X^0	2	10	9
X^1	2	9	6
X^2	1	5	3
X^3	1	2	1
X^4	1	1	1
X^5	1	1	1
X^6	1	1	1
X^7	0	0	0
Diff.	3

X^0	3	44	38
X^1	3	31	31
X^2	3	27	27
X^3	1	14	13
X^4	1	9	7
X^5	0	0	0
X^6	0	0	0
X^7	0	0	0
Diff.	10

X^0	1	719	717
X^1	2	715	713
X^2	2	698	694
X^3	2	237	235
X^4	2	338	335
X^5	2	9	7
X^6	2	2	2
X^7	2	2	2
Diff.	389

X^0	2	5	4
X^1	1	4	3
X^2	2	4	2
X^3	1	2	1
X^4	2	2	2
X^5	2	2	2
X^6	0	0	0
X^7	1	1	1
Diff.	4

X^0	1	62	58
X^1	1	56	55
X^2	1	38	37
X^3	1	15	12
X^4	1	1	1
X^5	1	1	1
X^6	1	1	1
X^7	0	0	0
Diff.	9

X^0	3	54	52
X^1	3	54	50
X^2	3	41	37
X^3	3	27	23
X^4	3	14	11
X^5	1	2	1
X^6	1	1	1
X^7	0	0	0
Diff.	9

X^0	5	307	301
X^1	6	198	194
X^2	5	193	187
X^3	4	84	77
X^4	4	97	92
X^5	4	4	4
X^6	4	4	4
X^7	1	1	1
Diff.	15

X^0	2	117	116
X^1	2	116	107
X^2	5	72	64
X^3	2	33	32
X^4	1	8	7
X^5	1	1	1
X^6	1	24	23
X^7	0	0	0
Diff.	33

X^0	4	24	19
X^1	1	18	18
X^2	4	16	14
X^3	1	8	8
X^4	1	4	4
X^5	0	0	0
X^6	0	0	0
X^7	0	0	0
Diff.	6

X^0	4	52	43
X^1	4	52	43
X^2	3	43	38
X^3	4	33	30
X^4	3	22	21
X^5	1	13	12
X^6	1	3	2
X^7	1	1	1
Diff.	13

X^0	2	205	201
X^1	2	140	139
X^2	1	126	125
X^3	3	69	67
X^4	1	57	56
X^5	1	1	1
X^6	1	1	1
X^7	1	1	1
Diff.	17

X^0	8	71	71
X^1	8	53	48
X^2	8	44	44
X^3	8	23	20
X^4	8	21	21
X^5	2	2	2
X^6	0	0	0
X^7	2	2	2
Diff.	24

X^0	3	236	234
X^1	4	186	183
X^2	4	134	132
X^3	1	82	81
X^4	1	55	43
X^5	1	50	47
X^6	1	41	38
X^7	0	0	0
Diff.	8

X^0	4	451	446
X^1	6	361	356
X^2	4	264	260
X^3	4	181	179
X^4	4	93	89
X^5	3	3	3
X^6	1	1	1
X^7	1	1	1
Diff.	12

X^0	3	51	47
X^1	1	47	41
X^2	3	49	42
X^3	1	30	26
X^4	0	22	17
X^5	0	0	0
X^6	3	3	3
X^7	2	2	2
Diff.	0

X^0	4	77	73
X^1	4	77	73
X^2	4	72	69
X^3	3	19	13
X^4	1	17	15
X^5	4	4	4
X^6	1	1	1
X^7	5	5	5
Diff.	10

X^0	1	63	56
X^1	2	45	37
X^2	1	32	30
X^3	1	28	26
X^4	3	19	17
X^5	3	19	17
X^6	1	14	12
X^7	1	1	1
Diff.	7

X^0	2	368	365
X^1	2	344	340
X^2	3	330	329
X^3	1	171	167
X^4	3	163	161
X^5	1	11	6
X^6	1	1	1
X^7	2	2	2
Diff.	0

X^0	3	44	41
X^1	5	45	41
X^2	3	20	17
X^3	3	5	3
X^4	3	3	3
X^5	3	3	3
X^6	1	1	1
X^7	1	1	1
Diff.	18

X^0	3	14	12
X^1	6	12	11
X^2	3	4	3
X^3	6	6	6
X^4	5	5	5
X^5	1	1	1
X^6	1	1	1
X^7	1	1	1
Diff.	7

X^0	1	233	229
X^1	1	195	187
X^2	0	193	188
X^3	1	98	94
X^4	2	99	95
X^5	4	4	4
X^6	4	4	4
X^7	0	0	0
Diff.	9

X^0	3	30	28
X^1	4	34	30
X^2	6	29	29
X^3	4	17	9
X^4	3	13	13
X^5	4	4	4
X^6	0	0	0
X^7	4	4	4
Diff.	21

X^0	3	18	15
X^1	9	21	20
X^2	2	9	6
X^3	2	8	2
X^4	3	8	6
X^5	2	2	2
X^6	1	1	1
X^7	2	2	2
Diff.	9

X^0	2	81	80
X^1	2	78	76
X^2	4	77	76
X^3	3	39	38
X^4	1	37	35
X^5	3	3	3
X^6	1	1	1
X^7	3	3	3
Diff.	5

X^0	4	26	21
X^1	4	25	20
X^2	4	25	20
X^3	4	19	15
X^4	4	15	11
X^5	4	13	5
X^6	4	8	4
X^7	4	4	4
Diff.	23

X^0	2	138	137
X^1	1	107	105
X^2	4	85	84
X^3	1	54	49
X^4	1	25	25
X^5	3	3	3
X^6	0	0	0
X^7	0	0	0
Diff.	3

X^0	2	209	208
X^1	1	197	196
X^2	2	197	196
X^3	1	97	95
X^4	1	96	96
X^5	1	1	1
X^6	0	0	0
X^7	0	0	0
Diff.	4

X^0	8	53	44
X^1	8	40	32
X^2	8	38	30
X^3	8	21	13
X^4	8	8	8
X^5	8	8	8
X^6	8	8	8
X^7	0	0	0
Diff.	35

X^0	4	16	12
X^1	4	10	5
X^2	4	10	6
X^3	4	4	4
X^4	4	4	4
X^5	4	4	4
X^6	4	4	4
X^7	1	1	1
Diff.	16

X^0	3	139	131
X^1	3	130	130
X^2	3	117	117
X^3	3	60	59
X^4	2	57	56
X^5	1	1	1
X^6	0	0	0
X^7	1	1	1
Diff.	16

X^0	2	25	21
X^1	5	28	26
X^2	3	15	11
X^3	2	13	10
X^4	2	13	10
X^5	2	2	2
X^6	2	2	2
X^7	0	0	0
Diff.	3

X^0	2	18	16
X^1	1	16	15
X^2	1	18	17
X^3	1	3	2
X^4	2	9	8
X^5	1	1	1
X^6	1	1	1
X^7	1	1	1
Diff.	3

X^0	1	384	383
X^1	1	373	372
X^2	2	374	373
X^3	0	179	178
X^4	1	179	178
X^5	0	0	0
X^6	1	1	1
X^7	0	0	0
Diff.	2

X^0	3	224	221
X^1	3	175	173
X^2	3	135	132
X^3	3	81	74
X^4	2	56	54
X^5	2	2	2
X^6	2	2	2
X^7	2	2	2
Diff.	53

X^0	2	572	565
X^1	2	568	565
X^2	0	287	282
X^3	6	287	286
X^4	0	4	1
X^5	2	2	2
X^6	0	0	0
X^7	2	2	2
Diff.	51

X^0	3	28	27
X^1	1	23	23
X^2	2	23	23
X^3	0	2	0
X^4	0	0	0
X^5	0	0	0
X^6	1	1	1
X^7	0	0	0
Diff.	1

X^0	3	381	378
X^1	2	257	254
X^2	11	238	235
X^3	6	114	109
X^4	6	112	107
X^5	2	2	2
X^6	2	2	2
X^7	5	5	5
Diff.	11

X^0	2	12	10
X^1	6	12	10
X^2	2	5	2
X^3	2	3	2
X^4	2	2	2
X^5	2	2	2
X^6	2	2	2
X^7	1	1	1
Diff.	6

X^0	2	7	3
X^1	2	6	4
X^2	2	6	3
X^3	2	2	2
X^4	2	2	2
X^5	2	2	2
X^6	1	1	1
X^7	2	2	2
Diff.	5

X^0	2	124	120
X^1	1	119	116
X^2	2	119	115
X^3	5	61	60
X^4	1	58	56
X^5	1	1	1
X^6	1	1	1
X^7	3	3	3
Diff.	4

X^0	1	4	3
X^1	6	9	8
X^2	2	2	2
X^3	1	1	1
X^4	3	3	3
X^5	1	1	1
X^6	0	0	0
X^7	2	2	2
Diff.	10

X^0	3	123	123
X^1	1	100	100
X^2	1	79	79
X^3	1	59	55
X^4	1	41	39
X^5	3	33	30
X^6	3	22	22
X^7	0	0	0
Diff.	3

X^0	1	131	128
X^1	0	120	113
X^2	0	64	61
X^3	0	54	51
X^4	4	61	55
X^5	0	0	0
X^6	3	3	3
X^7	6	6	6
Diff.	0

X^0	10	209	209
X^1	10	205	201
X^2	10	205	204
X^3	10	81	81
X^4	10	79	78
X^5	0	0	0
X^6	0	0	0
X^7	3	3	3
Diff.	32

X^0	2	232	232
X^1	2	142	138
X^2	2	142	139
X^3	2	66	66
X^4	2	66	63
X^5	0	0	0
X^6	0	0	0
X^7	0	0	0
Diff.	22

X^0	2	8	4
X^1	2	3	2
X^2	2	5	2
X^3	2	3	2
X^4	2	2	2
X^5	1	2	1
X^6	1	1	1
X^7	3	3	3
Diff.	4

X^0	3	146	145
X^1	6	107	106
X^2	6	96	93
X^3	2	50	49
X^4	1	36	34
X^5	0	0	0
X^6	1	1	1
X^7	1	1	1
Diff.	3

X^0	5	132	130
X^1	1	127	126
X^2	1	90	89
X^3	5	61	58
X^4	1	33	27
X^5	1	25	19
X^6	1	33	27
X^7	1	1	1
Diff.	5

X^0	2	78	77
X^1	1	81	80
X^2	1	71	70
X^3	1	41	40
X^4	1	30	29
X^5	1	1	1
X^6	1	1	1
X^7	1	1	1
Diff.	14

X^0	3	46	44
X^1	3	32	31
X^2	1	24	21
X^3	2	25	22
X^4	3	27	24
X^5	1	17	16
X^6	2	12	10
X^7	0	0	0
Diff.	3

X^0	2	52	52
X^1	1	42	42
X^2	1	42	42
X^3	1	19	18
X^4	2	15	14
X^5	0	0	0
X^6	0	0	0
X^7	0	0	0
Diff.	0

X^0	4	39	36
X^1	5	40	38
X^2	2	35	33
X^3	2	21	18
X^4	2	16	13
X^5	2	3	2
X^6	2	2	2
X^7	0	0	0
Diff.	3

X^0	1	19	18
X^1	3	10	8
X^2	3	10	8
X^3	4	4	4
X^4	1	1	1
X^5	1	1	1
X^6	2	2	2
X^7	0	0	0
Diff.	0

X^0	3	9	6
X^1	3	7	3
X^2	3	3	3
X^3	3	3	3
X^4	3	3	3
X^5	4	4	4
X^6	4	5	5
X^7	0	0	0
Diff.	10

X^0	8	50	42
X^1	8	36	34
X^2	9	27	23
X^3	5	21	19
X^4	5	21	19
X^5	1	1	1
X^6	1	1	1
X^7	0	0	0
Diff.	32

X^0	2	7	6
X^1	1	6	6
X^2	1	6	6
X^3	1	2	2
X^4	1	2	2
X^5	0	0	0
X^6	0	0	0
X^7	0	0	0
Diff.	4

X^0	1	47	46
X^1	1	23	21
X^2	1	20	19
X^3	2	11	6
X^4	1	3	1
X^5	1	1	1
X^6	1	1	1
X^7	0	0	0
Diff.	9

X^0	1	62	61
X^1	2	50	49
X^2	1	37	36
X^3	2	26	25
X^4	1	12	10
X^5	1	1	1
X^6	1	1	1
X^7	2	2	2
Diff.	3

X^0	3	57	56
X^1	3	37	35
X^2	3	37	37
X^3	3	17	16
X^4	1	12	11
X^5	0	0	0
X^6	0	0	0
X^7	1	1	1
Diff.	5

X^0	2	31	26
X^1	2	23	23
X^2	2	23	23
X^3	1	16	13
X^4	0	8	4
X^5	0	0	0
X^6	2	2	2
X^7	1	1	1
Diff.	1

X^0	4	381	380
X^1	4	374	372
X^2	4	377	375
X^3	4	188	183
X^4	3	202	201
X^5	1	10	1
X^6	1	1	1
X^7	0	0	0
Diff.	9

X^0	1	136	130
X^1	0	122	117
X^2	3	72	72
X^3	1	65	61
X^4	1	52	47
X^5	0	0	0
X^6	4	4	4
X^7	3	3	3
Diff.	2

X^0	4	42	36
X^1	4	42	33
X^2	4	22	17
X^3	1	19	14
X^4	2	2	2
X^5	11	11	11
X^6	5	5	5
X^7	1	1	1
Diff.	9

X^0	3	309	305
X^1	3	287	283
X^2	3	150	147
X^3	3	112	109
X^4	3	3	3
X^5	3	3	3
X^6	3	3	3
X^7	2	2	2
Diff.	15

X^0	2	98	94
X^1	1	78	77
X^2	1	72	72
X^3	1	21	20
X^4	1	6	4
X^5	0	0	0
X^6	1	1	1
X^7	4	4	4
Diff.	0

X^0	4	192	191
X^1	5	136	132
X^2	1	119	118
X^3	1	64	62
X^4	3	60	57
X^5	1	9	7
X^6	1	1	1
X^7	2	2	2
Diff.	3

X^0	3	19	15
X^1	6	16	15
X^2	4	17	13
X^3	6	7	6
X^4	1	7	5
X^5	0	0	0
X^6	1	1	1
X^7	2	2	2
Diff.	7

X^0	3	106	101
X^1	3	86	83
X^2	3	41	37
X^3	3	28	25
X^4	3	28	25
X^5	6	9	6
X^6	3	3	3
X^7	0	0	0
Diff.	12

X^0	5	665	665
X^1	1	653	653
X^2	2	655	655
X^3	1	521	521
X^4	1	387	385
X^5	0	266	263
X^6	1	137	135
X^7	0	0	0
Diff.	2

X^0	3	163	159
X^1	3	162	155
X^2	3	95	92
X^3	3	83	80
X^4	4	16	12
X^5	3	5	3
X^6	3	3	3
X^7	0	0	0
Diff.	8

X^0	3	75	75
X^1	3	52	48
X^2	3	44	43
X^3	3	21	21
X^4	3	21	21
X^5	0	0	0
X^6	0	0	0
X^7	1	1	1
Diff.	11

X^0	2	24	21
X^1	1	20	19
X^2	3	20	19
X^3	0	12	9
X^4	2	8	7
X^5	3	4	3
X^6	0	0	0
X^7	1	1	1
Diff.	4

X^0	4	831	800
X^1	4	538	534
X^2	1	541	539
X^3	1	258	256
X^4	0	257	255
X^5	1	1	1
X^6	0	0	0
X^7	4	4	4
Diff.	33

X^0	1	18	15
X^1	1	17	11
X^2	3	16	14
X^3	4	9	8
X^4	1	1	1
X^5	1	1	1
X^6	1	1	1
X^7	0	0	0
Diff.	2

X^0	4	13	5
X^1	4	10	4
X^2	4	4	4
X^3	4	4	4
X^4	2	2	2
X^5	5	5	5
X^6	3	3	3
X^7	1	1	1
Diff.	10

X^0	1	33	31
X^1	1	33	30
X^2	4	31	29
X^3	1	15	13
X^4	1	10	6
X^5	1	1	1
X^6	1	1	1
X^7	0	0	0
Diff.	4

X^0	3	35	35
X^1	3	27	27
X^2	4	21	21
X^3	2	13	13
X^4	2	2	2
X^5	2	2	2
X^6	3	3	3
X^7	0	0	0
Diff.	17

X^0	10	94	87
X^1	3	68	65
X^2	1	51	48
X^3	1	43	40
X^4	1	45	42
X^5	1	35	34
X^6	1	22	15
X^7	1	1	1
Diff.	8

X^0	2	20	14
X^1	2	13	12
X^2	2	7	6
X^3	3	4	3
X^4	0	1	0
X^5	1	1	1
X^6	1	1	1
X^7	0	0	0
Diff.	5

X^0	3	66	65
X^1	4	57	55
X^2	2	31	25
X^3	1	6	3
X^4	1	1	1
X^5	1	1	1
X^6	1	1	1
X^7	8	8	8
Diff.	4

X^0	3	44	41
X^1	3	28	22
X^2	3	25	25
X^3	3	22	22
X^4	3	13	9
X^5	3	4	4
X^6	3	3	3
X^7	0	0	0
Diff.	12

X^0	1	86	85
X^1	2	80	78
X^2	1	74	73
X^3	2	37	37
X^4	1	36	36
X^5	2	2	2
X^6	0	0	0
X^7	2	2	2
Diff.	16

X^0	2	8	8
X^1	1	5	4
X^2	2	6	6
X^3	0	3	3
X^4	1	3	3
X^5	0	1	1
X^6	0	1	1
X^7	0	0	0
Diff.	1

X^0	1	120	118
X^1	1	102	92
X^2	1	73	69
X^3	2	47	42
X^4	0	19	17
X^5	1	1	1
X^6	1	1	1
X^7	0	0	0
Diff.	6

X^0	4	750	750
X^1	1	749	749
X^2	1	622	620
X^3	4	500	500
X^4	3	375	374
X^5	1	249	249
X^6	1	127	127
X^7	0	0	0
Diff.	1

X^0	4	93	88
X^1	3	89	86
X^2	3	49	46
X^3	3	44	40
X^4	3	43	40
X^5	3	3	3
X^6	3	3	3
X^7	2	2	2
Diff.	11

X^0	3	58	58
X^1	3	45	45
X^2	3	44	44
X^3	1	33	33
X^4	0	21	21
X^5	0	12	12
X^6	0	9	6
X^7	0	0	0
Diff.	5

X^0	2	8	5
X^1	5	11	5
X^2	1	6	1
X^3	2	2	2
X^4	2	2	2
X^5	2	2	2
X^6	0	0	0
X^7	0	0	0
Diff.	6

X^0	3	34	30
X^1	3	28	20
X^2	2	25	21
X^3	4	11	8
X^4	2	11	8
X^5	2	2	2
X^6	3	3	3
X^7	1	1	1
Diff.	6

X^0	2	17	14
X^1	1	15	10
X^2	5	19	16
X^3	1	6	5
X^4	1	2	1
X^5	1	1	1
X^6	1	1	1
X^7	1	1	1
Diff.	3

X^0	4	37	34
X^1	4	34	28
X^2	4	36	30
X^3	3	30	27
X^4	3	20	15
X^5	4	18	15
X^6	3	13	9
X^7	3	3	3
Diff.	14

X^0	2	85	83
X^1	2	58	55
X^2	2	55	53
X^3	2	29	27
X^4	2	28	26
X^5	2	2	2
X^6	2	2	2
X^7	0	0	0
Diff.	5

X^0	1	21	20
X^1	1	18	17
X^2	2	19	17
X^3	1	9	8
X^4	1	7	6
X^5	1	1	1
X^6	1	1	1
X^7	1	1	1
Diff.	7

X^0	9	115	103
X^1	9	93	78
X^2	9	69	60
X^3	9	45	34
X^4	9	28	17
X^5	9	9	9
X^6	9	9	9
X^7	9	9	9
Diff.	63

X^0	6	37	36
X^1	8	32	31
X^2	3	19	18
X^3	2	19	18
X^4	1	13	5
X^5	1	11	10
X^6	2	7	6
X^7	1	1	1
Diff.	11

X^0	0	353	351
X^1	0	310	309
X^2	0	176	174
X^3	0	136	135
X^4	1	106	105
X^5	1	1	1
X^6	1	1	1
X^7	0	0	0
Diff.	40

X^0	5	268	265
X^1	4	265	263
X^2	1	264	262
X^3	3	209	205
X^4	1	148	146
X^5	1	102	101
X^6	1	60	59
X^7	1	1	1
Diff.	0

X^0	6	141	140
X^1	6	95	94
X^2	6	90	90
X^3	7	47	45
X^4	6	45	45
X^5	1	1	1
X^6	0	0	0
X^7	2	2	2
Diff.	22

X^0	2	80	78
X^1	2	74	72
X^2	2	61	59
X^3	2	34	29
X^4	2	26	24
X^5	2	2	2
X^6	2	2	2
X^7	0	0	0
Diff.	6

X^0	1	17	13
X^1	1	15	13
X^2	1	8	4
X^3	1	6	3
X^4	1	1	1
X^5	1	1	1
X^6	3	3	3
X^7	0	0	0
Diff.	4

X^0	5	52	48
X^1	1	48	46
X^2	1	34	33
X^3	1	21	21
X^4	1	24	24
X^5	0	0	0
X^6	0	0	0
X^7	0	0	0
Diff.	0

X^0	3	27	24
X^1	3	20	17
X^2	3	17	17
X^3	4	11	10
X^4	3	6	6
X^5	1	1	1
X^6	0	0	0
X^7	0	0	0
Diff.	4

X^0	3	194	189
X^1	3	183	174
X^2	3	176	173
X^3	3	89	85
X^4	3	86	82
X^5	3	3	3
X^6	3	3	3
X^7	2	2	2
Diff.	9

X^0	2	110	105
X^1	0	104	101
X^2	0	55	52
X^3	0	45	42
X^4	0	0	0
X^5	0	0	0
X^6	0	0	0
X^7	3	3	3
Diff.	0

X^0	2	524	524
X^1	1	346	346
X^2	2	343	338
X^3	2	171	170
X^4	2	172	171
X^5	0	0	0
X^6	0	0	0
X^7	0	0	0
Diff.	5

X^0	2	34	32
X^1	2	25	20
X^2	1	17	16
X^3	2	13	12
X^4	1	10	3
X^5	1	9	4
X^6	1	5	1
X^7	0	0	0
Diff.	3

X^0	3	26	26
X^1	2	26	26
X^2	2	19	19
X^3	4	18	18
X^4	1	10	9
X^5	0	2	2
X^6	0	2	2
X^7	0	0	0
Diff.	7

X^0	8	21	18
X^1	4	14	11
X^2	2	11	4
X^3	2	2	2
X^4	1	3	1
X^5	3	3	3
X^6	4	4	4
X^7	0	0	0
Diff.	5

X^0	2	176	172
X^1	2	175	171
X^2	2	92	88
X^3	2	92	90
X^4	2	89	87
X^5	2	2	2
X^6	2	2	2
X^7	1	1	1
Diff.	8

X^0	1	186	183
X^1	1	180	174
X^2	5	177	172
X^3	1	44	40
X^4	4	53	50
X^5	2	2	2
X^6	3	3	3
X^7	2	2	2
Diff.	2

X^0	4	215	213
X^1	3	208	205
X^2	4	110	109
X^3	4	110	110
X^4	0	108	108
X^5	0	3	3
X^6	0	0	0
X^7	0	0	0
Diff.	7

X^0	2	107	106
X^1	2	69	66
X^2	3	67	66
X^3	1	32	30
X^4	1	31	29
X^5	2	2	2
X^6	1	1	1
X^7	0	0	0
Diff.	3

X^0	2	268	267
X^1	2	227	226
X^2	1	187	187
X^3	2	149	149
X^4	1	111	110
X^5	0	72	72
X^6	0	39	39
X^7	0	0	0
Diff.	2

X^0	3	31	27
X^1	3	26	24
X^2	3	17	13
X^3	3	8	4
X^4	3	9	5
X^5	2	2	2
X^6	2	2	2
X^7	6	6	6
Diff.	8

X^0	4	29	27
X^1	4	19	17
X^2	2	13	8
X^3	1	10	9
X^4	0	10	9
X^5	1	1	1
X^6	0	0	0
X^7	1	1	1
Diff.	9

X^0	2	9	9
X^1	2	7	7
X^2	2	6	5
X^3	2	4	2
X^4	1	2	2
X^5	1	1	1
X^6	4	4	4
X^7	0	0	0
Diff.	2

X^0	3	195	192
X^1	5	197	194
X^2	3	156	153
X^3	3	123	112
X^4	3	87	84
X^5	3	54	50
X^6	3	28	25
X^7	3	3	3
Diff.	14

X^0	2	24	24
X^1	2	26	26
X^2	0	19	18
X^3	0	19	16
X^4	3	16	16
X^5	2	11	11
X^6	0	6	6
X^7	0	0	0
Diff.	3

X^0	2	183	182
X^1	2	151	151
X^2	1	120	120
X^3	1	92	92
X^4	1	69	69
X^5	1	43	42
X^6	2	30	29
X^7	0	0	0
Diff.	2

X^0	5	31	30
X^1	3	23	19
X^2	1	21	20
X^3	6	9	6
X^4	2	4	3
X^5	3	3	3
X^6	1	1	1
X^7	2	2	2
Diff.	6

X^0	2	63	62
X^1	2	40	35
X^2	2	31	30
X^3	2	9	7
X^4	2	8	5
X^5	2	2	2
X^6	1	1	1
X^7	2	2	2
Diff.	22

X^0	4	14	13
X^1	4	12	12
X^2	4	10	8
X^3	3	9	7
X^4	4	6	6
X^5	4	4	4
X^6	0	0	0
X^7	2	2	2
Diff.	9

X^0	2	8	5
X^1	1	6	5
X^2	4	8	7
X^3	3	4	3
X^4	14	14	14
X^5	1	1	1
X^6	0	0	0
X^7	0	0	0
Diff.	2

X^0	2	93	92
X^1	2	61	55
X^2	2	29	25
X^3	2	44	43
X^4	2	22	20
X^5	2	35	34
X^6	1	27	25
X^7	0	0	0
Diff.	12

X^0	0	7	5
X^1	0	7	4
X^2	0	1	0
X^3	1	1	1
X^4	0	0	0
X^5	0	0	0
X^6	0	0	0
X^7	0	0	0
Diff.	1

X^0	6	96	91
X^1	4	59	52
X^2	4	43	38
X^3	4	15	10
X^4	4	9	5
X^5	5	5	5
X^6	4	4	4
X^7	1	1	1
Diff.	11

X^0	3	122	118
X^1	3	120	119
X^2	3	109	109
X^3	1	55	54
X^4	2	54	53
X^5	1	1	1
X^6	0	0	0
X^7	0	0	0
Diff.	8

X^0	4	35	30
X^1	4	28	25
X^2	3	27	22
X^3	3	11	7
X^4	3	13	10
X^5	3	3	3
X^6	3	3	3
X^7	0	0	0
Diff.	11

X^0	3	105	105
X^1	3	99	97
X^2	3	64	64
X^3	3	36	33
X^4	3	37	35
X^5	3	19	19
X^6	3	19	19
X^7	0	0	0
Diff.	26

X^0	4	33	32
X^1	5	20	18
X^2	1	17	13
X^3	3	4	3
X^4	1	4	2
X^5	1	1	1
X^6	1	1	1
X^7	1	1	1
Diff.	9

X^0	3	230	227
X^1	5	227	224
X^2	1	215	215
X^3	2	110	106
X^4	2	102	101
X^5	0	3	1
X^6	0	0	0
X^7	2	2	2
Diff.	2

X^0	5	684	682
X^1	3	446	442
X^2	1	448	445
X^3	2	222	221
X^4	1	224	223
X^5	1	3	1
X^6	1	1	1
X^7	0	0	0
Diff.	5

X^0	4	43	42
X^1	2	27	25
X^2	2	26	25
X^3	2	12	11
X^4	1	12	10
X^5	1	1	1
X^6	1	1	1
X^7	1	1	1
Diff.	5

X^0	8	57	49
X^1	8	44	36
X^2	8	32	24
X^3	8	25	17
X^4	8	20	12
X^5	8	8	8
X^6	8	8	8
X^7	1	1	1
Diff.	40

X^0	6	192	179
X^1	6	166	166
X^2	2	135	135
X^3	2	74	74
X^4	2	51	51
X^5	0	0	0
X^6	0	0	0
X^7	0	0	0
Diff.	26

X^0	4	170	167
X^1	2	140	138
X^2	2	100	99
X^3	2	62	60
X^4	2	19	19
X^5	2	2	2
X^6	0	0	0
X^7	3	3	3
Diff.	4

X^0	2	116	114
X^1	2	86	84
X^2	2	90	88
X^3	3	96	94
X^4	2	61	57
X^5	2	31	29
X^6	1	31	28
X^7	2	2	2
Diff.	14

X^0	4	43	42
X^1	3	33	31
X^2	0	20	20
X^3	0	20	15
X^4	0	17	16
X^5	0	0	0
X^6	0	0	0
X^7	0	0	0
Diff.	4

X^0	2	10	6
X^1	1	11	5
X^2	2	9	7
X^3	2	4	3
X^4	2	2	2
X^5	2	2	2
X^6	1	1	1
X^7	0	0	0
Diff.	7

X^0	2	294	293
X^1	1	194	193
X^2	1	192	191
X^3	1	96	93
X^4	1	96	95
X^5	1	1	1
X^6	1	1	1
X^7	1	1	1
Diff.	4

X^0	2	302	296
X^1	2	277	277
X^2	2	281	281
X^3	1	223	223
X^4	1	165	165
X^5	1	108	106
X^6	1	53	50
X^7	0	0	0
Diff.	6

X^0	2	617	616
X^1	2	613	609
X^2	1	607	606
X^3	1	305	302
X^4	1	303	295
X^5	3	3	3
X^6	0	0	0
X^7	1	1	1
Diff.	3

X^0	0	70	65
X^1	1	70	69
X^2	0	50	48
X^3	2	36	36
X^4	0	19	18
X^5	0	0	0
X^6	0	0	0
X^7	0	0	0
Diff.	18

X^0	2	13	10
X^1	5	8	5
X^2	3	6	3
X^3	2	2	2
X^4	2	2	2
X^5	3	3	3
X^6	3	3	3
X^7	1	1	1
Diff.	5

X^0	2	767	766
X^1	1	759	758
X^2	1	759	758
X^3	1	378	371
X^4	1	377	374
X^5	1	1	1
X^6	1	1	1
X^7	1	1	1
Diff.	344

X^0	1	465	461
X^1	1	391	386
X^2	1	294	293
X^3	1	198	197
X^4	1	105	101
X^5	2	94	93
X^6	1	97	96
X^7	1	1	1
Diff.	3

X^0	6	75	68
X^1	6	64	62
X^2	8	57	54
X^3	6	29	25
X^4	6	20	17
X^5	6	6	6
X^6	1	1	1
X^7	6	6	6
Diff.	20

X^0	3	273	269
X^1	3	246	241
X^2	3	138	134
X^3	2	112	108
X^4	1	27	22
X^5	4	4	4
X^6	4	4	4
X^7	0	0	0
Diff.	34

X^0	7	55	53
X^1	2	33	32
X^2	1	29	28
X^3	1	15	13
X^4	1	18	17
X^5	2	2	2
X^6	1	1	1
X^7	2	2	2
Diff.	7

X^0	2	97	93
X^1	2	82	78
X^2	2	59	54
X^3	2	48	44
X^4	2	2	2
X^5	2	2	2
X^6	4	4	4
X^7	2	2	2
Diff.	7

X^0	4	16	8
X^1	2	12	10
X^2	4	10	5
X^3	4	6	4
X^4	1	1	1
X^5	1	1	1
X^6	2	2	2
X^7	7	7	7
Diff.	6

X^0	2	19	17
X^1	3	13	13
X^2	3	9	8
X^3	1	10	9
X^4	2	6	6
X^5	0	1	1
X^6	0	1	0
X^7	0	0	0
Diff.	6

X^0	5	61	58
X^1	5	61	53
X^2	5	35	25
X^3	3	33	29
X^4	6	32	29
X^5	4	4	4
X^6	3	3	3
X^7	0	0	0
Diff.	14

X^0	1	28	27
X^1	1	12	11
X^2	4	11	10
X^3	2	2	2
X^4	1	8	8
X^5	1	1	1
X^6	0	0	0
X^7	0	0	0
Diff.	2

X^0	6	142	138
X^1	7	136	132
X^2	8	128	127
X^3	6	68	65
X^4	2	2	2
X^5	1	1	1
X^6	3	3	3
X^7	1	1	1
Diff.	16

X^0	3	59	56
X^1	3	43	39
X^2	3	29	25
X^3	3	17	14
X^4	3	7	4
X^5	3	3	3
X^6	3	3	3
X^7	1	1	1
Diff.	18

X^0	2	7	6
X^1	2	5	2
X^2	1	3	1
X^3	1	1	1
X^4	4	4	4
X^5	2	2	2
X^6	1	1	1
X^7	2	2	2
Diff.	3

X^0	10	26	24
X^1	1	11	9
X^2	1	7	5
X^3	2	12	10
X^4	1	6	5
X^5	1	1	1
X^6	1	1	1
X^7	0	0	0
Diff.	3

X^0	2	53	48
X^1	2	43	41
X^2	3	30	30
X^3	1	14	12
X^4	2	2	2
X^5	1	1	1
X^6	0	8	7
X^7	0	0	0
Diff.	1

X^0	4	101	97
X^1	4	87	85
X^2	4	58	44
X^3	4	52	48
X^4	4	47	43
X^5	4	4	4
X^6	1	1	1
X^7	4	4	4
Diff.	34

X^0	3	24	20
X^1	2	15	13
X^2	2	13	11
X^3	2	4	2
X^4	2	3	2
X^5	2	2	2
X^6	3	3	3
X^7	1	1	1
Diff.	6

X^0	1	72	69
X^1	1	64	60
X^2	2	68	62
X^3	1	28	27
X^4	1	26	25
X^5	1	1	1
X^6	1	1	1
X^7	1	1	1
Diff.	2

X^0	4	156	153
X^1	4	96	94
X^2	4	95	93
X^3	2	38	36
X^4	2	43	41
X^5	2	2	2
X^6	2	2	2
X^7	1	1	1
Diff.	14

X^0	4	44	38
X^1	3	42	36
X^2	2	32	32
X^3	3	18	12
X^4	1	9	8
X^5	4	4	4
X^6	0	0	0
X^7	1	1	1
Diff.	4

X^0	1	1089	800
X^1	4	726	718
X^2	4	726	719
X^3	4	365	361
X^4	4	364	360
X^5	4	4	4
X^6	4	4	4
X^7	2	2	2
Diff.	299

X^0	2	47	47
X^1	3	41	41
X^2	1	32	31
X^3	1	25	25
X^4	3	21	21
X^5	1	12	11
X^6	2	7	7
X^7	0	0	0
Diff.	8

X^0	4	22	16
X^1	2	17	12
X^2	2	10	8
X^3	2	9	7
X^4	1	1	1
X^5	2	2	2
X^6	1	1	1
X^7	0	0	0
Diff.	0

X^0	2	65	63
X^1	2	37	35
X^2	2	33	33
X^3	2	6	4
X^4	2	16	16
X^5	2	2	2
X^6	0	0	0
X^7	1	1	1
Diff.	6

X^0	2	67	65
X^1	0	58	57
X^2	2	53	50
X^3	1	28	27
X^4	0	25	24
X^5	1	1	1
X^6	1	1	1
X^7	1	1	1
Diff.	2

X^0	2	18	14
X^1	4	10	4
X^2	4	7	4
X^3	3	7	3
X^4	4	6	4
X^5	2	2	2
X^6	4	4	4
X^7	0	0	0
Diff.	14

X^0	2	683	679
X^1	2	437	433
X^2	2	418	412
X^3	2	175	171
X^4	4	171	167
X^5	2	2	2
X^6	4	4	4
X^7	4	4	4
Diff.	10

X^0	2	220	218
X^1	2	220	217
X^2	3	219	218
X^3	1	109	107
X^4	1	109	107
X^5	1	1	1
X^6	1	1	1
X^7	1	1	1
Diff.	5

X^0	2	30	27
X^1	2	27	25
X^2	0	25	24
X^3	4	16	15
X^4	0	12	10
X^5	2	2	2
X^6	1	1	1
X^7	2	2	2
Diff.	4

X^0	4	23	20
X^1	4	25	22
X^2	4	22	20
X^3	4	16	15
X^4	5	16	15
X^5	4	7	6
X^6	5	8	7
X^7	1	1	1
Diff.	15

X^0	3	163	159
X^1	3	108	103
X^2	3	107	104
X^3	3	54	51
X^4	3	54	51
X^5	3	3	3
X^6	3	3	3
X^7	1	1	1
Diff.	16

X^0	5	227	225
X^1	2	145	143
X^2	2	133	128
X^3	2	60	57
X^4	2	60	55
X^5	2	2	2
X^6	2	2	2
X^7	0	0	0
Diff.	12

X^0	2	69	63
X^1	2	50	43
X^2	3	42	37
X^3	6	41	35
X^4	2	40	35
X^5	1	27	26
X^6	1	19	18
X^7	0	0	0
Diff.	2

X^0	2	85	84
X^1	3	74	69
X^2	4	47	46
X^3	1	38	37
X^4	1	39	38
X^5	1	1	1
X^6	1	1	1
X^7	0	0	0
Diff.	5

X^0	2	100	99
X^1	4	82	82
X^2	4	65	63
X^3	1	53	52
X^4	3	39	39
X^5	0	26	26
X^6	1	18	18
X^7	0	0	0
Diff.	4

X^0	3	240	236
X^1	3	187	183
X^2	2	145	136
X^3	2	92	88
X^4	1	40	38
X^5	4	4	4
X^6	2	2	2
X^7	0	0	0
Diff.	4

X^0	3	977	800
X^1	3	705	702
X^2	3	624	623
X^3	3	351	345
X^4	3	274	273
X^5	3	3	3
X^6	1	1	1
X^7	0	0	0
Diff.	189

X^0	3	42	42
X^1	5	32	24
X^2	3	26	26
X^3	3	15	11
X^4	2	12	11
X^5	3	3	3
X^6	0	0	0
X^7	2	2	2
Diff.	9

X^0	1	64	62
X^1	1	50	46
X^2	1	33	31
X^3	1	21	19
X^4	1	8	7
X^5	2	6	3
X^6	1	1	1
X^7	1	1	1
Diff.	3

X^0	1	14	11
X^1	4	11	6
X^2	3	5	3
X^3	4	9	6
X^4	3	9	6
X^5	3	8	5
X^6	3	6	3
X^7	3	3	3
Diff.	8

X^0	3	44	44
X^1	3	47	44
X^2	1	41	41
X^3	1	22	21
X^4	1	21	19
X^5	1	1	1
X^6	0	0	0
X^7	1	1	1
Diff.	12

X^0	3	279	274
X^1	3	279	274
X^2	3	266	263
X^3	3	140	136
X^4	3	132	125
X^5	3	3	3
X^6	3	3	3
X^7	0	0	0
Diff.	18

X^0	5	146	146
X^1	1	67	65
X^2	1	63	61
X^3	1	15	13
X^4	1	18	18
X^5	2	2	2
X^6	0	0	0
X^7	1	1	1
Diff.	1

X^0	3	143	142
X^1	3	120	120
X^2	2	99	98
X^3	4	80	80
X^4	3	55	55
X^5	0	34	34
X^6	2	20	18
X^7	0	0	0
Diff.	9

X^0	5	62	57
X^1	5	33	27
X^2	5	29	25
X^3	5	8	5
X^4	5	9	5
X^5	5	5	5
X^6	4	4	4
X^7	0	0	0
Diff.	18

X^0	8	126	121
X^1	2	89	89
X^2	1	57	56
X^3	2	57	57
X^4	1	37	33
X^5	0	39	39
X^6	0	31	31
X^7	0	0	0
Diff.	1

X^0	4	44	42
X^1	2	28	26
X^2	2	35	33
X^3	2	13	11
X^4	2	17	15
X^5	1	1	1
X^6	2	2	2
X^7	0	0	0
Diff.	14

X^0	3	30	27
X^1	3	31	28
X^2	3	29	26
X^3	3	16	11
X^4	3	15	9
X^5	7	9	7
X^6	3	3	3
X^7	0	0	0
Diff.	10

X^0	1	15	11
X^1	7	12	8
X^2	1	4	2
X^3	5	5	5
X^4	1	1	1
X^5	1	1	1
X^6	3	3	3
X^7	3	3	3
Diff.	8

X^0	4	25	21
X^1	2	18	14
X^2	4	16	11
X^3	3	11	7
X^4	2	8	5
X^5	2	7	5
X^6	2	3	2
X^7	2	2	2
Diff.	9

X^0	3	292	289
X^1	2	274	270
X^2	7	147	142
X^3	3	128	126
X^4	2	61	59
X^5	2	2	2
X^6	2	2	2
X^7	1	1	1
Diff.	6

X^0	4	13	7
X^1	5	9	5
X^2	4	5	4
X^3	1	2	1
X^4	4	4	4
X^5	5	5	5
X^6	0	2	2
X^7	0	0	0
Diff.	16

X^0	5	61	51
X^1	3	37	30
X^2	2	42	37
X^3	3	14	11
X^4	3	3	3
X^5	3	3	3
X^6	0	0	0
X^7	2	2	2
Diff.	6

X^0	1	50	49
X^1	1	39	38
X^2	1	30	29
X^3	1	20	18
X^4	1	16	14
X^5	2	19	17
X^6	0	9	9
X^7	0	0	0
Diff.	1

X^0	4	322	322
X^1	0	227	224
X^2	2	202	200
X^3	0	109	107
X^4	2	87	85
X^5	2	2	2
X^6	0	0	0
X^7	2	2	2
Diff.	2

X^0	2	106	104
X^1	2	104	95
X^2	0	34	32
X^3	0	33	31
X^4	3	36	35
X^5	2	2	2
X^6	0	0	0
X^7	0	0	0
Diff.	0

X^0	3	103	101
X^1	3	95	85
X^2	3	52	49
X^3	3	39	29
X^4	2	2	2
X^5	2	2	2
X^6	2	2	2
X^7	3	3	3
Diff.	15

X^0	5	184	182
X^1	5	125	123
X^2	3	117	115
X^3	3	60	58
X^4	2	56	53
X^5	2	2	2
X^6	2	2	2
X^7	2	2	2
Diff.	15

X^0	4	63	62
X^1	1	52	51
X^2	1	45	44
X^3	1	37	36
X^4	1	37	36
X^5	1	27	26
X^6	1	17	16
X^7	1	1	1
Diff.	4

X^0	4	236	232
X^1	4	189	185
X^2	4	137	132
X^3	4	88	78
X^4	4	41	36
X^5	4	4	4
X^6	4	4	4
X^7	4	4	4
Diff.	24

X^0	2	31	26
X^1	1	29	28
X^2	4	31	28
X^3	1	2	1
X^4	1	2	1
X^5	1	1	1
X^6	1	1	1
X^7	1	1	1
Diff.	11

X^0	1	73	71
X^1	2	64	64
X^2	2	53	49
X^3	0	26	26
X^4	0	23	22
X^5	3	3	3
X^6	0	0	0
X^7	0	0	0
Diff.	0

X^0	2	387	384
X^1	2	386	383
X^2	6	203	197
X^3	3	193	190
X^4	1	189	184
X^5	1	1	1
X^6	2	2	2
X^7	3	3	3
Diff.	6

X^0	0	7	6
X^1	2	7	7
X^2	2	7	7
X^3	1	1	1
X^4	0	1	0
X^5	0	0	0
X^6	0	0	0
X^7	0	0	0
Diff.	0

X^0	5	30	28
X^1	3	17	15
X^2	2	13	11
X^3	2	6	3
X^4	2	10	8
X^5	2	2	2
X^6	2	2	2
X^7	0	0	0
Diff.	14

X^0	3	73	71
X^1	2	67	66
X^2	2	40	39
X^3	1	32	30
X^4	1	34	33
X^5	1	1	1
X^6	1	1	1
X^7	0	0	0
Diff.	7

X^0	3	30	25
X^1	4	23	21
X^2	4	14	12
X^3	2	3	2
X^4	2	2	2
X^5	1	1	1
X^6	1	1	1
X^7	2	2	2
Diff.	1

X^0	3	211	207
X^1	4	209	205
X^2	5	205	203
X^3	2	81	77
X^4	2	79	79
X^5	3	3	3
X^6	0	0	0
X^7	3	3	3
Diff.	10

X^0	3	69	66
X^1	3	50	46
X^2	3	36	32
X^3	3	34	29
X^4	3	35	31
X^5	3	3	3
X^6	3	3	3
X^7	0	0	0
Diff.	12

X^0	3	44	41
X^1	3	27	25
X^2	3	29	26
X^3	4	15	12
X^4	3	14	9
X^5	7	7	7
X^6	2	2	2
X^7	0	0	0
Diff.	4

X^0	3	300	296
X^1	6	290	289
X^2	3	280	279
X^3	3	139	135
X^4	3	132	127
X^5	3	3	3
X^6	1	1	1
X^7	3	3	3
Diff.	24

X^0	4	39	34
X^1	1	25	24
X^2	3	20	14
X^3	2	12	10
X^4	2	5	2
X^5	1	1	1
X^6	1	1	1
X^7	0	0	0
Diff.	2

X^0	3	86	83
X^1	2	73	69
X^2	2	64	60
X^3	2	63	59
X^4	2	49	47
X^5	2	30	28
X^6	1	20	17
X^7	1	1	1
Diff.	5

X^0	2	150	148
X^1	2	143	141
X^2	6	88	77
X^3	2	76	72
X^4	2	76	72
X^5	2	2	2
X^6	2	2	2
X^7	0	0	0
Diff.	20

X^0	1	32	29
X^1	1	21	18
X^2	2	23	20
X^3	2	11	6
X^4	1	1	1
X^5	3	3	3
X^6	1	1	1
X^7	0	0	0
Diff.	2

X^0	1	101	96
X^1	1	96	89
X^2	1	90	85
X^3	1	48	44
X^4	1	46	42
X^5	1	1	1
X^6	4	4	4
X^7	0	0	0
Diff.	3

X^0	1	355	350
X^1	3	331	330
X^2	2	330	329
X^3	2	257	256
X^4	3	184	182
X^5	1	107	106
X^6	1	33	30
X^7	1	1	1
Diff.	2

X^0	1	39	37
X^1	1	33	27
X^2	1	24	22
X^3	1	22	18
X^4	1	22	18
X^5	0	14	14
X^6	1	8	8
X^7	0	0	0
Diff.	6

X^0	5	7	6
X^1	9	11	9
X^2	4	4	4
X^3	1	1	1
X^4	0	0	0
X^5	2	2	2
X^6	1	1	1
X^7	0	0	0
Diff.	5

X^0	2	8	5
X^1	2	5	3
X^2	2	4	2
X^3	2	2	2
X^4	2	3	2
X^5	2	2	2
X^6	0	0	0
X^7	0	0	0
Diff.	7

X^0	2	110	108
X^1	2	108	107
X^2	2	56	53
X^3	5	54	53
X^4	5	57	53
X^5	0	0	0
X^6	0	0	0
X^7	0	0	0
Diff.	0

X^0	2	24	17
X^1	6	26	20
X^2	1	20	14
X^3	1	13	12
X^4	1	10	9
X^5	1	4	1
X^6	1	1	1
X^7	0	0	0
Diff.	4

X^0	3	19	16
X^1	3	11	8
X^2	3	10	4
X^3	3	3	3
X^4	3	6	3
X^5	5	5	5
X^6	3	3	3
X^7	5	5	5
Diff.	12

X^0	0	15	12
X^1	0	14	11
X^2	3	14	12
X^3	1	9	9
X^4	0	5	3
X^5	2	5	2
X^6	0	3	3
X^7	0	0	0
Diff.	2

X^0	2	12	8
X^1	1	11	7
X^2	7	10	7
X^3	2	4	3
X^4	3	3	3
X^5	1	1	1
X^6	1	1	1
X^7	4	4	4
Diff.	2

X^0	2	31	28
X^1	2	36	34
X^2	3	29	25
X^3	1	30	24
X^4	3	22	22
X^5	1	8	4
X^6	0	0	0
X^7	4	4	4
Diff.	3

X^0	2	192	189
X^1	2	189	188
X^2	3	189	188
X^3	1	94	93
X^4	1	91	89
X^5	2	2	2
X^6	0	0	0
X^7	0	0	0
Diff.	1

X^0	1	54	44
X^1	4	49	46
X^2	1	38	35
X^3	3	24	22
X^4	2	19	17
X^5	1	1	1
X^6	1	1	1
X^7	0	0	0
Diff.	9

X^0	2	250	247
X^1	2	163	160
X^2	2	162	158
X^3	1	76	73
X^4	4	80	74
X^5	0	3	0
X^6	3	3	3
X^7	0	0	0
Diff.	1

X^0	5	150	145
X^1	5	107	101
X^2	5	95	90
X^3	5	58	52
X^4	5	50	45
X^5	5	5	5
X^6	5	5	5
X^7	0	0	0
Diff.	36

X^0	7	40	30
X^1	6	23	18
X^2	6	18	14
X^3	7	7	7
X^4	1	1	1
X^5	1	1	1
X^6	3	3	3
X^7	3	3	3
Diff.	15

X^0	2	83	82
X^1	1	78	73
X^2	3	47	45
X^3	1	36	34
X^4	2	40	38
X^5	1	3	2
X^6	1	1	1
X^7	0	0	0
Diff.	0

X^0	2	54	52
X^1	2	33	29
X^2	2	21	20
X^3	2	6	4
X^4	2	3	2
X^5	2	2	2
X^6	1	1	1
X^7	0	0	0
Diff.	1

X^0	1	26	23
X^1	1	21	20
X^2	4	24	22
X^3	2	10	10
X^4	3	13	13
X^5	3	3	3
X^6	0	0	0
X^7	4	4	4
Diff.	6

X^0	2	99	98
X^1	3	79	78
X^2	2	66	65
X^3	4	48	47
X^4	1	29	28
X^5	1	9	6
X^6	0	9	8
X^7	1	1	1
Diff.	18

X^0	3	33	32
X^1	2	27	27
X^2	2	24	24
X^3	2	26	25
X^4	1	22	21
X^5	0	14	14
X^6	0	8	6
X^7	0	0	0
Diff.	7

X^0	6	388	382
X^1	6	380	374
X^2	6	201	193
X^3	6	197	191
X^4	6	195	189
X^5	6	8	6
X^6	6	6	6
X^7	0	0	0
Diff.	37

X^0	3	8	4
X^1	3	10	7
X^2	3	3	3
X^3	2	2	2
X^4	3	3	3
X^5	2	2	2
X^6	1	1	1
X^7	0	0	0
Diff.	3

X^0	2	728	715
X^1	2	658	653
X^2	2	370	368
X^3	2	361	360
X^4	1	1	1
X^5	1	1	1
X^6	1	1	1
X^7	1	1	1
Diff.	226

X^0	1	53	50
X^1	1	47	44
X^2	1	32	29
X^3	1	18	11
X^4	2	10	8
X^5	2	2	2
X^6	2	2	2
X^7	0	0	0
Diff.	17

X^0	2	87	84
X^1	2	59	56
X^2	2	54	51
X^3	2	29	25
X^4	2	27	21
X^5	3	3	3
X^6	3	3	3
X^7	0	0	0
Diff.	8

X^0	0	783	781
X^1	2	772	770
X^2	2	390	388
X^3	2	382	380
X^4	2	10	6
X^5	2	2	2
X^6	2	2	2
X^7	0	0	0
Diff.	368

X^0	3	157	153
X^1	3	150	147
X^2	5	79	75
X^3	1	74	68
X^4	4	74	73
X^5	4	4	4
X^6	0	0	0
X^7	0	0	0
Diff.	1

X^0	3	686	685
X^1	1	585	584
X^2	1	487	485
X^3	1	390	385
X^4	1	293	292
X^5	1	195	192
X^6	1	99	98
X^7	1	1	1
Diff.	3

X^0	3	97	94
X^1	1	92	86
X^2	5	50	47
X^3	2	46	42
X^4	3	47	41
X^5	3	3	3
X^6	3	3	3
X^7	2	2	2
Diff.	4

X^0	3	24	21
X^1	3	19	18
X^2	3	11	9
X^3	3	9	9
X^4	5	12	10
X^5	1	12	12
X^6	0	10	9
X^7	0	0	0
Diff.	8

X^0	5	81	79
X^1	1	54	51
X^2	1	51	51
X^3	3	29	26
X^4	1	25	23
X^5	3	3	3
X^6	0	0	0
X^7	1	1	1
Diff.	1

X^0	2	377	371
X^1	2	253	250
X^2	2	248	245
X^3	2	126	124
X^4	2	122	118
X^5	2	2	2
X^6	2	2	2
X^7	0	0	0
Diff.	7

X^0	3	15	12
X^1	2	10	7
X^2	1	7	4
X^3	2	6	5
X^4	1	3	3
X^5	0	0	0
X^6	7	10	10
X^7	0	0	0
Diff.	2

X^0	4	25	22
X^1	4	18	14
X^2	4	8	5
X^3	3	3	3
X^4	3	3	3
X^5	5	5	5
X^6	1	1	1
X^7	2	2	2
Diff.	5

X^0	2	85	80
X^1	2	54	49
X^2	2	32	30
X^3	2	27	25
X^4	2	27	22
X^5	2	2	2
X^6	2	2	2
X^7	1	1	1
Diff.	37

X^0	5	181	178
X^1	2	168	164
X^2	2	159	155
X^3	2	81	79
X^4	2	71	68
X^5	2	2	2
X^6	2	2	2
X^7	0	0	0
Diff.	13

X^0	2	161	158
X^1	1	159	158
X^2	2	84	79
X^3	4	85	79
X^4	0	0	0
X^5	7	7	7
X^6	0	0	0
X^7	0	0	0
Diff.	0

X^0	3	272	267
X^1	9	259	257
X^2	4	257	255
X^3	6	129	127
X^4	2	125	121
X^5	0	0	0
X^6	2	2	2
X^7	0	0	0
Diff.	3

X^0	1	163	163
X^1	1	161	161
X^2	1	146	143
X^3	1	76	75
X^4	1	70	70
X^5	0	0	0
X^6	0	0	0
X^7	0	0	0
Diff.	17

X^0	4	9	7
X^1	4	6	4
X^2	4	4	4
X^3	2	3	2
X^4	2	2	2
X^5	2	2	2
X^6	2	2	2
X^7	0	0	0
Diff.	7

X^0	3	127	125
X^1	3	126	124
X^2	3	115	112
X^3	1	61	60
X^4	3	58	57
X^5	1	1	1
X^6	1	1	1
X^7	1	1	1
Diff.	1

X^0	2	18	16
X^1	3	15	13
X^2	3	10	8
X^3	2	5	2
X^4	2	9	7
X^5	2	2	2
X^6	2	2	2
X^7	5	5	5
Diff.	9

X^0	3	77	73
X^1	3	64	60
X^2	3	41	37
X^3	3	24	20
X^4	3	26	22
X^5	1	1	1
X^6	3	3	3
X^7	0	0	0
Diff.	10

X^0	1	17	13
X^1	4	23	22
X^2	1	13	12
X^3	0	7	0
X^4	0	7	5
X^5	2	2	2
X^6	0	0	0
X^7	0	0	0
Diff.	1

X^0	2	158	153
X^1	2	158	154
X^2	2	153	151
X^3	2	76	73
X^4	2	73	65
X^5	3	3	3
X^6	2	2	2
X^7	3	3	3
Diff.	13

X^0	2	103	102
X^1	2	76	75
X^2	2	51	49
X^3	2	35	33
X^4	2	35	33
X^5	2	41	39
X^6	0	17	16
X^7	0	0	0
Diff.	10

X^0	5	22	21
X^1	2	14	13
X^2	4	16	15
X^3	1	3	2
X^4	1	1	1
X^5	1	1	1
X^6	1	1	1
X^7	2	2	2
Diff.	2

X^0	1	42	38
X^1	1	27	25
X^2	1	27	26
X^3	9	22	21
X^4	3	16	13
X^5	1	1	1
X^6	1	1	1
X^7	0	0	0
Diff.	10

X^0	2	17	15
X^1	2	8	3
X^2	2	4	2
X^3	2	2	2
X^4	2	2	2
X^5	2	2	2
X^6	1	1	1
X^7	3	3	3
Diff.	4

X^0	3	176	173
X^1	3	164	161
X^2	3	158	155
X^3	3	76	73
X^4	3	76	73
X^5	3	3	3
X^6	3	3	3
X^7	1	1	1
Diff.	14

X^0	2	698	695
X^1	0	675	674
X^2	0	674	673
X^3	0	322	321
X^4	0	322	320
X^5	1	1	1
X^6	1	1	1
X^7	0	0	0
Diff.	275

X^0	2	186	184
X^1	2	134	133
X^2	2	115	110
X^3	1	64	61
X^4	2	57	56
X^5	1	1	1
X^6	1	1	1
X^7	0	0	0
Diff.	2

X^0	3	215	213
X^1	1	208	199
X^2	1	163	159
X^3	1	101	98
X^4	6	66	64
X^5	2	2	2
X^6	2	2	2
X^7	0	0	0
Diff.	46

X^0	2	36	30
X^1	2	34	32
X^2	2	19	16
X^3	2	9	7
X^4	2	2	2
X^5	10	10	10
X^6	1	1	1
X^7	5	5	5
Diff.	3

X^0	2	113	110
X^1	1	106	98
X^2	1	58	54
X^3	1	53	52
X^4	1	49	48
X^5	1	1	1
X^6	0	0	0
X^7	1	1	1
Diff.	7

X^0	5	152	151
X^1	5	109	101
X^2	5	90	84
X^3	4	47	43
X^4	3	30	29
X^5	7	7	7
X^6	1	1	1
X^7	0	0	0
Diff.	31

X^0	1	43	41
X^1	5	44	44
X^2	1	33	33
X^3	1	5	4
X^4	1	9	9
X^5	0	0	0
X^6	0	0	0
X^7	0	0	0
Diff.	0

X^0	8	24	22
X^1	5	20	18
X^2	5	11	9
X^3	6	9	8
X^4	6	7	6
X^5	3	3	3
X^6	1	1	1
X^7	3	3	3
Diff.	17

X^0	2	501	499
X^1	5	411	403
X^2	4	405	397
X^3	2	404	396
X^4	2	309	306
X^5	3	206	204
X^6	3	110	108
X^7	2	2	2
Diff.	6

X^0	0	91	89
X^1	3	92	89
X^2	3	74	73
X^3	2	44	42
X^4	2	41	41
X^5	1	1	1
X^6	0	0	0
X^7	3	3	3
Diff.	1

X^0	3	29	21
X^1	3	26	22
X^2	3	26	23
X^3	3	17	14
X^4	3	3	3
X^5	3	3	3
X^6	2	2	2
X^7	1	1	1
Diff.	9

X^0	1	101	95
X^1	2	101	92
X^2	1	56	55
X^3	3	55	47
X^4	1	50	45
X^5	1	1	1
X^6	4	4	4
X^7	1	1	1
Diff.	2

X^0	1	58	56
X^1	1	28	23
X^2	3	23	22
X^3	2	2	2
X^4	2	2	2
X^5	0	0	0
X^6	1	1	1
X^7	0	0	0
Diff.	0

X^0	5	19	11
X^1	1	10	4
X^2	3	7	5
X^3	2	2	2
X^4	1	1	1
X^5	2	2	2
X^6	1	1	1
X^7	2	2	2
Diff.	3

X^0	5	50	49
X^1	4	39	37
X^2	4	30	29
X^3	3	26	24
X^4	4	16	14
X^5	2	12	11
X^6	4	5	4
X^7	1	1	1
Diff.	13

X^0	3	259	256
X^1	3	237	234
X^2	6	238	234
X^3	3	116	111
X^4	3	112	106
X^5	3	3	3
X^6	3	3	3
X^7	0	0	0
Diff.	11

X^0	2	32	31
X^1	2	29	27
X^2	1	24	21
X^3	2	13	12
X^4	4	16	15
X^5	1	1	1
X^6	1	1	1
X^7	1	1	1
Diff.	2

X^0	4	59	57
X^1	1	52	45
X^2	1	45	40
X^3	1	25	22
X^4	1	17	13
X^5	5	5	5
X^6	2	2	2
X^7	1	1	1
Diff.	3

X^0	1	227	227
X^1	1	186	186
X^2	1	156	156
X^3	1	123	122
X^4	2	94	94
X^5	0	63	62
X^6	0	30	28
X^7	0	0	0
Diff.	7

X^0	2	100	100
X^1	2	87	84
X^2	10	93	93
X^3	2	37	32
X^4	0	35	35
X^5	2	2	2
X^6	0	0	0
X^7	2	2	2
Diff.	10

X^0	1	57	55
X^1	4	62	61
X^2	0	56	55
X^3	1	26	24
X^4	1	25	24
X^5	0	1	0
X^6	1	1	1
X^7	0	0	0
Diff.	1

X^0	1	99	98
X^1	1	97	96
X^2	1	92	91
X^3	1	42	38
X^4	1	35	31
X^5	1	1	1
X^6	0	0	0
X^7	1	1	1
Diff.	10

X^0	1	93	93
X^1	3	88	83
X^2	1	49	47
X^3	1	46	44
X^4	1	4	3
X^5	1	1	1
X^6	0	0	0
X^7	1	1	1
Diff.	10

X^0	3	232	230
X^1	1	231	228
X^2	1	218	218
X^3	1	116	115
X^4	1	103	103
X^5	1	1	1
X^6	0	0	0
X^7	1	1	1
Diff.	12

X^0	3	373	366
X^1	4	303	297
X^2	2	312	305
X^3	3	125	121
X^4	4	125	120
X^5	6	6	6
X^6	4	4	4
X^7	1	1	1
Diff.	14

X^0	5	29	26
X^1	3	15	10
X^2	3	6	3
X^3	3	3	3
X^4	3	3	3
X^5	3	3	3
X^6	0	0	0
X^7	1	1	1
Diff.	6

X^0	3	68	66
X^1	2	56	51
X^2	2	55	53
X^3	2	27	24
X^4	2	28	24
X^5	2	3	2
X^6	2	2	2
X^7	1	1	1
Diff.	5

X^0	4	52	47
X^1	4	50	43
X^2	4	45	41
X^3	4	26	22
X^4	4	19	14
X^5	4	4	4
X^6	4	4	4
X^7	0	0	0
Diff.	23

X^0	0	162	162
X^1	0	147	147
X^2	0	139	139
X^3	0	65	64
X^4	0	65	65
X^5	0	0	0
X^6	0	0	0
X^7	0	0	0
Diff.	12

X^0	6	103	102
X^1	3	100	98
X^2	3	97	97
X^3	2	46	43
X^4	2	49	49
X^5	2	2	2
X^6	0	0	0
X^7	5	5	5
Diff.	2

X^0	4	35	33
X^1	4	23	23
X^2	4	19	19
X^3	4	11	10
X^4	2	8	7
X^5	0	0	0
X^6	0	0	0
X^7	0	0	0
Diff.	9

X^0	2	31	28
X^1	2	23	19
X^2	4	18	13
X^3	2	17	13
X^4	2	25	21
X^5	2	14	12
X^6	2	4	2
X^7	2	2	2
Diff.	7

X^0	3	13	12
X^1	3	13	3
X^2	3	10	3
X^3	3	8	3
X^4	3	6	3
X^5	3	5	3
X^6	1	2	1
X^7	1	1	1
Diff.	3

X^0	4	32	26
X^1	7	40	34
X^2	4	34	28
X^3	4	27	22
X^4	4	20	16
X^5	6	19	14
X^6	4	10	6
X^7	4	4	4
Diff.	16

X^0	2	44	43
X^1	3	25	24
X^2	2	24	23
X^3	2	4	3
X^4	2	2	2
X^5	3	3	3
X^6	1	1	1
X^7	0	0	0
Diff.	5

X^0	2	248	246
X^1	1	175	169
X^2	1	152	150
X^3	1	80	75
X^4	3	65	61
X^5	1	1	1
X^6	1	1	1
X^7	0	0	0
Diff.	19

X^0	3	11	8
X^1	2	7	3
X^2	8	13	8
X^3	1	1	1
X^4	1	1	1
X^5	3	3	3
X^6	2	2	2
X^7	0	0	0
Diff.	2

X^0	0	33	33
X^1	0	19	16
X^2	1	16	14
X^3	0	3	0
X^4	1	7	5
X^5	3	3	3
X^6	0	0	0
X^7	4	4	4
Diff.	5

X^0	5	18	17
X^1	4	10	6
X^2	4	6	4
X^3	1	1	1
X^4	2	2	2
X^5	1	1	1
X^6	2	2	2
X^7	0	0	0
Diff.	6

X^0	2	87	85
X^1	2	64	61
X^2	2	52	50
X^3	2	28	26
X^4	2	10	6
X^5	2	2	2
X^6	2	2	2
X^7	1	1	1
Diff.	9

X^0	2	322	322
X^1	1	156	155
X^2	1	152	150
X^3	1	1	1
X^4	0	0	0
X^5	3	3	3
X^6	0	0	0
X^7	3	3	3
Diff.	1

X^0	2	16	15
X^1	3	11	9
X^2	1	7	4
X^3	1	1	1
X^4	1	1	1
X^5	1	1	1
X^6	0	0	0
X^7	0	0	0
Diff.	2

X^0	5	50	46
X^1	2	44	41
X^2	2	43	40
X^3	2	33	28
X^4	2	25	21
X^5	2	15	13
X^6	2	10	8
X^7	2	2	2
Diff.	9

X^0	4	59	57
X^1	3	40	39
X^2	1	36	35
X^3	1	19	17
X^4	1	18	15
X^5	1	1	1
X^6	1	1	1
X^7	0	0	0
Diff.	11

X^0	1	102	99
X^1	4	102	95
X^2	4	51	49
X^3	2	52	45
X^4	1	47	46
X^5	4	4	4
X^6	1	1	1
X^7	0	0	0
Diff.	2

X^0	1	52	49
X^1	2	44	42
X^2	1	35	33
X^3	2	29	25
X^4	1	20	19
X^5	3	14	12
X^6	1	9	7
X^7	1	1	1
Diff.	3

X^0	7	102	100
X^1	2	75	72
X^2	2	36	34
X^3	1	20	18
X^4	4	11	8
X^5	2	2	2
X^6	2	2	2
X^7	1	1	1
Diff.	23

X^0	4	17	14
X^1	1	11	9
X^2	2	7	2
X^3	2	4	2
X^4	3	3	3
X^5	1	1	1
X^6	0	1	0
X^7	1	1	1
Diff.	7

X^0	1	381	380
X^1	2	307	294
X^2	1	293	289
X^3	1	194	191
X^4	1	188	184
X^5	1	89	86
X^6	0	89	88
X^7	1	1	1
Diff.	12

X^0	2	41	34
X^1	2	33	30
X^2	3	8	5
X^3	5	5	5
X^4	1	1	1
X^5	5	5	5
X^6	1	1	1
X^7	0	0	0
Diff.	5

X^0	2	775	774
X^1	5	774	773
X^2	2	774	773
X^3	3	388	388
X^4	3	388	388
X^5	0	0	0
X^6	0	0	0
X^7	0	0	0
Diff.	3

X^0	5	21	20
X^1	5	14	13
X^2	5	10	10
X^3	5	5	5
X^4	5	5	5
X^5	4	7	6
X^6	4	7	7
X^7	0	0	0
Diff.	21

X^0	2	244	242
X^1	2	239	236
X^2	1	245	242
X^3	1	123	122
X^4	1	123	121
X^5	1	1	1
X^6	1	1	1
X^7	0	0	0
Diff.	10

X^0	3	135	129
X^1	3	103	100
X^2	3	74	71
X^3	3	45	38
X^4	3	14	9
X^5	3	3	3
X^6	3	3	3
X^7	3	3	3
Diff.	12

X^0	1	83	78
X^1	1	66	60
X^2	1	35	34
X^3	1	27	26
X^4	1	27	26
X^5	1	1	1
X^6	1	1	1
X^7	0	0	0
Diff.	6

X^0	3	250	246
X^1	3	240	236
X^2	3	124	121
X^3	3	117	114
X^4	3	3	3
X^5	3	4	3
X^6	3	3	3
X^7	1	1	1
Diff.	3

X^0	4	599	595
X^1	4	372	369
X^2	3	371	368
X^3	3	144	140
X^4	2	7	6
X^5	3	3	3
X^6	1	1	1
X^7	0	0	0
Diff.	10

X^0	2	22	19
X^1	2	6	2
X^2	2	2	2
X^3	2	4	2
X^4	2	6	4
X^5	2	2	2
X^6	1	1	1
X^7	1	1	1
Diff.	7

X^0	2	33	31
X^1	2	23	20
X^2	8	24	22
X^3	4	13	13
X^4	2	11	11
X^5	2	2	2
X^6	0	0	0
X^7	2	2	2
Diff.	16

X^0	1	77	76
X^1	1	66	66
X^2	2	48	39
X^3	4	39	37
X^4	2	27	25
X^5	0	0	0
X^6	0	0	0
X^7	0	0	0
Diff.	9

X^0	2	20	20
X^1	1	10	8
X^2	0	6	4
X^3	1	4	4
X^4	0	0	0
X^5	2	2	2
X^6	2	2	2
X^7	0	0	0
Diff.	3

X^0	6	1041	800
X^1	4	776	772
X^2	4	642	638
X^3	4	387	383
X^4	4	256	250
X^5	4	4	4
X^6	4	4	4
X^7	1	1	1
Diff.	235

X^0	8	175	167
X^1	1	165	164
X^2	1	85	84
X^3	1	80	79
X^4	1	73	70
X^5	1	1	1
X^6	1	1	1
X^7	1	1	1
Diff.	2

X^0	4	539	538
X^1	4	359	357
X^2	3	342	341
X^3	3	174	172
X^4	3	161	160
X^5	1	1	1
X^6	1	1	1
X^7	1	1	1
Diff.	6

X^0	3	50	46
X^1	3	26	21
X^2	3	20	17
X^3	3	12	8
X^4	3	12	8
X^5	5	5	5
X^6	2	2	2
X^7	3	3	3
Diff.	15

X^0	3	178	175
X^1	3	131	128
X^2	3	95	86
X^3	3	46	43
X^4	3	44	41
X^5	3	3	3
X^6	1	44	41
X^7	3	3	3
Diff.	21

X^0	1	501	499
X^1	1	427	425
X^2	2	286	283
X^3	1	214	212
X^4	2	147	145
X^5	1	1	1
X^6	2	2	2
X^7	0	0	0
Diff.	1

X^0	5	44	38
X^1	5	25	16
X^2	5	24	19
X^3	5	6	5
X^4	5	13	5
X^5	2	6	2
X^6	5	5	5
X^7	2	2	2
Diff.	13

X^0	3	12	8
X^1	2	8	3
X^2	6	10	6
X^3	2	5	2
X^4	1	4	2
X^5	2	2	2
X^6	0	3	1
X^7	2	2	2
Diff.	5

X^0	2	24	17
X^1	2	20	16
X^2	4	16	14
X^3	2	10	8
X^4	2	4	2
X^5	2	2	2
X^6	2	2	2
X^7	0	0	0
Diff.	10

X^0	3	273	270
X^1	3	256	253
X^2	3	210	204
X^3	3	164	159
X^4	3	118	114
X^5	3	84	81
X^6	3	36	33
X^7	3	3	3
Diff.	13

X^0	2	31	31
X^1	2	25	24
X^2	1	18	18
X^3	0	12	12
X^4	3	12	11
X^5	1	9	9
X^6	1	7	7
X^7	0	0	0
Diff.	1

X^0	5	116	116
X^1	7	112	112
X^2	5	105	103
X^3	3	54	54
X^4	1	49	49
X^5	0	0	0
X^6	0	0	0
X^7	1	1	1
Diff.	6

X^0	3	187	184
X^1	2	135	129
X^2	1	114	113
X^3	1	71	69
X^4	1	47	43
X^5	1	1	1
X^6	0	0	0
X^7	1	1	1
Diff.	28

X^0	5	225	222
X^1	5	175	173
X^2	5	131	129
X^3	5	86	84
X^4	5	42	42
X^5	4	43	42
X^6	0	46	46
X^7	0	0	0
Diff.	20

X^0	1	62	59
X^1	4	59	55
X^2	2	55	52
X^3	5	31	27
X^4	1	26	21
X^5	2	3	2
X^6	1	1	1
X^7	2	2	2
Diff.	4

X^0	5	230	226
X^1	6	183	180
X^2	1	133	129
X^3	5	89	84
X^4	2	42	37
X^5	1	15	13
X^6	1	1	1
X^7	1	1	1
Diff.	8

X^0	2	144	144
X^1	2	115	115
X^2	3	91	89
X^3	2	61	61
X^4	1	38	38
X^5	1	11	8
X^6	1	11	10
X^7	0	0	0
Diff.	5

X^0	2	104	88
X^1	2	91	88
X^2	2	75	72
X^3	2	16	14
X^4	2	2	2
X^5	2	2	2
X^6	2	16	14
X^7	2	2	2
Diff.	27

X^0	9	21	15
X^1	6	11	6
X^2	2	8	3
X^3	3	7	3
X^4	4	4	4
X^5	4	4	4
X^6	1	1	1
X^7	0	0	0
Diff.	13

X^0	2	17	17
X^1	3	16	14
X^2	2	11	11
X^3	2	4	2
X^4	2	2	2
X^5	0	2	0
X^6	0	0	0
X^7	2	2	2
Diff.	4

X^0	6	14	9
X^1	1	7	3
X^2	1	4	1
X^3	4	5	4
X^4	3	3	3
X^5	5	5	5
X^6	1	1	1
X^7	0	0	0
Diff.	4

X^0	3	91	90
X^1	2	47	45
X^2	2	44	41
X^3	1	7	6
X^4	1	7	5
X^5	1	1	1
X^6	1	1	1
X^7	2	2	2
Diff.	5

X^0	1	78	78
X^1	4	63	52
X^2	3	38	37
X^3	0	18	17
X^4	3	3	3
X^5	0	0	0
X^6	0	0	0
X^7	3	3	3
Diff.	1

X^0	5	84	79
X^1	5	83	76
X^2	5	48	42
X^3	5	47	40
X^4	5	43	35
X^5	5	5	5
X^6	5	5	5
X^7	1	1	1
Diff.	22

X^0	1	158	157
X^1	1	89	88
X^2	1	87	83
X^3	1	30	29
X^4	3	36	35
X^5	1	1	1
X^6	1	1	1
X^7	2	2	2
Diff.	1

X^0	5	83	77
X^1	5	82	76
X^2	5	64	64
X^3	5	43	40
X^4	5	20	20
X^5	5	5	5
X^6	5	5	5
X^7	0	0	0
Diff.	38

X^0	2	30	30
X^1	1	29	27
X^2	1	29	29
X^3	1	12	11
X^4	1	11	10
X^5	1	1	1
X^6	0	0	0
X^7	2	2	2
Diff.	1

X^0	4	552	546
X^1	4	463	459
X^2	4	374	370
X^3	4	292	286
X^4	4	216	212
X^5	4	129	124
X^6	4	87	83
X^7	4	4	4
Diff.	22

X^0	2	175	171
X^1	3	126	122
X^2	2	112	107
X^3	2	61	58
X^4	2	53	49
X^5	2	2	2
X^6	3	3	3
X^7	0	0	0
Diff.	4

X^0	3	179	175
X^1	3	176	172
X^2	3	176	172
X^3	3	87	84
X^4	3	82	78
X^5	3	3	3
X^6	3	3	3
X^7	1	1	1
Diff.	9

X^0	8	24	23
X^1	3	19	17
X^2	3	22	21
X^3	2	12	11
X^4	1	10	9
X^5	1	1	1
X^6	1	1	1
X^7	2	2	2
Diff.	4

X^0	4	15	10
X^1	4	14	9
X^2	4	8	4
X^3	4	4	4
X^4	5	6	5
X^5	4	4	4
X^6	2	2	2
X^7	0	0	0
Diff.	12

X^0	3	55	49
X^1	3	32	28
X^2	3	29	26
X^3	3	5	3
X^4	3	7	3
X^5	3	3	3
X^6	3	3	3
X^7	0	0	0
Diff.	13

X^0	3	335	332
X^1	8	340	337
X^2	1	324	323
X^3	1	160	159
X^4	2	155	154
X^5	1	12	10
X^6	1	1	1
X^7	0	0	0
Diff.	4

X^0	1	40	37
X^1	1	38	34
X^2	0	29	25
X^3	0	22	20
X^4	2	19	17
X^5	1	10	10
X^6	0	2	2
X^7	0	0	0
Diff.	1

X^0	1	19	17
X^1	1	15	14
X^2	2	10	9
X^3	1	6	1
X^4	1	1	1
X^5	1	1	1
X^6	1	1	1
X^7	3	3	3
Diff.	1

X^0	3	64	60
X^1	6	62	60
X^2	2	39	35
X^3	2	31	27
X^4	4	16	14
X^5	4	16	14
X^6	4	19	16
X^7	2	2	2
Diff.	17

X^0	2	21	19
X^1	2	18	14
X^2	3	15	15
X^3	2	5	3
X^4	2	2	2
X^5	0	0	0
X^6	2	2	2
X^7	3	3	3
Diff.	3

X^0	5	69	64
X^1	4	65	59
X^2	2	37	31
X^3	5	34	25
X^4	5	27	24
X^5	4	4	4
X^6	2	2	2
X^7	5	5	5
Diff.	19

X^0	1	24	23
X^1	1	18	17
X^2	1	12	10
X^3	1	11	11
X^4	3	9	7
X^5	0	0	0
X^6	0	0	0
X^7	0	0	0
Diff.	6

X^0	4	91	87
X^1	3	88	85
X^2	3	56	53
X^3	4	43	40
X^4	3	41	38
X^5	3	3	3
X^6	3	3	3
X^7	1	1	1
Diff.	11

X^0	4	129	129
X^1	1	116	114
X^2	1	110	110
X^3	0	56	56
X^4	0	48	48
X^5	0	0	0
X^6	0	0	0
X^7	0	0	0
Diff.	7

X^0	2	194	192
X^1	2	130	129
X^2	2	89	87
X^3	2	32	31
X^4	2	32	30
X^5	1	1	1
X^6	1	1	1
X^7	1	1	1
Diff.	70

X^0	1	136	136
X^1	2	144	144
X^2	1	116	116
X^3	2	88	87
X^4	1	63	63
X^5	0	35	34
X^6	0	11	9
X^7	0	0	0
Diff.	5

X^0	2	114	112
X^1	1	106	106
X^2	0	66	63
X^3	0	47	42
X^4	1	41	38
X^5	2	2	2
X^6	0	0	0
X^7	2	2	2
Diff.	6

X^0	4	19	15
X^1	2	12	12
X^2	1	1	1
X^3	0	0	0
X^4	1	1	1
X^5	0	0	0
X^6	0	0	0
X^7	0	0	0
Diff.	10

X^0	7	102	100
X^1	6	102	100
X^2	3	97	93
X^3	2	47	41
X^4	2	50	48
X^5	2	3	2
X^6	2	2	2
X^7	0	0	0
Diff.	9

X^0	4	88	82
X^1	4	87	78
X^2	4	83	77
X^3	4	23	12
X^4	4	23	16
X^5	6	6	6
X^6	6	6	6
X^7	0	0	0
Diff.	30

X^0	3	515	512
X^1	3	470	466
X^2	3	248	245
X^3	3	185	182
X^4	3	51	48
X^5	3	3	3
X^6	3	3	3
X^7	2	2	2
Diff.	79

X^0	4	32	28
X^1	4	31	27
X^2	3	32	28
X^3	1	15	12
X^4	1	15	15
X^5	0	0	0
X^6	0	0	0
X^7	0	0	0
Diff.	4

X^0	6	183	182
X^1	4	116	115
X^2	3	118	114
X^3	1	57	56
X^4	6	62	59
X^5	1	1	1
X^6	1	1	1
X^7	1	1	1
Diff.	9

X^0	4	90	88
X^1	4	87	85
X^2	4	77	74
X^3	4	45	42
X^4	4	39	37
X^5	4	5	4
X^6	2	2	2
X^7	0	0	0
Diff.	15

X^0	5	29	25
X^1	5	26	22
X^2	3	22	20
X^3	1	8	5
X^4	1	4	1
X^5	1	1	1
X^6	1	1	1
X^7	2	2	2
Diff.	7

X^0	1	111	110
X^1	10	111	110
X^2	1	93	92
X^3	1	47	44
X^4	1	1	1
X^5	1	1	1
X^6	2	2	2
X^7	0	0	0
Diff.	4

X^0	3	105	104
X^1	3	74	74
X^2	1	63	60
X^3	1	37	37
X^4	5	42	41
X^5	1	1	1
X^6	0	0	0
X^7	0	0	0
Diff.	3

X^0	3	30	26
X^1	3	14	10
X^2	3	4	3
X^3	3	8	3
X^4	3	3	3
X^5	4	5	4
X^6	0	0	0
X^7	1	1	1
Diff.	10

X^0	8	71	69
X^1	5	71	69
X^2	8	48	46
X^3	8	24	22
X^4	8	24	22
X^5	4	9	7
X^6	4	9	5
X^7	2	2	2
Diff.	47

X^0	3	279	276
X^1	6	254	252
X^2	4	136	131
X^3	8	142	134
X^4	1	128	123
X^5	8	8	8
X^6	1	1	1
X^7	0	0	0
Diff.	14

X^0	2	48	47
X^1	2	47	46
X^2	2	44	41
X^3	1	16	15
X^4	0	17	14
X^5	5	5	5
X^6	0	0	0
X^7	4	4	4
Diff.	4

X^0	3	32	29
X^1	4	32	31
X^2	1	20	19
X^3	1	1	1
X^4	0	0	0
X^5	1	1	1
X^6	1	1	1
X^7	1	1	1
Diff.	14

X^0	7	52	43
X^1	7	40	32
X^2	7	32	21
X^3	7	31	24
X^4	7	30	23
X^5	7	7	7
X^6	7	7	7
X^7	0	0	0
Diff.	30

X^0	6	46	45
X^1	4	33	30
X^2	2	22	18
X^3	1	9	6
X^4	1	1	1
X^5	1	1	1
X^6	1	1	1
X^7	0	0	0
Diff.	2

X^0	4	36	35
X^1	1	25	23
X^2	1	18	16
X^3	1	9	3
X^4	1	3	2
X^5	1	1	1
X^6	1	1	1
X^7	1	1	1
Diff.	3

X^0	1	6	4
X^1	1	3	1
X^2	2	4	2
X^3	1	1	1
X^4	1	1	1
X^5	1	1	1
X^6	1	1	1
X^7	1	1	1
Diff.	1

X^0	6	62	61
X^1	1	45	41
X^2	1	34	32
X^3	3	23	22
X^4	1	9	7
X^5	2	2	2
X^6	0	0	0
X^7	0	0	0
Diff.	1

X^0	5	58	53
X^1	4	50	46
X^2	4	50	46
X^3	4	25	19
X^4	4	25	20
X^5	4	5	4
X^6	4	4	4
X^7	0	0	0
Diff.	13

X^0	4	17	12
X^1	4	15	10
X^2	4	15	11
X^3	4	5	4
X^4	6	7	6
X^5	4	4	4
X^6	1	1	1
X^7	1	1	1
Diff.	10

X^0	2	26	25
X^1	1	15	12
X^2	1	11	10
X^3	1	5	2
X^4	1	2	1
X^5	5	5	5
X^6	1	1	1
X^7	1	1	1
Diff.	1

X^0	2	34	32
X^1	5	27	23
X^2	2	24	20
X^3	2	12	10
X^4	2	12	10
X^5	2	2	2
X^6	2	2	2
X^7	2	2	2
Diff.	10

X^0	3	45	42
X^1	3	30	26
X^2	3	32	28
X^3	3	13	8
X^4	3	3	3
X^5	3	3	3
X^6	3	3	3
X^7	0	0	0
Diff.	24

X^0	3	36	36
X^1	3	36	36
X^2	3	21	20
X^3	3	18	18
X^4	3	15	14
X^5	0	0	0
X^6	0	0	0
X^7	0	0	0
Diff.	6

X^0	3	14	11
X^1	3	14	11
X^2	4	12	8
X^3	3	3	3
X^4	3	3	3
X^5	3	3	3
X^6	4	4	4
X^7	1	1	1
Diff.	11

X^0	1	27	26
X^1	1	27	25
X^2	1	24	22
X^3	1	13	12
X^4	1	10	9
X^5	1	1	1
X^6	1	1	1
X^7	0	0	0
Diff.	4

X^0	1	73	71
X^1	1	55	54
X^2	1	39	36
X^3	1	24	22
X^4	1	16	14
X^5	1	1	1
X^6	1	1	1
X^7	0	0	0
Diff.	20

X^0	3	544	541
X^1	4	544	541
X^2	3	497	495
X^3	3	271	268
X^4	3	228	224
X^5	3	3	3
X^6	2	2	2
X^7	3	3	3
Diff.	51

X^0	2	13	11
X^1	2	6	5
X^2	2	4	4
X^3	1	1	1
X^4	1	1	1
X^5	0	0	0
X^6	2	2	2
X^7	0	0	0
Diff.	3

X^0	3	43	40
X^1	4	40	36
X^2	4	31	31
X^3	3	19	16
X^4	2	10	8
X^5	2	2	2
X^6	0	0	0
X^7	1	1	1
Diff.	9

X^0	2	49	46
X^1	2	37	36
X^2	1	22	21
X^3	1	13	10
X^4	1	1	1
X^5	1	1	1
X^6	1	1	1
X^7	1	1	1
Diff.	4

X^0	2	92	90
X^1	2	92	90
X^2	2	69	63
X^3	3	46	45
X^4	1	25	24
X^5	1	1	1
X^6	1	4	3
X^7	0	0	0
Diff.	21

X^0	2	187	184
X^1	2	170	167
X^2	2	78	76
X^3	2	77	72
X^4	2	92	91
X^5	1	1	1
X^6	0	0	0
X^7	1	1	1
Diff.	25

X^0	4	44	43
X^1	2	37	35
X^2	2	37	36
X^3	2	17	15
X^4	1	16	13
X^5	3	3	3
X^6	1	1	1
X^7	1	1	1
Diff.	3

X^0	4	82	80
X^1	2	62	60
X^2	2	52	38
X^3	2	37	34
X^4	2	25	22
X^5	2	2	2
X^6	2	2	2
X^7	0	0	0
Diff.	26

X^0	3	46	43
X^1	2	30	27
X^2	5	21	19
X^3	2	6	3
X^4	2	2	2
X^5	2	2	2
X^6	0	0	0
X^7	0	0	0
Diff.	4

X^0	4	433	433
X^1	3	287	287
X^2	2	285	285
X^3	2	140	140
X^4	2	139	139
X^5	2	3	3
X^6	0	0	0
X^7	0	0	0
Diff.	2

X^0	2	18	13
X^1	2	13	12
X^2	1	9	4
X^3	3	10	10
X^4	2	2	2
X^5	0	0	0
X^6	0	0	0
X^7	0	0	0
Diff.	2

X^0	6	88	85
X^1	2	84	82
X^2	6	83	81
X^3	2	41	38
X^4	2	40	37
X^5	1	1	1
X^6	2	2	2
X^7	0	0	0
Diff.	4

X^0	4	41	38
X^1	3	39	39
X^2	4	36	36
X^3	3	18	18
X^4	2	19	19
X^5	1	1	1
X^6	0	0	0
X^7	0	0	0
Diff.	5

X^0	3	201	200
X^1	5	143	139
X^2	3	126	116
X^3	3	66	63
X^4	3	54	53
X^5	3	3	3
X^6	1	1	1
X^7	3	3	3
Diff.	20

X^0	3	44	42
X^1	3	32	30
X^2	3	27	24
X^3	3	17	13
X^4	3	12	12
X^5	2	2	2
X^6	0	0	0
X^7	3	3	3
Diff.	6

X^0	5	267	266
X^1	5	254	253
X^2	5	140	139
X^3	5	131	130
X^4	1	118	116
X^5	1	14	13
X^6	1	1	1
X^7	0	0	0
Diff.	5

X^0	3	92	90
X^1	4	55	52
X^2	3	41	40
X^3	5	18	10
X^4	1	7	6
X^5	3	3	3
X^6	0	0	0
X^7	1	1	1
Diff.	0

X^0	5	140	138
X^1	5	95	93
X^2	7	92	89
X^3	6	45	43
X^4	0	38	36
X^5	1	1	1
X^6	2	2	2
X^7	0	0	0
Diff.	10

X^0	5	77	74
X^1	5	75	74
X^2	6	76	75
X^3	4	26	25
X^4	3	26	25
X^5	2	2	2
X^6	1	1	1
X^7	0	0	0
Diff.	12

X^0	5	91	90
X^1	1	75	74
X^2	2	42	42
X^3	1	39	38
X^4	0	2	2
X^5	0	0	0
X^6	1	1	1
X^7	0	0	0
Diff.	3

X^0	3	36	33
X^1	3	26	15
X^2	3	18	16
X^3	2	17	15
X^4	2	5	2
X^5	2	2	2
X^6	2	2	2
X^7	2	2	2
Diff.	9

X^0	3	54	54
X^1	3	39	37
X^2	2	28	26
X^3	2	21	19
X^4	2	10	7
X^5	0	18	16
X^6	2	16	16
X^7	0	0	0
Diff.	4

X^0	1	13	13
X^1	1	7	6
X^2	3	10	10
X^3	1	1	1
X^4	0	0	0
X^5	1	1	1
X^6	1	1	1
X^7	1	1	1
Diff.	7

X^0	2	21	20
X^1	3	18	17
X^2	1	8	5
X^3	1	9	4
X^4	1	10	7
X^5	1	1	1
X^6	1	1	1
X^7	0	0	0
Diff.	8

X^0	1	87	86
X^1	1	62	60
X^2	1	55	53
X^3	1	30	29
X^4	1	24	22
X^5	1	1	1
X^6	1	1	1
X^7	1	1	1
Diff.	15

X^0	1	53	50
X^1	2	37	32
X^2	4	33	31
X^3	2	13	9
X^4	2	13	10
X^5	2	2	2
X^6	2	2	2
X^7	0	0	0
Diff.	18

X^0	3	215	214
X^1	6	216	213
X^2	2	212	211
X^3	3	107	103
X^4	1	106	104
X^5	3	3	3
X^6	1	1	1
X^7	4	4	4
Diff.	4

X^0	7	198	190
X^1	4	191	189
X^2	2	189	186
X^3	5	98	94
X^4	2	95	90
X^5	5	5	5
X^6	2	2	2
X^7	2	2	2
Diff.	7

X^0	3	14	6
X^1	3	14	13
X^2	3	10	10
X^3	3	7	6
X^4	3	7	5
X^5	3	3	3
X^6	3	3	3
X^7	0	0	0
Diff.	18

X^0	2	54	52
X^1	2	42	40
X^2	2	43	41
X^3	2	31	26
X^4	2	26	24
X^5	3	16	14
X^6	2	14	12
X^7	2	2	2
Diff.	6

X^0	2	35	32
X^1	2	33	30
X^2	2	20	16
X^3	5	21	19
X^4	2	17	15
X^5	2	2	2
X^6	2	2	2
X^7	0	0	0
Diff.	11

X^0	1	49	47
X^1	1	28	18
X^2	1	26	25
X^3	1	10	5
X^4	1	15	14
X^5	1	1	1
X^6	1	1	1
X^7	0	0	0
Diff.	6

X^0	1	42	42
X^1	9	38	38
X^2	7	28	28
X^3	1	11	11
X^4	0	2	0
X^5	0	1	0
X^6	0	4	3
X^7	0	0	0
Diff.	0

X^0	7	112	112
X^1	7	111	110
X^2	6	111	108
X^3	4	48	48
X^4	4	49	44
X^5	0	0	0
X^6	0	0	0
X^7	0	0	0
Diff.	9

X^0	2	76	70
X^1	2	47	36
X^2	2	42	37
X^3	3	12	8
X^4	2	9	2
X^5	1	1	1
X^6	4	4	4
X^7	0	0	0
Diff.	6

X^0	1	116	114
X^1	1	117	115
X^2	2	117	116
X^3	1	61	59
X^4	1	54	54
X^5	1	1	1
X^6	0	0	0
X^7	0	0	0
Diff.	2

X^0	1	44	41
X^1	3	40	38
X^2	1	35	33
X^3	5	21	19
X^4	2	3	2
X^5	1	1	1
X^6	2	2	2
X^7	1	1	1
Diff.	1

X^0	3	11	6
X^1	2	8	6
X^2	2	5	2
X^3	2	2	2
X^4	2	5	3
X^5	1	1	1
X^6	2	2	2
X^7	4	4	4
Diff.	6

X^0	5	57	51
X^1	5	51	46
X^2	5	40	32
X^3	5	33	26
X^4	5	27	22
X^5	6	21	15
X^6	5	12	5
X^7	5	5	5
Diff.	23

X^0	0	523	519
X^1	2	353	352
X^2	2	323	320
X^3	2	166	163
X^4	2	166	164
X^5	1	1	1
X^6	1	1	1
X^7	1	1	1
Diff.	2

X^0	2	44	41
X^1	2	40	35
X^2	2	23	22
X^3	2	18	13
X^4	2	7	4
X^5	1	1	1
X^6	2	2	2
X^7	2	2	2
Diff.	7

X^0	1	191	167
X^1	4	174	174
X^2	3	152	152
X^3	1	116	116
X^4	1	82	82
X^5	0	48	44
X^6	0	14	14
X^7	0	0	0
Diff.	1

X^0	6	68	62
X^1	6	63	55
X^2	6	34	27
X^3	6	29	24
X^4	1	28	26
X^5	5	5	5
X^6	1	1	1
X^7	2	2	2
Diff.	16

X^0	3	62	57
X^1	3	42	38
X^2	5	44	39
X^3	3	22	17
X^4	2	20	19
X^5	4	4	4
X^6	1	1	1
X^7	4	4	4
Diff.	13

X^0	3	11	9
X^1	5	10	8
X^2	2	4	2
X^3	2	4	2
X^4	1	5	4
X^5	2	2	2
X^6	1	1	1
X^7	3	3	3
Diff.	3

X^0	3	257	256
X^1	3	244	243
X^2	1	243	242
X^3	5	117	111
X^4	1	113	111
X^5	11	11	11
X^6	1	1	1
X^7	4	4	4
Diff.	7

X^0	3	52	50
X^1	2	49	45
X^2	2	49	46
X^3	2	26	20
X^4	2	25	21
X^5	7	7	7
X^6	2	2	2
X^7	6	6	6
Diff.	12

X^0	4	279	274
X^1	4	280	267
X^2	4	208	198
X^3	4	138	128
X^4	4	68	58
X^5	4	75	74
X^6	10	65	64
X^7	1	1	1
Diff.	19

X^0	3	267	266
X^1	6	186	185
X^2	2	165	163
X^3	2	91	89
X^4	1	73	72
X^5	1	1	1
X^6	1	1	1
X^7	0	0	0
Diff.	15

X^0	3	102	101
X^1	1	69	66
X^2	4	69	69
X^3	1	35	32
X^4	1	34	34
X^5	2	3	2
X^6	0	0	0
X^7	3	3	3
Diff.	2

X^0	4	21	19
X^1	1	12	8
X^2	2	11	10
X^3	2	5	4
X^4	1	6	4
X^5	1	1	1
X^6	1	1	1
X^7	2	2	2
Diff.	1

X^0	4	19	18
X^1	2	11	11
X^2	4	10	10
X^3	0	3	2
X^4	0	0	0
X^5	0	0	0
X^6	0	2	1
X^7	0	0	0
Diff.	5

X^0	3	140	138
X^1	3	125	119
X^2	3	86	83
X^3	2	73	70
X^4	2	7	5
X^5	2	2	2
X^6	2	2	2
X^7	1	1	1
Diff.	6

X^0	4	334	334
X^1	5	337	337
X^2	4	271	271
X^3	8	211	209
X^4	3	145	144
X^5	0	79	74
X^6	3	66	66
X^7	0	0	0
Diff.	12

X^0	1	27	25
X^1	1	25	23
X^2	1	17	16
X^3	1	11	10
X^4	1	6	5
X^5	0	0	0
X^6	0	0	0
X^7	0	0	0
Diff.	2

X^0	1	211	208
X^1	0	195	195
X^2	1	173	173
X^3	1	173	173
X^4	0	136	135
X^5	0	84	83
X^6	0	52	49
X^7	0	0	0
Diff.	6

X^0	7	156	156
X^1	3	100	100
X^2	1	96	96
X^3	3	50	50
X^4	1	48	48
X^5	0	0	0
X^6	0	0	0
X^7	0	0	0
Diff.	4

X^0	3	103	99
X^1	1	75	71
X^2	2	82	78
X^3	1	30	27
X^4	2	32	31
X^5	6	6	6
X^6	1	1	1
X^7	2	2	2
Diff.	4

X^0	4	63	61
X^1	2	52	49
X^2	2	36	35
X^3	1	28	24
X^4	1	18	16
X^5	1	1	1
X^6	1	1	1
X^7	1	1	1
Diff.	2

X^0	1	11	8
X^1	2	7	3
X^2	1	5	2
X^3	4	4	4
X^4	1	1	1
X^5	2	2	2
X^6	4	4	4
X^7	1	1	1
Diff.	6

X^0	3	40	38
X^1	3	30	27
X^2	3	21	19
X^3	3	15	12
X^4	1	13	12
X^5	3	3	3
X^6	1	1	1
X^7	3	3	3
Diff.	15

X^0	1	20	16
X^1	12	27	24
X^2	2	14	11
X^3	2	9	5
X^4	1	5	1
X^5	3	3	3
X^6	3	3	3
X^7	1	1	1
Diff.	7

X^0	4	443	439
X^1	4	435	430
X^2	3	232	229
X^3	4	215	212
X^4	3	3	3
X^5	3	3	3
X^6	3	3	3
X^7	0	0	0
Diff.	13

X^0	3	137	137
X^1	1	94	93
X^2	3	87	87
X^3	6	49	48
X^4	0	40	39
X^5	2	5	4
X^6	0	0	0
X^7	1	1	1
Diff.	9

X^0	1	31	29
X^1	1	17	14
X^2	4	17	13
X^3	0	5	1
X^4	0	3	1
X^5	1	1	1
X^6	2	2	2
X^7	0	0	0
Diff.	1

X^0	8	219	219
X^1	2	177	177
X^2	1	141	140
X^3	1	106	106
X^4	1	75	73
X^5	1	43	43
X^6	0	8	8
X^7	0	0	0
Diff.	6

X^0	0	22	18
X^1	1	17	15
X^2	1	12	11
X^3	0	12	10
X^4	0	13	11
X^5	2	12	12
X^6	3	10	8
X^7	0	0	0
Diff.	1

X^0	3	165	156
X^1	3	126	119
X^2	3	133	126
X^3	3	56	52
X^4	3	56	48
X^5	3	3	3
X^6	3	3	3
X^7	0	0	0
Diff.	19

X^0	3	74	71
X^1	3	57	54
X^2	3	51	48
X^3	3	38	35
X^4	3	31	28
X^5	3	4	3
X^6	3	3	3
X^7	1	1	1
Diff.	13

X^0	2	47	42
X^1	2	28	24
X^2	5	23	21
X^3	3	3	3
X^4	0	4	0
X^5	3	3	3
X^6	2	2	2
X^7	1	1	1
Diff.	9

X^0	2	29	27
X^1	2	25	19
X^2	3	26	24
X^3	2	14	12
X^4	2	12	10
X^5	2	2	2
X^6	2	2	2
X^7	0	0	0
Diff.	5

X^0	5	39	38
X^1	4	29	29
X^2	2	24	24
X^3	2	11	11
X^4	1	9	8
X^5	0	0	0
X^6	0	0	0
X^7	2	2	2
Diff.	4

X^0	3	121	121
X^1	3	121	121
X^2	3	98	98
X^3	3	77	77
X^4	3	60	55
X^5	3	38	37
X^6	2	23	23
X^7	0	0	0
Diff.	13

X^0	4	106	103
X^1	6	104	100
X^2	3	52	50
X^3	0	43	41
X^4	0	49	46
X^5	0	0	0
X^6	1	1	1
X^7	4	4	4
Diff.	5

X^0	4	678	669
X^1	4	647	646
X^2	4	330	326
X^3	4	300	296
X^4	4	4	4
X^5	1	12	12
X^6	0	0	0
X^7	0	0	0
Diff.	192

X^0	2	17	13
X^1	1	8	5
X^2	1	13	10
X^3	2	6	3
X^4	1	1	1
X^5	1	1	1
X^6	1	1	1
X^7	0	0	0
Diff.	4

X^0	3	20	15
X^1	2	14	13
X^2	2	10	9
X^3	2	5	2
X^4	2	2	2
X^5	1	1	1
X^6	1	1	1
X^7	2	2	2
Diff.	11

X^0	8	35	34
X^1	3	22	21
X^2	1	14	13
X^3	1	9	7
X^4	1	7	4
X^5	1	2	1
X^6	1	2	1
X^7	1	1	1
Diff.	11

X^0	1	60	56
X^1	1	59	55
X^2	2	45	42
X^3	2	29	25
X^4	0	16	14
X^5	0	0	0
X^6	2	2	2
X^7	0	0	0
Diff.	1

X^0	2	25	23
X^1	1	20	16
X^2	1	20	19
X^3	1	10	6
X^4	4	13	11
X^5	1	1	1
X^6	1	1	1
X^7	0	0	0
Diff.	3

X^0	4	335	335
X^1	1	227	223
X^2	1	213	212
X^3	1	108	105
X^4	1	99	97
X^5	1	1	1
X^6	0	0	0
X^7	2	2	2
Diff.	3

X^0	3	127	123
X^1	3	79	77
X^2	2	80	78
X^3	2	34	31
X^4	2	36	34
X^5	2	2	2
X^6	2	2	2
X^7	1	1	1
Diff.	2

X^0	5	85	79
X^1	2	59	44
X^2	1	51	45
X^3	2	30	24
X^4	4	26	18
X^5	0	0	0
X^6	6	6	6
X^7	1	1	1
Diff.	6

X^0	7	13	7
X^1	7	11	7
X^2	8	10	8
X^3	3	3	3
X^4	4	5	4
X^5	7	7	7
X^6	6	6	6
X^7	3	3	3
Diff.	22

X^0	4	39	37
X^1	2	36	32
X^2	4	24	23
X^3	6	20	15
X^4	4	14	13
X^5	6	6	6
X^6	1	1	1
X^7	3	3	3
Diff.	9

X^0	6	78	74
X^1	6	52	46
X^2	2	49	48
X^3	4	29	28
X^4	6	6	6
X^5	1	1	1
X^6	1	1	1
X^7	1	1	1
Diff.	12

X^0	3	78	73
X^1	1	62	62
X^2	3	51	51
X^3	1	37	37
X^4	1	22	22
X^5	4	13	13
X^6	5	14	14
X^7	0	0	0
Diff.	5

X^0	4	301	298
X^1	2	245	243
X^2	2	270	268
X^3	3	127	126
X^4	3	127	124
X^5	1	1	1
X^6	1	1	1
X^7	0	0	0
Diff.	42

X^0	2	88	84
X^1	2	86	83
X^2	2	79	75
X^3	2	51	48
X^4	2	34	32
X^5	2	6	4
X^6	2	2	2
X^7	2	2	2
Diff.	4

X^0	3	5	3
X^1	1	3	1
X^2	1	1	1
X^3	2	3	2
X^4	1	2	1
X^5	1	1	1
X^6	1	1	1
X^7	0	0	0
Diff.	2

X^0	3	17	16
X^1	1	14	13
X^2	2	8	7
X^3	1	2	1
X^4	1	1	1
X^5	1	1	1
X^6	1	1	1
X^7	0	0	0
Diff.	2

X^0	3	410	407
X^1	4	401	398
X^2	3	221	217
X^3	9	217	215
X^4	5	188	186
X^5	1	1	1
X^6	2	2	2
X^7	1	1	1
Diff.	2

X^0	4	33	29
X^1	4	18	14
X^2	4	21	17
X^3	4	4	4
X^4	4	4	4
X^5	3	6	3
X^6	4	4	4
X^7	2	2	2
Diff.	14

X^0	3	71	68
X^1	4	74	71
X^2	3	43	42
X^3	3	37	35
X^4	3	32	30
X^5	0	0	0
X^6	1	1	1
X^7	4	4	4
Diff.	7

X^0	3	23	19
X^1	3	15	10
X^2	5	13	10
X^3	4	5	4
X^4	2	2	2
X^5	2	2	2
X^6	3	3	3
X^7	1	1	1
Diff.	9

X^0	1	133	131
X^1	3	135	133
X^2	2	107	105
X^3	4	86	84
X^4	1	66	66
X^5	1	41	41
X^6	0	26	25
X^7	0	0	0
Diff.	2

X^0	3	20	19
X^1	2	17	16
X^2	2	18	17
X^3	2	11	9
X^4	2	8	7
X^5	2	2	2
X^6	0	0	0
X^7	2	2	2
Diff.	4

X^0	2	329	326
X^1	2	320	318
X^2	2	161	159
X^3	2	157	150
X^4	2	2	2
X^5	2	2	2
X^6	2	2	2
X^7	1	1	1
Diff.	6

X^0	2	85	85
X^1	0	81	80
X^2	0	43	42
X^3	3	46	45
X^4	2	45	45
X^5	0	0	0
X^6	0	0	0
X^7	0	0	0
Diff.	2

X^0	4	9	7
X^1	2	11	9
X^2	1	4	3
X^3	2	2	2
X^4	0	0	0
X^5	1	1	1
X^6	1	1	1
X^7	3	3	3
Diff.	1

X^0	3	187	185
X^1	3	150	148
X^2	5	147	145
X^3	3	105	103
X^4	3	74	71
X^5	2	34	28
X^6	2	18	16
X^7	2	2	2
Diff.	8

X^0	3	51	48
X^1	3	51	48
X^2	3	51	48
X^3	3	25	22
X^4	3	25	19
X^5	3	3	3
X^6	3	3	3
X^7	0	0	0
Diff.	12

X^0	2	92	89
X^1	2	91	86
X^2	2	52	49
X^3	2	43	41
X^4	2	33	32
X^5	2	2	2
X^6	1	1	1
X^7	6	6	6
Diff.	6

X^0	5	77	77
X^1	6	54	52
X^2	6	47	47
X^3	4	27	25
X^4	2	20	17
X^5	2	2	2
X^6	0	0	0
X^7	1	1	1
Diff.	11

X^0	5	153	151
X^1	5	110	108
X^2	8	94	92
X^3	5	51	48
X^4	2	29	25
X^5	1	1	1
X^6	2	2	2
X^7	2	2	2
Diff.	5

X^0	9	59	54
X^1	2	43	41
X^2	2	32	30
X^3	2	18	15
X^4	2	13	5
X^5	2	12	4
X^6	3	12	4
X^7	2	2	2
Diff.	6

X^0	5	124	123
X^1	5	79	79
X^2	4	83	83
X^3	3	37	31
X^4	2	41	38
X^5	2	2	2
X^6	0	0	0
X^7	0	0	0
Diff.	1

X^0	1	9	7
X^1	5	11	8
X^2	2	5	2
X^3	1	3	1
X^4	3	4	3
X^5	4	4	4
X^6	2	2	2
X^7	0	0	0
Diff.	3

X^0	4	19	13
X^1	4	10	4
X^2	4	4	4
X^3	4	4	4
X^4	8	8	8
X^5	3	3	3
X^6	2	2	2
X^7	1	1	1
Diff.	9

X^0	1	20	18
X^1	0	18	18
X^2	0	13	13
X^3	1	16	16
X^4	1	12	9
X^5	0	6	5
X^6	0	5	3
X^7	0	0	0
Diff.	0

X^0	1	122	122
X^1	1	81	80
X^2	1	77	76
X^3	1	42	41
X^4	2	39	37
X^5	0	0	0
X^6	0	0	0
X^7	1	1	1
Diff.	1

X^0	4	30	28
X^1	11	24	22
X^2	4	14	12
X^3	1	1	1
X^4	0	0	0
X^5	2	2	2
X^6	0	0	0
X^7	0	0	0
Diff.	1

X^0	1	373	370
X^1	6	282	277
X^2	1	244	241
X^3	3	154	149
X^4	1	119	113
X^5	2	35	31
X^6	3	3	3
X^7	1	1	1
Diff.	5

X^0	3	71	66
X^1	3	56	51
X^2	3	36	31
X^3	3	26	23
X^4	3	4	3
X^5	3	3	3
X^6	0	0	0
X^7	3	3	3
Diff.	10

X^0	3	36	35
X^1	3	28	27
X^2	1	16	12
X^3	1	9	4
X^4	2	2	2
X^5	1	1	1
X^6	1	1	1
X^7	0	0	0
Diff.	7

X^0	0	33	32
X^1	0	24	23
X^2	1	18	16
X^3	1	9	7
X^4	1	2	2
X^5	1	1	1
X^6	0	0	0
X^7	0	0	0
Diff.	5

X^0	2	63	62
X^1	2	50	47
X^2	1	36	34
X^3	6	29	27
X^4	1	10	8
X^5	0	10	10
X^6	3	15	15
X^7	0	0	0
Diff.	4

X^0	3	339	338
X^1	3	225	224
X^2	3	220	219
X^3	3	106	105
X^4	3	106	102
X^5	1	1	1
X^6	1	1	1
X^7	0	0	0
Diff.	28

X^0	4	7	4
X^1	4	7	4
X^2	6	9	6
X^3	2	6	2
X^4	3	5	3
X^5	3	3	3
X^6	4	4	4
X^7	0	0	0
Diff.	15

X^0	2	40	36
X^1	3	41	39
X^2	2	30	27
X^3	2	21	19
X^4	2	8	6
X^5	2	2	2
X^6	2	2	2
X^7	0	0	0
Diff.	6

X^0	2	19	15
X^1	2	11	9
X^2	2	11	9
X^3	4	9	6
X^4	2	2	2
X^5	2	2	2
X^6	3	3	3
X^7	0	0	0
Diff.	4

X^0	4	92	84
X^1	8	86	82
X^2	5	75	71
X^3	5	42	41
X^4	3	34	33
X^5	3	3	3
X^6	1	1	1
X^7	3	3	3
Diff.	10

X^0	2	150	150
X^1	1	117	115
X^2	2	87	87
X^3	0	62	59
X^4	0	40	37
X^5	0	14	13
X^6	0	14	12
X^7	0	0	0
Diff.	16

X^0	4	11	10
X^1	7	12	8
X^2	2	5	3
X^3	1	7	3
X^4	0	4	4
X^5	2	4	2
X^6	0	0	0
X^7	5	5	5
Diff.	3

X^0	3	108	104
X^1	3	86	81
X^2	3	62	58
X^3	3	49	46
X^4	3	39	32
X^5	3	3	3
X^6	3	3	3
X^7	0	0	0
Diff.	10

X^0	2	37	34
X^1	2	34	32
X^2	2	29	27
X^3	2	16	13
X^4	2	4	2
X^5	2	2	2
X^6	2	2	2
X^7	0	0	0
Diff.	12

X^0	1	79	76
X^1	1	55	53
X^2	2	52	42
X^3	1	29	28
X^4	1	23	19
X^5	3	5	3
X^6	1	1	1
X^7	0	0	0
Diff.	3

X^0	1	42	38
X^1	2	39	37
X^2	1	19	16
X^3	2	18	15
X^4	1	1	1
X^5	0	0	0
X^6	0	0	0
X^7	0	0	0
Diff.	3

X^0	2	9	7
X^1	2	5	2
X^2	2	2	2
X^3	3	4	3
X^4	3	4	3
X^5	2	2	2
X^6	2	2	2
X^7	4	4	4
Diff.	3

X^0	4	415	355
X^1	3	359	358
X^2	4	306	305
X^3	2	174	174
X^4	2	130	130
X^5	2	2	2
X^6	0	0	0
X^7	2	2	2
Diff.	64

X^0	3	14	10
X^1	3	11	8
X^2	3	6	3
X^3	3	3	3
X^4	3	3	3
X^5	3	3	3
X^6	3	3	3
X^7	0	0	0
Diff.	13

X^0	3	27	20
X^1	3	16	15
X^2	3	13	10
X^3	3	6	5
X^4	4	5	4
X^5	1	1	1
X^6	1	2	1
X^7	0	0	0
Diff.	15

X^0	2	113	111
X^1	2	83	78
X^2	4	71	59
X^3	2	61	59
X^4	4	34	32
X^5	2	23	21
X^6	1	23	21
X^7	2	2	2
Diff.	12

X^0	2	64	60
X^1	2	47	42
X^2	3	41	41
X^3	2	28	23
X^4	2	8	4
X^5	0	0	0
X^6	4	4	4
X^7	0	0	0
Diff.	2

X^0	2	47	42
X^1	2	38	36
X^2	3	32	29
X^3	7	30	26
X^4	4	17	15
X^5	2	12	8
X^6	2	2	2
X^7	2	2	2
Diff.	4

X^0	1	23	22
X^1	1	16	13
X^2	4	18	15
X^3	2	9	7
X^4	1	7	6
X^5	2	2	2
X^6	1	1	1
X^7	3	3	3
Diff.	2

X^0	2	97	95
X^1	2	66	64
X^2	2	69	67
X^3	2	24	20
X^4	2	35	33
X^5	2	2	2
X^6	2	2	2
X^7	0	0	0
Diff.	14

X^0	3	23	19
X^1	2	13	10
X^2	2	9	5
X^3	3	5	3
X^4	3	3	3
X^5	3	3	3
X^6	6	6	6
X^7	0	0	0
Diff.	2

X^0	4	25	21
X^1	1	17	15
X^2	4	13	11
X^3	1	3	2
X^4	1	2	1
X^5	0	0	0
X^6	1	1	1
X^7	3	3	3
Diff.	0

X^0	4	15	13
X^1	3	7	6
X^2	1	2	2
X^3	1	3	2
X^4	1	1	1
X^5	1	2	1
X^6	0	0	0
X^7	1	1	1
Diff.	2

X^0	7	226	222
X^1	1	213	209
X^2	1	112	105
X^3	2	111	111
X^4	3	112	112
X^5	0	3	0
X^6	0	0	0
X^7	3	3	3
Diff.	1

X^0	3	173	172
X^1	4	166	164
X^2	5	168	167
X^3	4	88	86
X^4	7	85	83
X^5	2	6	5
X^6	1	1	1
X^7	1	1	1
Diff.	9

X^0	1	35	28
X^1	1	35	28
X^2	6	33	31
X^3	1	19	17
X^4	1	13	11
X^5	2	5	3
X^6	2	5	2
X^7	1	1	1
Diff.	10

X^0	1	387	384
X^1	1	392	389
X^2	1	305	305
X^3	1	225	225
X^4	1	151	150
X^5	1	76	75
X^6	1	76	75
X^7	0	0	0
Diff.	13

X^0	3	107	105
X^1	4	94	92
X^2	2	52	50
X^3	2	41	39
X^4	2	13	11
X^5	2	2	2
X^6	2	2	2
X^7	2	2	2
Diff.	18

X^0	2	77	71
X^1	2	64	56
X^2	4	69	63
X^3	1	48	48
X^4	4	43	42
X^5	5	28	28
X^6	0	19	19
X^7	0	0	0
Diff.	2

X^0	3	76	75
X^1	3	54	49
X^2	3	49	48
X^3	3	27	21
X^4	3	22	20
X^5	4	4	4
X^6	1	1	1
X^7	0	0	0
Diff.	8

X^0	3	83	82
X^1	1	67	61
X^2	5	67	66
X^3	1	59	58
X^4	2	45	44
X^5	1	23	19
X^6	1	8	7
X^7	1	1	1
Diff.	3

X^0	2	14	10
X^1	3	12	8
X^2	4	5	4
X^3	4	4	4
X^4	2	2	2
X^5	4	4	4
X^6	0	0	0
X^7	2	2	2
Diff.	6

X^0	4	88	77
X^1	2	73	72
X^2	3	46	42
X^3	2	38	31
X^4	4	4	4
X^5	4	4	4
X^6	1	1	1
X^7	0	0	0
Diff.	7

X^0	2	49	49
X^1	3	52	52
X^2	2	40	39
X^3	5	36	33
X^4	2	24	22
X^5	3	17	17
X^6	1	8	7
X^7	0	0	0
Diff.	4

X^0	3	25	20
X^1	3	16	11
X^2	3	14	8
X^3	3	14	8
X^4	3	7	4
X^5	3	8	3
X^6	2	8	5
X^7	3	3	3
Diff.	8

X^0	1	29	23
X^1	1	23	19
X^2	1	14	11
X^3	2	10	7
X^4	1	1	1
X^5	1	1	1
X^6	1	1	1
X^7	0	0	0
Diff.	4

X^0	2	107	103
X^1	2	84	81
X^2	1	61	60
X^3	2	42	35
X^4	2	35	25
X^5	2	25	24
X^6	2	16	15
X^7	1	1	1
Diff.	3

X^0	1	129	124
X^1	1	114	113
X^2	2	115	113
X^3	3	48	48
X^4	0	54	54
X^5	0	0	0
X^6	0	0	0
X^7	0	0	0
Diff.	1

X^0	2	78	76
X^1	2	76	74
X^2	2	67	66
X^3	3	38	36
X^4	1	28	26
X^5	3	11	9
X^6	1	1	1
X^7	2	2	2
Diff.	7

X^0	1	111	106
X^1	1	87	85
X^2	1	80	74
X^3	1	54	49
X^4	1	40	40
X^5	1	40	40
X^6	0	27	26
X^7	0	0	0
Diff.	2

X^0	2	116	116
X^1	2	113	113
X^2	2	111	111
X^3	2	54	54
X^4	0	52	50
X^5	2	2	2
X^6	0	0	0
X^7	0	0	0
Diff.	6

X^0	1	47	42
X^1	1	45	39
X^2	1	39	38
X^3	1	26	25
X^4	1	18	14
X^5	1	1	1
X^6	1	1	1
X^7	0	0	0
Diff.	10

X^0	1	216	213
X^1	3	198	195
X^2	1	145	144
X^3	1	99	95
X^4	1	50	49
X^5	1	22	21
X^6	1	18	17
X^7	1	1	1
Diff.	4

X^0	2	50	41
X^1	2	44	38
X^2	2	35	29
X^3	2	15	11
X^4	2	15	11
X^5	4	4	4
X^6	4	4	4
X^7	2	2	2
Diff.	21

X^0	2	95	93
X^1	1	87	86
X^2	2	50	44
X^3	2	19	19
X^4	4	4	4
X^5	0	0	0
X^6	0	0	0
X^7	3	3	3
Diff.	2

X^0	1	97	95
X^1	1	97	92
X^2	1	30	24
X^3	0	28	20
X^4	6	53	45
X^5	0	0	0
X^6	0	0	0
X^7	0	0	0
Diff.	0

X^0	3	30	27
X^1	4	18	15
X^2	3	9	6
X^3	3	3	3
X^4	3	3	3
X^5	2	2	2
X^6	5	5	5
X^7	2	2	2
Diff.	7

X^0	3	32	29
X^1	3	19	16
X^2	3	14	11
X^3	3	6	5
X^4	3	3	3
X^5	0	0	0
X^6	0	0	0
X^7	0	0	0
Diff.	12

X^0	4	286	283
X^1	1	223	221
X^2	1	163	162
X^3	2	118	117
X^4	1	110	109
X^5	1	111	110
X^6	1	60	57
X^7	1	1	1
Diff.	4

X^0	2	58	58
X^1	1	58	58
X^2	1	41	38
X^3	3	38	33
X^4	5	40	35
X^5	1	25	24
X^6	0	12	12
X^7	0	0	0
Diff.	4

X^0	1	152	147
X^1	1	110	104
X^2	1	71	69
X^3	3	75	74
X^4	1	37	34
X^5	0	0	0
X^6	1	1	1
X^7	4	4	4
Diff.	2

X^0	4	388	386
X^1	1	363	361
X^2	1	211	192
X^3	2	192	191
X^4	1	170	169
X^5	1	1	1
X^6	1	1	1
X^7	1	1	1
Diff.	23

X^0	2	75	73
X^1	1	67	65
X^2	3	35	33
X^3	1	28	27
X^4	1	1	1
X^5	1	2	1
X^6	1	1	1
X^7	3	3	3
Diff.	2

X^0	1	119	116
X^1	4	83	80
X^2	4	76	74
X^3	1	42	39
X^4	3	34	32
X^5	3	3	3
X^6	2	2	2
X^7	0	0	0
Diff.	17

X^0	3	40	38
X^1	2	36	34
X^2	1	26	25
X^3	2	17	15
X^4	1	6	3
X^5	1	1	1
X^6	1	1	1
X^7	1	1	1
Diff.	7

X^0	2	123	121
X^1	4	111	108
X^2	6	66	61
X^3	4	58	54
X^4	4	4	4
X^5	1	1	1
X^6	2	2	2
X^7	0	0	0
Diff.	11

X^0	6	38	36
X^1	3	30	27
X^2	1	19	15
X^3	3	12	10
X^4	2	2	2
X^5	2	2	2
X^6	1	1	1
X^7	4	4	4
Diff.	8

X^0	1	134	132
X^1	1	131	128
X^2	1	124	122
X^3	1	57	54
X^4	2	63	61
X^5	1	1	1
X^6	2	2	2
X^7	2	2	2
Diff.	2

X^0	2	16	13
X^1	1	12	8
X^2	1	9	5
X^3	1	6	2
X^4	2	3	2
X^5	7	7	7
X^6	1	1	1
X^7	1	1	1
Diff.	2

X^0	1	46	43
X^1	1	47	46
X^2	3	46	42
X^3	5	28	26
X^4	1	18	16
X^5	1	1	1
X^6	0	0	0
X^7	0	0	0
Diff.	2

X^0	1	145	144
X^1	1	144	142
X^2	1	70	69
X^3	5	74	72
X^4	1	70	69
X^5	2	2	2
X^6	1	1	1
X^7	2	2	2
Diff.	4

X^0	2	93	89
X^1	3	95	86
X^2	3	81	76
X^3	3	52	47
X^4	2	38	33
X^5	2	3	2
X^6	4	4	4
X^7	1	1	1
Diff.	3

X^0	2	24	23
X^1	2	21	18
X^2	2	15	14
X^3	2	8	7
X^4	2	2	2
X^5	1	1	1
X^6	1	1	1
X^7	2	2	2
Diff.	12

X^0	4	33	28
X^1	5	37	33
X^2	4	33	28
X^3	4	20	16
X^4	4	5	4
X^5	4	4	4
X^6	4	4	4
X^7	0	0	0
Diff.	13

X^0	3	64	62
X^1	3	46	43
X^2	3	35	31
X^3	4	33	30
X^4	9	38	34
X^5	2	4	2
X^6	2	2	2
X^7	2	2	2
Diff.	6

X^0	3	49	46
X^1	6	44	41
X^2	2	27	25
X^3	3	13	12
X^4	1	17	15
X^5	1	1	1
X^6	1	1	1
X^7	1	1	1
Diff.	3

X^0	2	14	8
X^1	2	14	11
X^2	2	8	8
X^3	2	7	7
X^4	0	4	0
X^5	1	4	4
X^6	1	4	1
X^7	0	0	0
Diff.	8

X^0	1	45	43
X^1	1	37	35
X^2	1	33	31
X^3	0	31	29
X^4	0	21	21
X^5	0	16	11
X^6	1	7	6
X^7	0	0	0
Diff.	0

X^0	2	35	34
X^1	2	26	23
X^2	2	13	12
X^3	1	4	2
X^4	1	1	1
X^5	2	2	2
X^6	1	1	1
X^7	1	1	1
Diff.	7

X^0	8	39	30
X^1	8	38	24
X^2	8	26	18
X^3	8	21	13
X^4	8	28	20
X^5	8	8	8
X^6	8	8	8
X^7	1	1	1
Diff.	44

X^0	1	73	68
X^1	1	63	59
X^2	1	23	17
X^3	1	21	20
X^4	1	1	1
X^5	1	3	1
X^6	1	1	1
X^7	0	0	0
Diff.	1

X^0	2	29	28
X^1	2	17	16
X^2	2	17	16
X^3	2	6	4
X^4	2	6	5
X^5	1	1	1
X^6	1	1	1
X^7	0	0	0
Diff.	12

X^0	2	86	79
X^1	2	83	81
X^2	2	84	82
X^3	2	50	48
X^4	2	39	35
X^5	2	2	2
X^6	2	2	2
X^7	1	1	1
Diff.	20

X^0	2	4	3
X^1	3	5	4
X^2	2	3	2
X^3	2	2	2
X^4	1	1	1
X^5	2	2	2
X^6	3	3	3
X^7	1	1	1
Diff.	5

X^0	4	210	206
X^1	4	155	154
X^2	4	139	137
X^3	2	107	105
X^4	1	115	113
X^5	1	76	75
X^6	1	56	54
X^7	1	1	1
Diff.	6

X^0	3	980	800
X^1	3	658	654
X^2	3	647	644
X^3	3	326	320
X^4	3	320	317
X^5	3	9	6
X^6	3	3	3
X^7	2	2	2
Diff.	180

X^0	4	59	58
X^1	4	51	50
X^2	3	38	37
X^3	1	2	1
X^4	1	1	1
X^5	1	1	1
X^6	3	7	6
X^7	0	0	0
Diff.	14

X^0	5	23	20
X^1	1	21	20
X^2	1	3	1
X^3	1	1	1
X^4	1	7	6
X^5	2	2	2
X^6	1	1	1
X^7	1	1	1
Diff.	2

X^0	2	24	23
X^1	1	17	15
X^2	7	17	15
X^3	4	12	9
X^4	1	3	1
X^5	1	1	1
X^6	1	1	1
X^7	0	0	0
Diff.	2

X^0	9	868	800
X^1	7	737	737
X^2	4	608	608
X^3	1	484	484
X^4	4	368	365
X^5	1	240	237
X^6	0	126	126
X^7	0	0	0
Diff.	6

X^0	2	176	174
X^1	7	147	146
X^2	2	88	87
X^3	3	34	33
X^4	1	28	28
X^5	0	0	0
X^6	0	0	0
X^7	0	0	0
Diff.	0

X^0	2	233	232
X^1	2	155	154
X^2	2	148	148
X^3	2	70	69
X^4	3	77	77
X^5	1	1	1
X^6	0	0	0
X^7	0	0	0
Diff.	6

X^0	2	77	75
X^1	2	54	45
X^2	1	36	34
X^3	1	18	17
X^4	1	17	16
X^5	1	1	1
X^6	1	1	1
X^7	1	1	1
Diff.	1

X^0	1	89	72
X^1	1	74	67
X^2	1	60	53
X^3	1	25	21
X^4	1	25	21
X^5	4	4	4
X^6	4	4	4
X^7	1	1	1
Diff.	31

X^0	3	25	22
X^1	0	13	10
X^2	0	12	11
X^3	2	7	5
X^4	1	1	1
X^5	1	1	1
X^6	0	0	0
X^7	2	2	2
Diff.	0

X^0	1	48	47
X^1	1	42	38
X^2	2	39	38
X^3	1	21	20
X^4	2	18	15
X^5	1	1	1
X^6	1	1	1
X^7	2	2	2
Diff.	1

X^0	2	35	28
X^1	4	30	29
X^2	1	23	22
X^3	1	11	8
X^4	1	9	8
X^5	1	1	1
X^6	1	1	1
X^7	3	3	3
Diff.	3

X^0	4	74	71
X^1	4	64	58
X^2	1	33	29
X^3	4	31	29
X^4	1	1	1
X^5	1	1	1
X^6	2	2	2
X^7	0	0	0
Diff.	1

X^0	2	150	150
X^1	2	135	133
X^2	4	133	133
X^3	1	134	134
X^4	2	97	96
X^5	0	54	54
X^6	1	42	42
X^7	0	0	0
Diff.	2

X^0	2	91	88
X^1	2	86	82
X^2	2	45	44
X^3	1	41	32
X^4	1	42	41
X^5	1	1	1
X^6	0	0	0
X^7	1	1	1
Diff.	6

X^0	3	30	26
X^1	3	28	23
X^2	3	22	18
X^3	2	14	10
X^4	2	8	4
X^5	3	11	5
X^6	0	0	0
X^7	4	4	4
Diff.	5

X^0	3	122	115
X^1	3	109	108
X^2	3	98	97
X^3	1	98	97
X^4	0	76	73
X^5	0	43	43
X^6	1	33	33
X^7	0	0	0
Diff.	4

X^0	2	20	18
X^1	0	12	11
X^2	1	8	5
X^3	4	6	5
X^4	0	3	2
X^5	1	1	1
X^6	0	0	0
X^7	0	0	0
Diff.	1

X^0	5	33	31
X^1	2	15	13
X^2	2	12	10
X^3	2	4	2
X^4	2	2	2
X^5	2	2	2
X^6	4	4	4
X^7	2	2	2
Diff.	5

X^0	5	48	44
X^1	3	47	40
X^2	5	48	45
X^3	2	24	21
X^4	3	23	19
X^5	3	3	3
X^6	3	3	3
X^7	0	0	0
Diff.	13

X^0	5	98	97
X^1	1	76	74
X^2	2	49	46
X^3	2	17	15
X^4	1	16	14
X^5	1	13	12
X^6	1	3	3
X^7	0	0	0
Diff.	2

X^0	5	232	231
X^1	8	188	187
X^2	2	135	131
X^3	1	88	87
X^4	1	45	38
X^5	6	7	6
X^6	1	1	1
X^7	1	1	1
Diff.	3

X^0	3	35	32
X^1	3	38	32
X^2	3	42	38
X^3	4	18	16
X^4	6	20	18
X^5	3	3	3
X^6	2	2	2
X^7	1	1	1
Diff.	5

X^0	4	29	29
X^1	4	27	23
X^2	4	19	18
X^3	5	17	16
X^4	3	14	13
X^5	3	8	7
X^6	1	6	6
X^7	0	0	0
Diff.	7

X^0	3	86	84
X^1	4	80	78
X^2	4	80	78
X^3	4	61	60
X^4	1	46	43
X^5	2	29	28
X^6	1	20	19
X^7	1	1	1
Diff.	10

X^0	3	103	95
X^1	3	100	100
X^2	3	99	99
X^3	3	49	49
X^4	3	49	43
X^5	0	0	0
X^6	0	0	0
X^7	0	0	0
Diff.	10

X^0	4	13	8
X^1	4	8	6
X^2	4	7	4
X^3	5	6	5
X^4	4	6	4
X^5	2	2	2
X^6	1	1	1
X^7	1	1	1
Diff.	11

X^0	2	435	433
X^1	4	432	430
X^2	2	422	419
X^3	2	214	212
X^4	2	203	200
X^5	2	2	2
X^6	2	2	2
X^7	0	0	0
Diff.	8

X^0	3	150	146
X^1	3	90	84
X^2	3	73	69
X^3	3	3	3
X^4	3	14	10
X^5	3	3	3
X^6	3	3	3
X^7	0	0	0
Diff.	10

X^0	3	22	17
X^1	3	16	16
X^2	3	14	14
X^3	8	17	16
X^4	3	12	12
X^5	1	9	9
X^6	0	1	1
X^7	0	0	0
Diff.	6

X^0	6	52	50
X^1	5	47	46
X^2	8	43	43
X^3	3	24	17
X^4	1	17	14
X^5	1	1	1
X^6	0	0	0
X^7	0	0	0
Diff.	7

X^0	2	546	541
X^1	2	546	541
X^2	2	277	271
X^3	3	273	270
X^4	2	269	264
X^5	4	4	4
X^6	0	0	0
X^7	1	1	1
Diff.	27

X^0	2	68	65
X^1	3	58	58
X^2	0	35	35
X^3	0	24	24
X^4	0	26	26
X^5	0	0	0
X^6	0	0	0
X^7	1	1	1
Diff.	2

X^0	2	97	96
X^1	2	87	86
X^2	5	92	91
X^3	3	72	71
X^4	1	51	49
X^5	0	31	29
X^6	3	22	22
X^7	0	0	0
Diff.	1

X^0	4	380	377
X^1	3	365	356
X^2	3	190	185
X^3	4	182	179
X^4	3	3	3
X^5	3	3	3
X^6	3	3	3
X^7	5	5	5
Diff.	9

X^0	2	18	16
X^1	2	6	5
X^2	2	2	2
X^3	2	2	2
X^4	2	2	2
X^5	2	2	2
X^6	1	3	3
X^7	0	0	0
Diff.	11

X^0	4	229	229
X^1	3	154	149
X^2	3	144	143
X^3	3	75	70
X^4	3	70	65
X^5	3	3	3
X^6	0	0	0
X^7	5	5	5
Diff.	11

X^0	5	29	26
X^1	4	23	20
X^2	4	22	19
X^3	3	5	3
X^4	3	5	3
X^5	3	3	3
X^6	3	3	3
X^7	1	1	1
Diff.	10

X^0	1	67	64
X^1	1	53	50
X^2	1	31	29
X^3	3	25	18
X^4	0	23	21
X^5	0	0	0
X^6	1	1	1
X^7	1	1	1
Diff.	2

X^0	4	527	526
X^1	5	386	384
X^2	5	330	329
X^3	1	190	187
X^4	1	137	135
X^5	1	1	1
X^6	1	1	1
X^7	0	0	0
Diff.	6

X^0	4	85	83
X^1	2	82	77
X^2	2	86	84
X^3	2	24	22
X^4	2	33	27
X^5	2	2	2
X^6	2	2	2
X^7	5	5	5
Diff.	9

X^0	1	79	78
X^1	1	47	46
X^2	1	51	50
X^3	1	22	21
X^4	1	26	25
X^5	1	1	1
X^6	1	1	1
X^7	0	0	0
Diff.	1

X^0	3	94	90
X^1	1	53	52
X^2	1	44	43
X^3	1	5	3
X^4	3	3	3
X^5	1	1	1
X^6	1	1	1
X^7	5	5	5
Diff.	3

X^0	4	410	404
X^1	2	389	384
X^2	3	380	375
X^3	1	201	194
X^4	3	184	178
X^5	1	5	1
X^6	5	5	5
X^7	1	1	1
Diff.	3

X^0	5	46	41
X^1	5	41	35
X^2	5	30	29
X^3	5	16	11
X^4	5	10	9
X^5	5	5	5
X^6	0	0	0
X^7	0	0	0
Diff.	23

X^0	1	48	39
X^1	1	36	31
X^2	1	29	26
X^3	1	17	13
X^4	1	15	12
X^5	1	1	1
X^6	3	3	3
X^7	2	2	2
Diff.	6

X^0	4	120	115
X^1	4	104	103
X^2	4	63	58
X^3	4	62	58
X^4	4	41	38
X^5	4	4	4
X^6	1	1	1
X^7	1	1	1
Diff.	12

X^0	4	106	100
X^1	4	99	95
X^2	0	68	63
X^3	0	44	40
X^4	2	19	16
X^5	4	4	4
X^6	0	0	0
X^7	0	0	0
Diff.	1

X^0	7	61	56
X^1	5	43	39
X^2	5	27	19
X^3	5	24	20
X^4	9	28	24
X^5	4	4	4
X^6	4	4	4
X^7	0	0	0
Diff.	21

X^0	3	53	48
X^1	2	48	46
X^2	2	30	28
X^3	1	24	23
X^4	1	20	18
X^5	1	1	1
X^6	1	1	1
X^7	3	3	3
Diff.	1

X^0	3	102	99
X^1	3	66	63
X^2	3	67	63
X^3	6	34	27
X^4	2	29	25
X^5	7	7	7
X^6	2	2	2
X^7	0	0	0
Diff.	11

X^0	2	80	79
X^1	1	81	80
X^2	1	57	57
X^3	1	37	36
X^4	1	14	14
X^5	1	2	1
X^6	1	2	1
X^7	0	0	0
Diff.	26

X^0	3	26	24
X^1	4	28	26
X^2	3	25	24
X^3	2	13	12
X^4	1	13	4
X^5	1	1	1
X^6	1	1	1
X^7	0	0	0
Diff.	6

X^0	1	73	68
X^1	1	48	46
X^2	1	35	28
X^3	1	32	30
X^4	1	12	10
X^5	1	1	1
X^6	2	2	2
X^7	0	0	0
Diff.	10

X^0	1	210	208
X^1	1	136	134
X^2	2	126	125
X^3	2	57	55
X^4	1	55	55
X^5	2	2	2
X^6	0	0	0
X^7	1	1	1
Diff.	12

X^0	5	69	68
X^1	3	47	44
X^2	1	43	41
X^3	3	23	22
X^4	1	19	15
X^5	1	1	1
X^6	1	1	1
X^7	0	0	0
Diff.	9

X^0	4	68	61
X^1	2	41	39
X^2	2	39	36
X^3	2	25	23
X^4	2	18	16
X^5	2	2	2
X^6	1	1	1
X^7	0	0	0
Diff.	3

X^0	2	29	26
X^1	3	33	30
X^2	2	24	17
X^3	2	18	16
X^4	2	12	10
X^5	2	8	5
X^6	2	6	4
X^7	2	2	2
Diff.	11

X^0	6	95	91
X^1	5	86	81
X^2	5	66	62
X^3	5	37	33
X^4	2	21	16
X^5	4	4	4
X^6	4	4	4
X^7	0	0	0
Diff.	36

X^0	3	34	30
X^1	5	28	26
X^2	4	24	20
X^3	3	11	9
X^4	2	10	6
X^5	2	2	2
X^6	1	1	1
X^7	2	2	2
Diff.	17

X^0	2	91	89
X^1	2	61	59
X^2	2	52	49
X^3	3	27	22
X^4	2	19	17
X^5	2	12	9
X^6	2	2	2
X^7	1	1	1
Diff.	4

X^0	3	38	38
X^1	4	35	34
X^2	3	26	26
X^3	5	22	19
X^4	3	15	15
X^5	1	5	3
X^6	1	5	4
X^7	0	0	0
Diff.	7

X^0	2	41	39
X^1	2	38	36
X^2	2	24	21
X^3	2	16	13
X^4	2	13	10
X^5	2	2	2
X^6	2	2	2
X^7	1	1	1
Diff.	13

X^0	2	662	658
X^1	1	622	622
X^2	1	620	620
X^3	1	304	301
X^4	1	292	290
X^5	1	1	1
X^6	0	0	0
X^7	1	1	1
Diff.	153

X^0	1	165	162
X^1	1	160	158
X^2	2	159	158
X^3	1	78	75
X^4	0	77	72
X^5	3	3	3
X^6	1	1	1
X^7	0	0	0
Diff.	0

X^0	5	93	88
X^1	5	59	54
X^2	5	54	49
X^3	7	26	18
X^4	5	22	15
X^5	5	5	5
X^6	5	5	5
X^7	1	1	1
Diff.	19

X^0	2	581	577
X^1	2	578	573
X^2	4	298	295
X^3	2	281	278
X^4	2	287	284
X^5	3	3	3
X^6	2	2	2
X^7	2	2	2
Diff.	84

X^0	3	44	42
X^1	1	31	31
X^2	3	32	32
X^3	2	10	9
X^4	0	11	11
X^5	1	1	1
X^6	0	0	0
X^7	0	0	0
Diff.	1

X^0	3	34	31
X^1	3	34	31
X^2	3	20	18
X^3	3	3	3
X^4	2	2	2
X^5	2	2	2
X^6	1	1	1
X^7	8	8	8
Diff.	8

X^0	4	33	27
X^1	4	22	15
X^2	4	20	15
X^3	4	13	7
X^4	4	7	4
X^5	4	4	4
X^6	6	6	6
X^7	0	0	0
Diff.	14

X^0	2	77	77
X^1	2	51	51
X^2	2	49	49
X^3	6	26	24
X^4	6	26	26
X^5	2	20	20
X^6	2	20	20
X^7	0	0	0
Diff.	6

X^0	4	700	699
X^1	1	467	465
X^2	2	461	456
X^3	1	232	230
X^4	2	231	230
X^5	1	2	1
X^6	1	1	1
X^7	2	2	2
Diff.	1

X^0	4	319	315
X^1	3	200	195
X^2	3	194	189
X^3	1	75	71
X^4	1	69	62
X^5	1	1	1
X^6	4	4	4
X^7	0	0	0
Diff.	2

X^0	4	11	10
X^1	3	7	5
X^2	2	4	2
X^3	0	4	2
X^4	1	1	1
X^5	1	1	1
X^6	2	2	2
X^7	0	0	0
Diff.	2

X^0	1	211	210
X^1	2	204	203
X^2	5	110	109
X^3	1	100	99
X^4	0	97	96
X^5	1	1	1
X^6	1	1	1
X^7	1	1	1
Diff.	3

X^0	3	293	291
X^1	2	291	287
X^2	2	276	274
X^3	2	130	125
X^4	2	126	121
X^5	2	2	2
X^6	2	2	2
X^7	3	3	3
Diff.	5

X^0	4	22	21
X^1	7	15	14
X^2	3	12	9
X^3	5	6	5
X^4	2	4	2
X^5	1	1	1
X^6	1	1	1
X^7	1	1	1
Diff.	6

X^0	3	360	354
X^1	1	283	282
X^2	1	170	158
X^3	1	126	126
X^4	0	126	126
X^5	1	1	1
X^6	0	0	0
X^7	1	1	1
Diff.	82

X^0	9	413	404
X^1	9	412	403
X^2	9	412	402
X^3	9	201	192
X^4	9	199	187
X^5	9	12	9
X^6	9	9	9
X^7	0	0	0
Diff.	44

X^0	3	89	83
X^1	3	82	79
X^2	7	48	43
X^3	3	44	41
X^4	8	46	43
X^5	3	3	3
X^6	2	2	2
X^7	3	3	3
Diff.	12

X^0	3	20	15
X^1	2	17	17
X^2	2	15	15
X^3	1	10	8
X^4	5	11	11
X^5	4	6	6
X^6	0	0	0
X^7	0	0	0
Diff.	3

X^0	1	43	35
X^1	2	30	23
X^2	2	24	18
X^3	1	4	1
X^4	1	1	1
X^5	6	6	6
X^6	1	1	1
X^7	0	0	0
Diff.	0

X^0	1	58	56
X^1	2	54	52
X^2	2	49	44
X^3	3	27	18
X^4	3	22	21
X^5	1	1	1
X^6	1	1	1
X^7	1	1	1
Diff.	3

X^0	3	75	75
X^1	3	61	61
X^2	3	56	54
X^3	3	59	59
X^4	3	41	39
X^5	0	21	21
X^6	0	3	3
X^7	0	0	0
Diff.	9

X^0	2	86	79
X^1	3	61	59
X^2	4	42	41
X^3	1	25	23
X^4	1	13	10
X^5	1	1	1
X^6	2	2	2
X^7	0	0	0
Diff.	4

X^0	3	25	23
X^1	3	20	17
X^2	3	18	12
X^3	3	12	8
X^4	3	12	7
X^5	3	8	4
X^6	6	11	9
X^7	2	2	2
Diff.	9

X^0	2	69	67
X^1	2	55	51
X^2	3	53	51
X^3	3	30	23
X^4	2	24	22
X^5	3	8	5
X^6	2	2	2
X^7	0	0	0
Diff.	10

X^0	3	25	21
X^1	1	18	16
X^2	3	12	9
X^3	1	11	7
X^4	0	0	0
X^5	0	0	0
X^6	2	2	2
X^7	0	0	0
Diff.	3

X^0	1	61	59
X^1	2	43	42
X^2	3	12	11
X^3	1	14	13
X^4	1	1	1
X^5	1	1	1
X^6	1	1	1
X^7	0	0	0
Diff.	4

X^0	2	94	93
X^1	3	77	76
X^2	2	56	49
X^3	2	41	38
X^4	1	42	41
X^5	1	1	1
X^6	1	1	1
X^7	2	2	2
Diff.	4

X^0	3	128	124
X^1	3	127	115
X^2	3	124	123
X^3	3	57	54
X^4	3	54	54
X^5	5	5	5
X^6	0	0	0
X^7	0	0	0
Diff.	9

X^0	1	42	36
X^1	1	30	27
X^2	1	23	22
X^3	1	14	8
X^4	1	4	1
X^5	0	0	0
X^6	3	3	3
X^7	2	2	2
Diff.	1

X^0	4	382	381
X^1	0	383	382
X^2	0	314	314
X^3	3	251	251
X^4	2	184	181
X^5	2	115	114
X^6	0	69	69
X^7	0	0	0
Diff.	8

X^0	5	676	674
X^1	5	576	573
X^2	5	481	477
X^3	5	384	382
X^4	5	287	285
X^5	3	192	187
X^6	3	95	92
X^7	2	2	2
Diff.	11

X^0	2	55	52
X^1	2	39	37
X^2	2	33	31
X^3	2	22	17
X^4	2	19	14
X^5	2	2	2
X^6	2	2	2
X^7	0	0	0
Diff.	13

X^0	5	47	43
X^1	5	35	28
X^2	5	25	20
X^3	5	15	9
X^4	2	12	9
X^5	2	2	2
X^6	2	2	2
X^7	0	0	0
Diff.	18

X^0	3	6	3
X^1	2	5	2
X^2	2	4	2
X^3	2	3	2
X^4	2	2	2
X^5	2	2	2
X^6	2	2	2
X^7	3	3	3
Diff.	10

X^0	2	84	80
X^1	2	60	57
X^2	2	48	44
X^3	3	29	27
X^4	4	39	35
X^5	2	25	23
X^6	0	15	12
X^7	2	2	2
Diff.	1

X^0	2	36	28
X^1	1	22	20
X^2	1	20	17
X^3	1	10	5
X^4	1	1	1
X^5	1	1	1
X^6	1	1	1
X^7	0	0	0
Diff.	6

X^0	7	587	581
X^1	7	574	568
X^2	13	575	571
X^3	1	255	250
X^4	3	255	252
X^5	5	5	5
X^6	3	3	3
X^7	0	0	0
Diff.	17

X^0	5	148	146
X^1	3	141	138
X^2	2	67	63
X^3	2	65	62
X^4	2	2	2
X^5	2	2	2
X^6	2	2	2
X^7	0	0	0
Diff.	13

X^0	3	134	131
X^1	3	117	115
X^2	1	63	62
X^3	1	61	58
X^4	1	61	60
X^5	1	1	1
X^6	1	1	1
X^7	0	0	0
Diff.	18

X^0	1	135	129
X^1	2	100	97
X^2	2	78	76
X^3	2	44	39
X^4	2	10	6
X^5	2	2	2
X^6	2	2	2
X^7	0	0	0
Diff.	22

X^0	2	255	249
X^1	3	244	241
X^2	2	140	135
X^3	2	107	104
X^4	2	105	102
X^5	2	2	2
X^6	0	0	0
X^7	0	0	0
Diff.	4

X^0	2	15	12
X^1	4	12	11
X^2	1	11	10
X^3	3	8	5
X^4	2	6	5
X^5	1	1	1
X^6	1	1	1
X^7	0	0	0
Diff.	4

X^0	2	39	38
X^1	2	32	31
X^2	4	32	30
X^3	1	13	12
X^4	1	14	12
X^5	3	7	5
X^6	1	1	1
X^7	0	0	0
Diff.	3

X^0	2	19	14
X^1	2	14	10
X^2	5	13	9
X^3	2	5	2
X^4	3	8	4
X^5	5	5	5
X^6	3	3	3
X^7	2	2	2
Diff.	2

X^0	2	21	20
X^1	2	22	20
X^2	5	27	26
X^3	1	10	7
X^4	2	13	8
X^5	1	3	1
X^6	1	1	1
X^7	0	0	0
Diff.	4

X^0	3	19	16
X^1	3	15	8
X^2	3	11	7
X^3	3	8	7
X^4	3	7	6
X^5	1	1	1
X^6	0	0	0
X^7	1	1	1
Diff.	14

X^0	4	27	27
X^1	4	20	18
X^2	0	12	8
X^3	2	5	2
X^4	2	4	3
X^5	2	4	4
X^6	0	1	1
X^7	0	0	0
Diff.	12

X^0	2	162	159
X^1	2	163	161
X^2	4	158	154
X^3	1	81	79
X^4	1	76	75
X^5	4	9	8
X^6	1	1	1
X^7	1	1	1
Diff.	3

X^0	2	280	277
X^1	2	183	179
X^2	2	179	175
X^3	2	85	82
X^4	2	85	83
X^5	2	2	2
X^6	2	2	2
X^7	0	0	0
Diff.	13

X^0	3	30	26
X^1	6	25	23
X^2	1	15	14
X^3	2	9	5
X^4	2	3	2
X^5	1	1	1
X^6	3	3	3
X^7	0	0	0
Diff.	0

X^0	1	23	20
X^1	1	19	13
X^2	2	22	19
X^3	5	12	9
X^4	4	13	11
X^5	3	3	3
X^6	2	2	2
X^7	0	0	0
Diff.	2

X^0	4	58	53
X^1	4	38	31
X^2	4	19	14
X^3	4	4	4
X^4	4	4	4
X^5	4	4	4
X^6	4	4	4
X^7	2	2	2
Diff.	17

X^0	2	16	14
X^1	2	9	4
X^2	4	10	6
X^3	2	2	2
X^4	2	2	2
X^5	5	5	5
X^6	1	1	1
X^7	0	0	0
Diff.	4

X^0	4	194	191
X^1	4	133	129
X^2	1	121	115
X^3	4	64	59
X^4	1	52	49
X^5	1	1	1
X^6	3	3	3
X^7	1	1	1
Diff.	4

X^0	3	88	85
X^1	4	59	57
X^2	2	43	42
X^3	1	17	13
X^4	1	17	16
X^5	2	2	2
X^6	0	0	0
X^7	3	3	3
Diff.	3

X^0	2	188	183
X^1	2	124	122
X^2	2	124	123
X^3	3	64	61
X^4	1	62	61
X^5	1	1	1
X^6	1	1	1
X^7	1	1	1
Diff.	5

X^0	3	72	72
X^1	6	51	49
X^2	3	46	45
X^3	3	24	20
X^4	1	21	21
X^5	2	2	2
X^6	0	0	0
X^7	2	2	2
Diff.	5

X^0	3	193	190
X^1	3	178	174
X^2	3	102	97
X^3	3	94	89
X^4	4	82	81
X^5	3	3	3
X^6	0	0	0
X^7	3	3	3
Diff.	22

X^0	3	45	42
X^1	2	34	31
X^2	1	33	30
X^3	1	15	13
X^4	2	6	6
X^5	1	1	1
X^6	0	0	0
X^7	2	2	2
Diff.	3

X^0	3	45	45
X^1	1	29	28
X^2	3	25	23
X^3	3	12	10
X^4	6	14	14
X^5	1	1	1
X^6	0	0	0
X^7	1	1	1
Diff.	9

X^0	3	530	527
X^1	5	527	523
X^2	1	279	277
X^3	1	262	260
X^4	2	260	257
X^5	1	1	1
X^6	2	2	2
X^7	0	0	0
Diff.	3

X^0	4	38	35
X^1	5	33	31
X^2	1	26	26
X^3	2	14	13
X^4	0	11	11
X^5	1	1	1
X^6	0	0	0
X^7	1	1	1
Diff.	1

X^0	2	29	27
X^1	2	28	26
X^2	2	28	26
X^3	2	17	15
X^4	2	13	11
X^5	2	2	2
X^6	2	2	2
X^7	0	0	0
Diff.	23

X^0	2	24	19
X^1	2	12	10
X^2	6	17	14
X^3	2	2	2
X^4	1	1	1
X^5	1	1	1
X^6	3	3	3
X^7	1	1	1
Diff.	1

X^0	1	13	10
X^1	2	9	8
X^2	0	7	3
X^3	0	0	0
X^4	0	1	1
X^5	1	1	1
X^6	0	0	0
X^7	0	0	0
Diff.	0

X^0	5	105	101
X^1	4	88	84
X^2	4	63	59
X^3	4	42	37
X^4	4	36	32
X^5	4	4	4
X^6	4	4	4
X^7	1	1	1
Diff.	12

X^0	3	119	115
X^1	7	79	76
X^2	3	64	60
X^3	3	22	18
X^4	3	24	21
X^5	3	3	3
X^6	3	3	3
X^7	1	1	1
Diff.	11

X^0	3	383	380
X^1	2	372	371
X^2	1	189	189
X^3	0	187	186
X^4	0	188	186
X^5	1	1	1
X^6	0	0	0
X^7	2	2	2
Diff.	1

X^0	2	60	59
X^1	5	64	63
X^2	1	59	58
X^3	1	23	22
X^4	1	23	22
X^5	1	1	1
X^6	1	1	1
X^7	0	0	0
Diff.	6

X^0	6	20	19
X^1	4	7	6
X^2	3	5	3
X^3	1	1	1
X^4	0	0	0
X^5	1	1	1
X^6	3	3	3
X^7	1	1	1
Diff.	4

X^0	2	198	195
X^1	2	197	194
X^2	2	185	182
X^3	2	97	91
X^4	2	91	85
X^5	3	3	3
X^6	3	3	3
X^7	0	0	0
Diff.	19

X^0	3	160	157
X^1	2	144	140
X^2	2	145	139
X^3	2	69	68
X^4	3	70	69
X^5	1	1	1
X^6	1	1	1
X^7	0	0	0
Diff.	4

X^0	2	7	4
X^1	1	6	1
X^2	4	7	4
X^3	3	3	3
X^4	8	8	8
X^5	2	2	2
X^6	2	2	2
X^7	0	0	0
Diff.	8

X^0	3	94	92
X^1	3	63	61
X^2	3	61	60
X^3	3	30	27
X^4	1	29	27
X^5	2	2	2
X^6	1	1	1
X^7	1	1	1
Diff.	14

X^0	3	68	65
X^1	3	61	58
X^2	5	49	46
X^3	6	40	38
X^4	2	2	2
X^5	2	2	2
X^6	1	1	1
X^7	0	0	0
Diff.	8

X^0	2	355	351
X^1	2	349	346
X^2	2	345	345
X^3	2	168	162
X^4	0	166	164
X^5	3	3	3
X^6	0	0	0
X^7	3	3	3
Diff.	14

X^0	3	299	296
X^1	1	233	229
X^2	2	169	168
X^3	1	104	103
X^4	3	45	44
X^5	1	1	1
X^6	1	1	1
X^7	1	1	1
Diff.	4

X^0	4	285	281
X^1	4	285	281
X^2	4	228	224
X^3	4	164	158
X^4	4	98	93
X^5	4	78	72
X^6	4	68	64
X^7	4	4	4
Diff.	19

X^0	2	65	61
X^1	2	37	35
X^2	2	36	34
X^3	2	11	6
X^4	2	10	5
X^5	0	0	0
X^6	2	2	2
X^7	7	7	7
Diff.	1

X^0	3	69	66
X^1	3	59	56
X^2	3	32	26
X^3	3	34	31
X^4	3	3	3
X^5	3	3	3
X^6	3	3	3
X^7	0	0	0
Diff.	17

X^0	3	22	19
X^1	2	20	19
X^2	2	19	19
X^3	3	5	3
X^4	4	4	4
X^5	0	0	0
X^6	1	1	1
X^7	1	1	1
Diff.	4

X^0	2	18	17
X^1	3	13	12
X^2	3	12	11
X^3	1	5	4
X^4	2	3	2
X^5	1	1	1
X^6	1	1	1
X^7	0	0	0
Diff.	6

X^0	3	208	207
X^1	3	140	137
X^2	3	130	128
X^3	5	65	65
X^4	5	64	64
X^5	0	0	0
X^6	0	0	0
X^7	0	0	0
Diff.	7

X^0	2	22	16
X^1	2	10	7
X^2	2	9	7
X^3	2	2	2
X^4	3	4	3
X^5	2	2	2
X^6	6	6	6
X^7	2	2	2
Diff.	4

X^0	6	255	252
X^1	8	226	224
X^2	2	122	119
X^3	4	84	81
X^4	2	2	2
X^5	1	1	1
X^6	2	2	2
X^7	0	0	0
Diff.	3

X^0	3	26	20
X^1	5	21	19
X^2	1	19	17
X^3	1	9	7
X^4	2	9	8
X^5	0	0	0
X^6	0	0	0
X^7	0	0	0
Diff.	3

X^0	2	104	102
X^1	2	85	83
X^2	2	65	59
X^3	2	63	61
X^4	4	65	63
X^5	2	41	37
X^6	2	21	17
X^7	2	2	2
Diff.	6

X^0	4	100	99
X^1	4	61	57
X^2	4	49	46
X^3	4	29	25
X^4	4	20	19
X^5	4	4	4
X^6	0	0	0
X^7	0	0	0
Diff.	13

X^0	3	340	338
X^1	4	337	336
X^2	2	164	163
X^3	1	161	158
X^4	1	1	1
X^5	1	1	1
X^6	0	0	0
X^7	1	1	1
Diff.	5

X^0	4	12	9
X^1	3	12	8
X^2	4	5	4
X^3	3	3	3
X^4	2	2	2
X^5	3	3	3
X^6	1	1	1
X^7	0	0	0
Diff.	12

X^0	3	40	36
X^1	3	25	20
X^2	3	25	19
X^3	3	13	7
X^4	3	13	10
X^5	3	3	3
X^6	3	3	3
X^7	0	0	0
Diff.	13

X^0	2	14	11
X^1	2	8	5
X^2	2	5	4
X^3	2	4	3
X^4	6	7	6
X^5	1	1	1
X^6	1	1	1
X^7	2	2	2
Diff.	9

X^0	4	17	14
X^1	4	11	8
X^2	4	8	5
X^3	4	4	4
X^4	3	3	3
X^5	2	2	2
X^6	3	3	3
X^7	5	5	5
Diff.	12

X^0	3	281	279
X^1	3	258	256
X^2	3	254	251
X^3	4	123	121
X^4	3	114	112
X^5	2	2	2
X^6	2	2	2
X^7	1	1	1
Diff.	13

X^0	1	46	45
X^1	2	33	29
X^2	2	25	22
X^3	1	11	7
X^4	1	3	2
X^5	5	5	5
X^6	1	1	1
X^7	1	1	1
Diff.	1

X^0	6	213	208
X^1	4	191	189
X^2	3	104	101
X^3	2	88	85
X^4	2	90	88
X^5	3	4	3
X^6	2	2	2
X^7	0	0	0
Diff.	10

X^0	3	127	123
X^1	3	97	94
X^2	3	65	62
X^3	3	61	56
X^4	3	32	32
X^5	3	32	27
X^6	3	32	32
X^7	0	0	0
Diff.	12

X^0	4	10	9
X^1	1	5	3
X^2	4	5	4
X^3	1	1	1
X^4	1	1	1
X^5	1	1	1
X^6	2	2	2
X^7	0	0	0
Diff.	2

X^0	2	39	37
X^1	2	40	37
X^2	4	40	38
X^3	2	17	11
X^4	2	16	14
X^5	2	3	2
X^6	2	2	2
X^7	3	3	3
Diff.	7

X^0	2	22	20
X^1	4	17	14
X^2	3	10	8
X^3	2	4	2
X^4	2	2	2
X^5	2	2	2
X^6	1	1	1
X^7	2	2	2
Diff.	7

X^0	2	109	107
X^1	2	75	71
X^2	2	67	60
X^3	2	36	34
X^4	2	31	28
X^5	2	2	2
X^6	2	2	2
X^7	2	2	2
Diff.	4

X^0	4	29	29
X^1	3	26	24
X^2	2	28	28
X^3	5	16	15
X^4	0	12	12
X^5	0	0	0
X^6	0	0	0
X^7	0	0	0
Diff.	1

X^0	1	14	10
X^1	1	11	11
X^2	0	10	10
X^3	1	4	1
X^4	0	0	0
X^5	0	0	0
X^6	5	5	5
X^7	0	0	0
Diff.	0

X^0	3	14	11
X^1	3	9	7
X^2	4	10	5
X^3	3	3	3
X^4	3	5	3
X^5	3	3	3
X^6	2	2	2
X^7	2	2	2
Diff.	10

X^0	3	61	57
X^1	3	42	38
X^2	3	27	22
X^3	3	15	12
X^4	3	4	3
X^5	3	3	3
X^6	3	3	3
X^7	0	0	0
Diff.	10

X^0	4	113	112
X^1	3	115	114
X^2	2	92	91
X^3	2	31	31
X^4	2	31	31
X^5	0	0	0
X^6	0	0	0
X^7	0	0	0
Diff.	39

X^0	2	118	117
X^1	5	75	72
X^2	5	75	75
X^3	2	35	35
X^4	1	35	35
X^5	0	0	0
X^6	0	0	0
X^7	0	0	0
Diff.	10

X^0	1	14	13
X^1	1	10	9
X^2	1	2	1
X^3	1	1	1
X^4	0	0	0
X^5	0	0	0
X^6	0	0	0
X^7	0	0	0
Diff.	2

X^0	3	13	10
X^1	5	12	9
X^2	3	9	5
X^3	3	5	4
X^4	4	5	4
X^5	3	3	3
X^6	1	1	1
X^7	1	1	1
Diff.	5

X^0	2	58	45
X^1	2	50	38
X^2	2	41	39
X^3	3	39	37
X^4	2	29	26
X^5	2	12	9
X^6	2	4	2
X^7	2	2	2
Diff.	6

X^0	2	19	18
X^1	1	13	10
X^2	3	12	11
X^3	1	4	3
X^4	0	1	0
X^5	1	1	1
X^6	0	0	0
X^7	0	0	0
Diff.	2

X^0	3	61	59
X^1	1	54	52
X^2	4	33	31
X^3	1	30	27
X^4	1	35	33
X^5	3	8	6
X^6	1	1	1
X^7	0	0	0
Diff.	3

X^0	3	111	110
X^1	3	98	93
X^2	3	66	65
X^3	3	26	24
X^4	1	34	30
X^5	3	3	3
X^6	1	1	1
X^7	1	1	1
Diff.	7

X^0	2	33	32
X^1	3	27	26
X^2	0	14	13
X^3	1	18	17
X^4	4	19	18
X^5	0	5	5
X^6	0	5	4
X^7	0	0	0
Diff.	6

X^0	1	43	43
X^1	1	35	35
X^2	1	26	26
X^3	1	19	19
X^4	1	11	10
X^5	1	6	4
X^6	1	1	1
X^7	0	0	0
Diff.	2

X^0	1	79	76
X^1	0	79	70
X^2	2	48	43
X^3	2	38	32
X^4	0	27	25
X^5	4	4	4
X^6	2	2	2
X^7	1	1	1
Diff.	0

X^0	2	42	39
X^1	2	37	35
X^2	2	19	14
X^3	3	19	14
X^4	2	23	18
X^5	3	3	3
X^6	2	2	2
X^7	3	3	3
Diff.	4

X^0	9	742	739
X^1	3	508	505
X^2	3	478	473
X^3	3	252	245
X^4	5	229	225
X^5	3	3	3
X^6	3	3	3
X^7	0	0	0
Diff.	30

X^0	2	19	14
X^1	2	21	21
X^2	0	17	17
X^3	0	7	5
X^4	2	11	6
X^5	0	0	0
X^6	0	0	0
X^7	0	0	0
Diff.	6

X^0	4	225	221
X^1	4	225	221
X^2	3	222	221
X^3	2	110	106
X^4	4	110	109
X^5	4	4	4
X^6	1	1	1
X^7	6	6	6
Diff.	10

X^0	2	27	26
X^1	2	16	14
X^2	2	15	14
X^3	2	5	3
X^4	2	4	2
X^5	1	1	1
X^6	1	1	1
X^7	1	1	1
Diff.	7

X^0	1	8	5
X^1	2	7	6
X^2	3	7	6
X^3	1	3	1
X^4	1	2	1
X^5	2	2	2
X^6	1	1	1
X^7	8	8	8
Diff.	2

X^0	4	58	51
X^1	4	47	40
X^2	4	33	29
X^3	4	17	11
X^4	4	4	4
X^5	4	4	4
X^6	3	3	3
X^7	0	0	0
Diff.	16

X^0	5	23	19
X^1	0	14	9
X^2	2	9	6
X^3	0	5	4
X^4	1	1	1
X^5	2	2	2
X^6	1	4	3
X^7	0	0	0
Diff.	4

X^0	3	84	81
X^1	5	85	83
X^2	2	42	41
X^3	1	35	34
X^4	1	45	44
X^5	1	2	1
X^6	1	1	1
X^7	0	0	0
Diff.	4

X^0	2	23	21
X^1	3	14	11
X^2	5	16	14
X^3	3	3	3
X^4	2	8	6
X^5	3	3	3
X^6	3	3	3
X^7	0	0	0
Diff.	5

X^0	4	46	42
X^1	4	43	39
X^2	7	40	39
X^3	3	21	17
X^4	5	21	21
X^5	4	4	4
X^6	0	0	0
X^7	2	2	2
Diff.	8

X^0	1	57	56
X^1	1	40	33
X^2	1	33	31
X^3	1	21	20
X^4	1	6	5
X^5	1	1	1
X^6	1	1	1
X^7	1	1	1
Diff.	1

X^0	3	124	118
X^1	3	84	78
X^2	3	80	74
X^3	3	39	31
X^4	3	37	30
X^5	3	3	3
X^6	6	6	6
X^7	1	1	1
Diff.	11

X^0	2	514	514
X^1	2	502	502
X^2	2	503	503
X^3	2	236	236
X^4	1	262	259
X^5	0	0	0
X^6	0	0	0
X^7	0	0	0
Diff.	5

X^0	2	31	28
X^1	3	26	24
X^2	1	20	19
X^3	1	13	11
X^4	1	8	7
X^5	1	1	1
X^6	1	1	1
X^7	0	0	0
Diff.	5

X^0	2	48	47
X^1	2	29	27
X^2	4	35	34
X^3	1	11	10
X^4	5	5	5
X^5	0	0	0
X^6	1	1	1
X^7	0	0	0
Diff.	1

X^0	3	158	156
X^1	3	153	149
X^2	3	156	152
X^3	5	127	124
X^4	2	93	91
X^5	2	63	60
X^6	2	32	29
X^7	2	2	2
Diff.	9

X^0	4	51	50
X^1	4	39	39
X^2	4	28	27
X^3	4	18	17
X^4	4	12	9
X^5	4	4	4
X^6	2	12	9
X^7	0	0	0
Diff.	11

X^0	3	47	42
X^1	4	35	31
X^2	3	27	22
X^3	3	26	21
X^4	3	13	9
X^5	3	3	3
X^6	3	3	3
X^7	2	2	2
Diff.	7

X^0	4	35	32
X^1	1	20	16
X^2	1	15	13
X^3	4	8	6
X^4	1	4	2
X^5	1	1	1
X^6	2	2	2
X^7	4	4	4
Diff.	1

X^0	5	68	67
X^1	5	63	61
X^2	5	61	60
X^3	3	34	33
X^4	3	30	28
X^5	0	0	0
X^6	1	1	1
X^7	1	1	1
Diff.	11

X^0	2	25	21
X^1	1	22	17
X^2	10	21	17
X^3	4	13	8
X^4	4	8	4
X^5	4	4	4
X^6	2	2	2
X^7	0	0	0
Diff.	12

X^0	3	6	3
X^1	3	6	3
X^2	3	3	3
X^3	3	3	3
X^4	3	3	3
X^5	2	2	2
X^6	5	5	5
X^7	0	0	0
Diff.	13

X^0	5	54	49
X^1	5	33	27
X^2	5	31	26
X^3	5	10	5
X^4	5	15	10
X^5	5	5	5
X^6	5	5	5
X^7	0	0	0
Diff.	28

X^0	2	105	101
X^1	2	102	100
X^2	2	55	53
X^3	2	41	38
X^4	2	43	39
X^5	1	1	1
X^6	1	1	1
X^7	0	0	0
Diff.	6

X^0	2	6	3
X^1	2	6	2
X^2	7	13	11
X^3	3	7	5
X^4	2	5	2
X^5	2	2	2
X^6	2	2	2
X^7	4	4	4
Diff.	3

X^0	1	239	238
X^1	1	239	238
X^2	1	195	193
X^3	1	113	111
X^4	1	78	75
X^5	1	1	1
X^6	0	0	0
X^7	1	1	1
Diff.	44

X^0	3	19	16
X^1	3	21	17
X^2	3	19	13
X^3	3	5	3
X^4	3	4	3
X^5	2	2	2
X^6	2	2	2
X^7	1	1	1
Diff.	15

X^0	2	1153	800
X^1	3	780	778
X^2	2	764	764
X^3	2	392	391
X^4	2	375	375
X^5	1	1	1
X^6	0	0	0
X^7	2	2	2
Diff.	357

X^0	3	734	731
X^1	3	491	487
X^2	3	488	484
X^3	5	250	247
X^4	3	244	241
X^5	3	3	3
X^6	3	3	3
X^7	1	1	1
Diff.	8

X^0	5	76	73
X^1	5	74	72
X^2	5	59	57
X^3	5	29	26
X^4	5	31	29
X^5	0	0	0
X^6	1	1	1
X^7	1	1	1
Diff.	14

X^0	3	676	669
X^1	3	653	650
X^2	3	341	337
X^3	3	322	319
X^4	2	313	313
X^5	3	3	3
X^6	0	0	0
X^7	1	1	1
Diff.	6

X^0	3	342	338
X^1	3	262	253
X^2	3	189	186
X^3	3	116	113
X^4	3	45	42
X^5	3	3	3
X^6	3	3	3
X^7	1	1	1
Diff.	37

X^0	1	39	36
X^1	1	30	27
X^2	0	24	17
X^3	3	21	21
X^4	2	15	15
X^5	2	2	2
X^6	0	0	0
X^7	2	2	2
Diff.	11

X^0	2	7	6
X^1	2	7	3
X^2	2	8	8
X^3	4	5	4
X^4	1	1	1
X^5	3	3	3
X^6	0	0	0
X^7	5	5	5
Diff.	7

X^0	2	32	27
X^1	2	24	21
X^2	2	17	17
X^3	3	12	12
X^4	2	11	11
X^5	1	1	1
X^6	0	0	0
X^7	2	2	2
Diff.	1

X^0	3	467	465
X^1	3	274	272
X^2	3	251	246
X^3	5	70	67
X^4	3	43	40
X^5	2	2	2
X^6	2	2	2
X^7	2	2	2
Diff.	5

X^0	2	100	97
X^1	2	88	87
X^2	8	68	64
X^3	1	43	42
X^4	2	19	18
X^5	1	18	17
X^6	0	0	0
X^7	0	0	0
Diff.	3

X^0	2	6	6
X^1	2	5	5
X^2	2	7	3
X^3	2	2	2
X^4	2	2	2
X^5	0	0	0
X^6	0	0	0
X^7	0	0	0
Diff.	11

X^0	3	243	238
X^1	3	138	133
X^2	3	137	130
X^3	4	55	52
X^4	3	50	42
X^5	4	8	4
X^6	3	3	3
X^7	1	1	1
Diff.	7

X^0	1	4	3
X^1	3	4	3
X^2	1	1	1
X^3	1	1	1
X^4	1	2	1
X^5	1	1	1
X^6	1	1	1
X^7	0	0	0
Diff.	2

X^0	2	15	12
X^1	1	16	11
X^2	2	10	9
X^3	1	6	5
X^4	1	1	1
X^5	3	3	3
X^6	1	2	1
X^7	1	1	1
Diff.	7

X^0	3	13	12
X^1	1	10	8
X^2	0	6	6
X^3	0	4	3
X^4	0	2	1
X^5	0	0	0
X^6	1	1	1
X^7	0	0	0
Diff.	1

X^0	1	17	16
X^1	3	16	15
X^2	3	16	16
X^3	1	9	8
X^4	1	2	1
X^5	0	0	0
X^6	1	1	1
X^7	1	1	1
Diff.	1

X^0	4	31	24
X^1	3	22	19
X^2	3	16	13
X^3	3	16	12
X^4	3	11	8
X^5	3	3	3
X^6	3	3	3
X^7	0	0	0
Diff.	5

X^0	4	8	6
X^1	1	4	1
X^2	1	4	3
X^3	1	1	1
X^4	5	5	5
X^5	1	1	1
X^6	2	2	2
X^7	0	0	0
Diff.	2

X^0	2	171	168
X^1	1	113	109
X^2	1	109	106
X^3	5	57	49
X^4	2	51	48
X^5	1	1	1
X^6	3	3	3
X^7	0	0	0
Diff.	3

X^0	1	151	150
X^1	1	149	148
X^2	1	148	148
X^3	2	47	45
X^4	1	45	44
X^5	5	5	5
X^6	0	0	0
X^7	0	0	0
Diff.	4

X^0	0	12	10
X^1	0	9	5
X^2	1	2	1
X^3	1	1	1
X^4	1	1	1
X^5	0	0	0
X^6	2	2	2
X^7	0	0	0
Diff.	3

X^0	2	204	195
X^1	2	185	182
X^2	2	96	89
X^3	3	96	95
X^4	5	98	97
X^5	0	0	0
X^6	0	0	0
X^7	0	0	0
Diff.	12

X^0	2	51	48
X^1	1	37	27
X^2	2	25	25
X^3	2	10	10
X^4	3	8	8
X^5	2	2	2
X^6	2	15	15
X^7	0	0	0
Diff.	9

X^0	4	10	7
X^1	4	6	4
X^2	3	6	3
X^3	6	7	6
X^4	3	3	3
X^5	2	2	2
X^6	2	2	2
X^7	0	0	0
Diff.	9

X^0	3	29	26
X^1	3	21	18
X^2	3	23	20
X^3	3	14	11
X^4	5	21	18
X^5	3	12	9
X^6	3	12	7
X^7	3	3	3
Diff.	9

X^0	7	32	24
X^1	8	29	22
X^2	7	18	10
X^3	7	17	10
X^4	7	7	7
X^5	7	7	7
X^6	1	1	1
X^7	1	1	1
Diff.	31

X^0	1	16	14
X^1	1	16	14
X^2	1	14	12
X^3	1	6	4
X^4	1	5	5
X^5	1	1	1
X^6	0	0	0
X^7	1	1	1
Diff.	3

X^0	2	504	500
X^1	2	415	412
X^2	3	396	393
X^3	2	395	392
X^4	2	294	292
X^5	2	192	190
X^6	2	106	103
X^7	2	2	2
Diff.	8

X^0	4	63	56
X^1	2	58	55
X^2	3	32	31
X^3	2	29	27
X^4	1	29	28
X^5	4	4	4
X^6	1	1	1
X^7	0	0	0
Diff.	3

X^0	2	192	192
X^1	2	134	130
X^2	2	123	123
X^3	2	63	61
X^4	2	60	49
X^5	2	2	2
X^6	0	0	0
X^7	0	0	0
Diff.	5

X^0	2	512	509
X^1	2	408	407
X^2	4	309	306
X^3	2	204	201
X^4	2	100	98
X^5	2	2	2
X^6	1	1	1
X^7	1	1	1
Diff.	8

X^0	2	37	37
X^1	2	22	18
X^2	3	20	20
X^3	4	8	6
X^4	0	3	2
X^5	1	1	1
X^6	0	0	0
X^7	1	1	1
Diff.	6

X^0	3	188	176
X^1	3	156	153
X^2	3	121	118
X^3	3	104	100
X^4	3	71	67
X^5	3	45	42
X^6	3	17	14
X^7	3	3	3
Diff.	9

X^0	3	121	119
X^1	5	120	116
X^2	1	113	110
X^3	1	44	39
X^4	1	52	51
X^5	1	3	1
X^6	1	1	1
X^7	3	3	3
Diff.	0

X^0	1	56	53
X^1	2	44	43
X^2	1	33	32
X^3	1	28	27
X^4	0	29	28
X^5	1	25	25
X^6	1	13	13
X^7	0	0	0
Diff.	2

X^0	1	287	285
X^1	1	258	258
X^2	1	197	196
X^3	1	155	154
X^4	1	159	158
X^5	2	92	87
X^6	0	68	67
X^7	0	0	0
Diff.	4

X^0	3	45	44
X^1	2	38	35
X^2	1	41	38
X^3	0	21	17
X^4	1	20	16
X^5	1	3	1
X^6	0	0	0
X^7	3	3	3
Diff.	1

X^0	2	7	4
X^1	2	4	2
X^2	2	4	2
X^3	3	3	3
X^4	4	5	4
X^5	2	2	2
X^6	5	5	5
X^7	3	3	3
Diff.	3

X^0	4	101	100
X^1	1	85	83
X^2	2	90	89
X^3	1	36	35
X^4	1	36	35
X^5	1	1	1
X^6	1	1	1
X^7	1	1	1
Diff.	8

X^0	2	274	272
X^1	2	193	184
X^2	4	183	181
X^3	2	54	50
X^4	2	2	2
X^5	2	2	2
X^6	4	4	4
X^7	2	2	2
Diff.	2

X^0	4	68	62
X^1	4	61	58
X^2	4	29	28
X^3	4	30	28
X^4	5	42	41
X^5	0	0	0
X^6	0	0	0
X^7	0	0	0
Diff.	17

X^0	6	304	289
X^1	2	278	277
X^2	2	256	255
X^3	2	134	133
X^4	2	123	122
X^5	2	2	2
X^6	1	1	1
X^7	2	2	2
Diff.	14

X^0	1	620	615
X^1	3	491	488
X^2	1	381	378
X^3	1	363	360
X^4	1	369	366
X^5	3	246	244
X^6	0	130	128
X^7	0	0	0
Diff.	6

X^0	3	131	127
X^1	3	130	127
X^2	3	81	75
X^3	3	48	45
X^4	3	64	61
X^5	3	19	16
X^6	1	19	16
X^7	3	3	3
Diff.	41

X^0	2	36	32
X^1	2	25	25
X^2	1	19	19
X^3	3	13	13
X^4	0	0	0
X^5	0	0	0
X^6	0	0	0
X^7	7	7	7
Diff.	5

X^0	4	83	82
X^1	3	74	74
X^2	3	62	62
X^3	0	35	34
X^4	3	27	27
X^5	0	0	0
X^6	0	0	0
X^7	3	3	3
Diff.	4

X^0	4	31	31
X^1	1	22	22
X^2	6	18	17
X^3	1	8	8
X^4	1	7	4
X^5	3	5	5
X^6	3	5	5
X^7	0	0	0
Diff.	5

X^0	2	335	332
X^1	2	334	331
X^2	2	333	329
X^3	2	139	137
X^4	2	139	137
X^5	2	2	2
X^6	2	2	2
X^7	0	0	0
Diff.	13

X^0	6	237	235
X^1	3	181	180
X^2	3	131	128
X^3	4	80	79
X^4	3	78	75
X^5	3	20	18
X^6	2	2	2
X^7	0	0	0
Diff.	3

X^0	3	135	130
X^1	3	107	103
X^2	3	81	76
X^3	3	50	46
X^4	3	33	20
X^5	3	28	25
X^6	3	18	15
X^7	1	1	1
Diff.	17

X^0	2	218	215
X^1	2	177	175
X^2	2	138	136
X^3	2	113	111
X^4	2	80	77
X^5	2	55	53
X^6	2	41	39
X^7	2	2	2
Diff.	16

X^0	3	66	63
X^1	3	50	47
X^2	3	32	27
X^3	3	20	15
X^4	3	3	3
X^5	3	3	3
X^6	1	1	1
X^7	3	3	3
Diff.	15

X^0	3	269	266
X^1	3	179	177
X^2	3	167	163
X^3	3	81	76
X^4	3	76	73
X^5	2	2	2
X^6	2	2	2
X^7	0	0	0
Diff.	5

X^0	3	38	34
X^1	2	30	27
X^2	2	18	15
X^3	2	3	2
X^4	2	2	2
X^5	2	2	2
X^6	0	0	0
X^7	0	0	0
Diff.	7

X^0	2	541	541
X^1	2	457	457
X^2	2	374	374
X^3	2	300	300
X^4	2	222	216
X^5	0	148	145
X^6	2	74	74
X^7	0	0	0
Diff.	21

X^0	3	147	145
X^1	5	146	145
X^2	4	85	83
X^3	6	63	61
X^4	1	1	1
X^5	0	3	0
X^6	0	0	0
X^7	1	1	1
Diff.	5

X^0	2	35	31
X^1	5	34	32
X^2	2	21	15
X^3	3	18	14
X^4	0	11	11
X^5	2	2	2
X^6	0	0	0
X^7	1	1	1
Diff.	3

X^0	1	17	17
X^1	1	12	12
X^2	1	12	12
X^3	1	8	5
X^4	6	9	9
X^5	1	4	4
X^6	0	3	1
X^7	0	0	0
Diff.	0

X^0	2	61	59
X^1	2	59	54
X^2	2	58	56
X^3	2	27	24
X^4	2	29	27
X^5	3	3	3
X^6	2	2	2
X^7	0	0	0
Diff.	1

X^0	3	77	75
X^1	4	72	70
X^2	3	55	55
X^3	3	39	39
X^4	3	30	27
X^5	3	19	18
X^6	2	11	11
X^7	0	0	0
Diff.	8

X^0	2	11	9
X^1	5	10	8
X^2	4	6	4
X^3	2	3	2
X^4	1	1	1
X^5	2	2	2
X^6	3	3	3
X^7	0	0	0
Diff.	3

X^0	3	39	36
X^1	3	31	28
X^2	3	27	24
X^3	3	18	13
X^4	2	8	5
X^5	3	3	3
X^6	3	3	3
X^7	3	3	3
Diff.	9

X^0	1	110	106
X^1	1	68	64
X^2	3	65	61
X^3	1	32	26
X^4	4	32	27
X^5	1	1	1
X^6	4	4	4
X^7	0	0	0
Diff.	6

X^0	3	15	12
X^1	3	10	4
X^2	3	6	3
X^3	2	4	2
X^4	4	4	4
X^5	3	3	3
X^6	1	1	1
X^7	0	0	0
Diff.	11

X^0	2	461	456
X^1	2	386	380
X^2	2	313	308
X^3	2	240	238
X^4	3	177	175
X^5	2	115	113
X^6	2	42	38
X^7	2	2	2
Diff.	9

X^0	1	38	34
X^1	1	24	21
X^2	1	24	20
X^3	3	10	8
X^4	3	11	7
X^5	1	1	1
X^6	1	1	1
X^7	4	4	4
Diff.	2

X^0	1	15	14
X^1	1	12	10
X^2	1	11	8
X^3	1	8	7
X^4	1	12	9
X^5	0	0	0
X^6	0	0	0
X^7	1	1	1
Diff.	7

X^0	2	77	73
X^1	2	69	64
X^2	2	62	57
X^3	2	31	28
X^4	3	30	26
X^5	2	4	2
X^6	3	3	3
X^7	3	3	3
Diff.	7

X^0	3	75	72
X^1	3	70	69
X^2	2	41	36
X^3	2	36	35
X^4	1	32	31
X^5	1	1	1
X^6	1	1	1
X^7	0	0	0
Diff.	5

X^0	1	693	692
X^1	4	526	525
X^2	2	431	429
X^3	1	262	253
X^4	1	169	166
X^5	1	1	1
X^6	1	1	1
X^7	2	2	2
Diff.	4

X^0	2	164	161
X^1	1	163	162
X^2	1	58	57
X^3	1	42	39
X^4	1	42	41
X^5	1	1	1
X^6	1	1	1
X^7	1	1	1
Diff.	18

X^0	5	483	481
X^1	1	388	387
X^2	1	305	305
X^3	1	282	282
X^4	1	300	300
X^5	1	197	196
X^6	0	103	101
X^7	0	0	0
Diff.	16

X^0	3	132	131
X^1	3	131	129
X^2	3	122	120
X^3	3	42	41
X^4	3	42	41
X^5	1	1	1
X^6	1	1	1
X^7	0	0	0
Diff.	30

X^0	3	448	446
X^1	3	320	318
X^2	3	281	279
X^3	2	161	157
X^4	2	124	122
X^5	1	1	1
X^6	1	1	1
X^7	0	0	0
Diff.	43

X^0	4	60	55
X^1	2	46	43
X^2	7	37	34
X^3	2	18	15
X^4	0	6	5
X^5	3	3	3
X^6	1	1	1
X^7	0	0	0
Diff.	3

X^0	3	367	363
X^1	2	356	352
X^2	1	194	193
X^3	1	183	182
X^4	1	173	172
X^5	1	1	1
X^6	0	0	0
X^7	0	0	0
Diff.	2

X^0	1	188	184
X^1	2	188	186
X^2	2	156	154
X^3	2	108	107
X^4	1	75	71
X^5	1	31	28
X^6	1	1	1
X^7	0	0	0
Diff.	3

X^0	5	48	43
X^1	5	49	44
X^2	5	45	40
X^3	5	27	21
X^4	5	26	21
X^5	5	5	5
X^6	5	5	5
X^7	0	0	0
Diff.	28

X^0	1	112	112
X^1	3	102	102
X^2	1	55	55
X^3	0	43	42
X^4	0	46	46
X^5	3	14	12
X^6	0	0	0
X^7	0	0	0
Diff.	0

X^0	3	123	113
X^1	4	124	118
X^2	3	63	60
X^3	4	63	60
X^4	3	3	3
X^5	4	5	4
X^6	3	3	3
X^7	1	1	1
Diff.	8

X^0	1	347	347
X^1	1	268	268
X^2	2	212	209
X^3	0	132	132
X^4	0	67	66
X^5	1	68	67
X^6	0	78	77
X^7	0	0	0
Diff.	2

X^0	2	85	83
X^1	2	84	82
X^2	2	63	60
X^3	2	37	35
X^4	2	19	16
X^5	2	2	2
X^6	2	2	2
X^7	0	0	0
Diff.	11

X^0	5	30	21
X^1	4	20	16
X^2	4	18	15
X^3	4	6	4
X^4	2	2	2
X^5	2	2	2
X^6	1	1	1
X^7	2	2	2
Diff.	8

X^0	2	113	111
X^1	2	109	107
X^2	2	58	56
X^3	2	47	44
X^4	2	2	2
X^5	2	2	2
X^6	2	2	2
X^7	1	1	1
Diff.	10

X^0	4	61	59
X^1	4	41	39
X^2	4	27	23
X^3	4	16	14
X^4	4	19	17
X^5	0	0	0
X^6	2	2	2
X^7	2	2	2
Diff.	13

Average
X^0	2.94066882416397	127.536138079827	122.987055016181
X^1	2.80366774541532	106.837108953614	103.790722761597
X^2	2.67313915857605	87.0161812297735	84.4153182308522
X^3	2.42934196332255	53.8543689320388	51.3937432578209
X^4	2.19093851132686	42.2535059331176	40.3279395900755
X^5	1.96871628910464	9.01725997842503	8.56310679611651
X^6	1.51564185544768	5.70118662351672	5.42934196332255
X^7	1.05933117583603	1.05933117583603	1.05933117583603
Diff:	12.4153182308522

Deviation
X^0	1.65716931072568	163.439205299349	156.189053165232
X^1	1.74609057227464	138.337963050581	138.353858188867
X^2	1.70852332673018	119.373502836165	119.306261065049
X^3	1.60874159300066	76.0434451123738	75.8452356228024
X^4	1.62942332453691	64.7314377695471	64.3510154478882
X^5	1.63895827295237	26.7518405911921	26.3422838881693
X^6	1.50207450689623	15.5693884336252	15.1907370393934
X^7	1.41868285439254	1.41868285439254	1.41868285439254
Diff:	32.0783678750089

Ratio of success: 0.927000000000000

----

