	Opt.	CR	FP
X^0	2	12	11
X^1	1	6	5
X^2	1	1	1
X^3	1	1	1
X^4	1	1	1
X^5	1	1	1
Diff.	2

X^0	2	9	6
X^1	5	8	5
X^2	3	6	3
X^3	5	5	5
X^4	5	5	5
X^5	0	0	0
Diff.	13

X^0	5	75	72
X^1	4	46	41
X^2	3	24	19
X^3	0	0	0
X^4	0	0	0
X^5	0	0	0
Diff.	2

X^0	5	75	70
X^1	7	78	73
X^2	5	35	33
X^3	5	26	21
X^4	5	26	24
X^5	2	2	2
Diff.	21

X^0	4	4	4
X^1	1	1	1
X^2	1	1	1
X^3	2	2	2
X^4	2	2	2
X^5	0	0	0
Diff.	3

X^0	2	33	30
X^1	3	25	23
X^2	1	14	13
X^3	1	6	3
X^4	1	6	5
X^5	1	1	1
Diff.	7

X^0	0	12	10
X^1	0	12	10
X^2	2	9	8
X^3	1	4	3
X^4	0	4	4
X^5	0	0	0
Diff.	1

X^0	2	19	18
X^1	0	18	14
X^2	2	3	2
X^3	5	5	5
X^4	0	0	0
X^5	0	0	0
Diff.	0

X^0	4	34	26
X^1	4	26	20
X^2	4	7	4
X^3	4	4	4
X^4	4	4	4
X^5	0	0	0
Diff.	10

X^0	3	22	18
X^1	3	8	3
X^2	1	1	1
X^3	1	1	1
X^4	7	7	7
X^5	0	0	0
Diff.	1

X^0	3	8	4
X^1	2	5	4
X^2	1	1	1
X^3	1	1	1
X^4	1	1	1
X^5	1	1	1
Diff.	1

X^0	0	34	33
X^1	0	24	18
X^2	0	10	5
X^3	0	0	0
X^4	5	5	5
X^5	0	0	0
Diff.	0

X^0	3	22	19
X^1	2	14	11
X^2	1	11	9
X^3	2	7	4
X^4	0	6	4
X^5	2	2	2
Diff.	2

X^0	1	7	3
X^1	1	3	1
X^2	1	3	1
X^3	1	1	1
X^4	2	2	2
X^5	0	0	0
Diff.	1

X^0	5	75	69
X^1	5	35	30
X^2	5	34	29
X^3	6	9	6
X^4	5	5	5
X^5	1	1	1
Diff.	14

X^0	1	187	183
X^1	1	88	85
X^2	1	1	1
X^3	1	1	1
X^4	1	1	1
X^5	2	2	2
Diff.	1

X^0	4	81	78
X^1	5	78	77
X^2	1	73	71
X^3	2	2	2
X^4	1	1	1
X^5	1	1	1
Diff.	0

X^0	1	58	58
X^1	1	47	47
X^2	1	34	33
X^3	1	22	20
X^4	3	13	12
X^5	0	0	0
Diff.	5

X^0	3	71	71
X^1	2	70	70
X^2	2	47	46
X^3	5	34	30
X^4	2	22	20
X^5	0	0	0
Diff.	1

X^0	0	31	30
X^1	1	30	30
X^2	0	27	26
X^3	0	0	0
X^4	0	0	0
X^5	0	0	0
Diff.	4

X^0	2	74	74
X^1	2	70	70
X^2	1	70	70
X^3	1	47	47
X^4	1	23	19
X^5	0	0	0
Diff.	2

X^0	1	16	14
X^1	1	1	1
X^2	4	4	4
X^3	3	3	3
X^4	0	0	0
X^5	1	1	1
Diff.	0

X^0	2	21	19
X^1	1	21	18
X^2	2	18	16
X^3	3	3	3
X^4	1	1	1
X^5	0	0	0
Diff.	1

X^0	3	10	5
X^1	6	12	8
X^2	3	9	5
X^3	2	9	2
X^4	3	8	4
X^5	3	3	3
Diff.	13

X^0	1	14	10
X^1	1	14	12
X^2	1	13	9
X^3	1	1	1
X^4	1	1	1
X^5	2	2	2
Diff.	2

X^0	1	20	20
X^1	2	5	3
X^2	4	9	9
X^3	3	3	3
X^4	0	0	0
X^5	0	0	0
Diff.	0

X^0	3	101	98
X^1	1	92	89
X^2	1	90	87
X^3	1	50	49
X^4	1	4	3
X^5	1	1	1
Diff.	4

X^0	7	182	178
X^1	3	93	89
X^2	3	88	84
X^3	3	4	3
X^4	3	3	3
X^5	0	0	0
Diff.	3

X^0	0	4	1
X^1	1	2	1
X^2	0	0	0
X^3	1	1	1
X^4	1	1	1
X^5	1	1	1
Diff.	1

X^0	2	283	281
X^1	10	150	148
X^2	2	139	136
X^3	2	2	2
X^4	0	0	0
X^5	1	1	1
Diff.	2

X^0	3	21	19
X^1	4	15	8
X^2	3	11	8
X^3	3	3	3
X^4	2	2	2
X^5	2	2	2
Diff.	9

X^0	3	423	418
X^1	3	213	209
X^2	3	211	208
X^3	3	4	3
X^4	3	3	3
X^5	0	0	0
Diff.	8

X^0	0	28	24
X^1	0	24	21
X^2	0	0	0
X^3	0	0	0
X^4	1	1	1
X^5	1	1	1
Diff.	0

X^0	2	8	7
X^1	2	4	2
X^2	2	2	2
X^3	1	1	1
X^4	1	1	1
X^5	0	0	0
Diff.	2

X^0	2	88	84
X^1	1	77	74
X^2	2	2	2
X^3	1	1	1
X^4	3	3	3
X^5	1	1	1
Diff.	8

X^0	3	11	8
X^1	3	3	3
X^2	0	0	0
X^3	3	3	3
X^4	3	3	3
X^5	1	1	1
Diff.	4

X^0	2	63	59
X^1	2	52	45
X^2	2	2	2
X^3	2	2	2
X^4	1	1	1
X^5	2	2	2
Diff.	5

X^0	4	71	63
X^1	4	54	48
X^2	4	37	33
X^3	4	22	18
X^4	4	6	4
X^5	4	4	4
Diff.	14

X^0	3	103	98
X^1	5	53	49
X^2	5	50	46
X^3	3	3	3
X^4	3	3	3
X^5	1	1	1
Diff.	7

X^0	1	1	1
X^1	3	3	3
X^2	3	3	3
X^3	1	1	1
X^4	3	3	3
X^5	2	2	2
Diff.	1

X^0	3	23	20
X^1	4	23	22
X^2	2	13	11
X^3	1	1	1
X^4	1	1	1
X^5	2	2	2
Diff.	4

X^0	1	67	65
X^1	1	45	43
X^2	1	4	3
X^3	1	1	1
X^4	1	1	1
X^5	1	1	1
Diff.	9

X^0	3	170	167
X^1	3	90	87
X^2	3	76	73
X^3	3	3	3
X^4	3	3	3
X^5	2	2	2
Diff.	23

X^0	4	9	7
X^1	2	6	6
X^2	1	6	6
X^3	1	2	1
X^4	0	0	0
X^5	5	5	5
Diff.	1

X^0	2	34	33
X^1	2	23	22
X^2	2	16	14
X^3	6	11	11
X^4	0	0	0
X^5	0	0	0
Diff.	3

X^0	1	105	104
X^1	1	59	55
X^2	2	48	46
X^3	2	2	2
X^4	1	1	1
X^5	1	1	1
Diff.	0

X^0	3	126	126
X^1	0	116	116
X^2	0	112	112
X^3	0	0	0
X^4	0	0	0
X^5	2	2	2
Diff.	0

X^0	4	4	4
X^1	4	4	4
X^2	5	5	5
X^3	2	2	2
X^4	0	0	0
X^5	0	0	0
Diff.	2

X^0	1	109	106
X^1	4	100	98
X^2	1	94	94
X^3	2	2	2
X^4	0	0	0
X^5	0	0	0
Diff.	0

X^0	0	535	500
X^1	5	324	315
X^2	5	116	111
X^3	5	5	5
X^4	5	5	5
X^5	0	0	0
Diff.	43

X^0	1	90	87
X^1	1	82	79
X^2	1	76	73
X^3	1	1	1
X^4	1	1	1
X^5	0	0	0
Diff.	7

X^0	2	31	25
X^1	2	19	17
X^2	2	15	12
X^3	3	3	3
X^4	2	2	2
X^5	0	0	0
Diff.	1

X^0	3	20	16
X^1	2	9	6
X^2	2	14	8
X^3	2	2	2
X^4	2	2	2
X^5	0	0	0
Diff.	5

X^0	3	28	24
X^1	3	28	22
X^2	3	19	11
X^3	6	6	6
X^4	3	3	3
X^5	1	1	1
Diff.	3

X^0	4	72	68
X^1	3	67	63
X^2	3	68	64
X^3	4	48	43
X^4	0	26	22
X^5	3	3	3
Diff.	6

X^0	2	29	26
X^1	2	22	21
X^2	1	22	21
X^3	1	1	1
X^4	1	1	1
X^5	1	1	1
Diff.	7

X^0	1	22	22
X^1	2	13	10
X^2	6	14	14
X^3	2	2	2
X^4	0	0	0
X^5	0	0	0
Diff.	5

X^0	3	29	26
X^1	3	18	13
X^2	4	19	16
X^3	3	3	3
X^4	3	3	3
X^5	8	8	8
Diff.	4

X^0	2	268	265
X^1	1	267	266
X^2	1	261	259
X^3	1	1	1
X^4	1	1	1
X^5	1	1	1
Diff.	29

X^0	6	12	6
X^1	2	6	2
X^2	4	4	4
X^3	2	2	2
X^4	2	2	2
X^5	1	1	1
Diff.	11

X^0	2	10	8
X^1	2	6	4
X^2	2	5	2
X^3	2	3	2
X^4	2	2	2
X^5	3	3	3
Diff.	10

X^0	6	70	64
X^1	6	61	55
X^2	6	63	57
X^3	6	47	37
X^4	6	28	20
X^5	6	6	6
Diff.	25

X^0	2	40	38
X^1	3	17	14
X^2	2	14	14
X^3	0	0	0
X^4	0	0	0
X^5	4	4	4
Diff.	0

X^0	9	9	9
X^1	9	9	9
X^2	9	9	9
X^3	5	5	5
X^4	3	3	3
X^5	2	2	2
Diff.	17

X^0	4	20	19
X^1	5	13	12
X^2	2	11	10
X^3	1	13	12
X^4	1	13	12
X^5	1	1	1
Diff.	4

X^0	6	69	61
X^1	6	48	41
X^2	6	50	43
X^3	6	6	6
X^4	5	5	5
X^5	1	1	1
Diff.	14

X^0	1	24	21
X^1	0	13	13
X^2	0	3	3
X^3	0	2	1
X^4	0	2	2
X^5	0	0	0
Diff.	8

X^0	1	17	17
X^1	0	4	3
X^2	0	0	0
X^3	0	0	0
X^4	0	0	0
X^5	0	0	0
Diff.	5

X^0	3	89	89
X^1	2	34	30
X^2	0	36	36
X^3	3	3	3
X^4	0	0	0
X^5	0	0	0
Diff.	0

X^0	4	28	16
X^1	7	21	10
X^2	14	25	15
X^3	6	6	6
X^4	9	9	9
X^5	7	7	7
Diff.	21

X^0	8	74	71
X^1	3	46	43
X^2	3	46	43
X^3	0	2	0
X^4	3	3	3
X^5	6	6	6
Diff.	3

X^0	3	86	84
X^1	1	64	55
X^2	2	24	23
X^3	1	1	1
X^4	1	1	1
X^5	1	1	1
Diff.	24

X^0	9	24	22
X^1	2	7	7
X^2	2	6	5
X^3	3	3	3
X^4	0	0	0
X^5	0	0	0
Diff.	2

X^0	2	99	93
X^1	5	69	67
X^2	1	72	70
X^3	2	2	2
X^4	2	2	2
X^5	0	0	0
Diff.	35

X^0	0	5	2
X^1	5	8	5
X^2	1	1	1
X^3	0	0	0
X^4	3	3	3
X^5	3	3	3
Diff.	1

X^0	3	31	25
X^1	3	39	35
X^2	3	28	27
X^3	3	3	3
X^4	1	1	1
X^5	3	3	3
Diff.	10

X^0	5	228	223
X^1	5	189	184
X^2	5	222	217
X^3	5	143	135
X^4	5	98	87
X^5	5	5	5
Diff.	21

X^0	3	73	69
X^1	3	53	50
X^2	3	8	5
X^3	3	3	3
X^4	1	1	1
X^5	0	0	0
Diff.	7

X^0	1	139	136
X^1	3	115	115
X^2	1	82	82
X^3	1	56	55
X^4	0	26	26
X^5	0	0	0
Diff.	2

X^0	1	4	3
X^1	1	2	1
X^2	5	5	5
X^3	1	1	1
X^4	2	2	2
X^5	1	1	1
Diff.	3

X^0	3	45	44
X^1	0	45	44
X^2	5	37	37
X^3	0	20	17
X^4	0	9	8
X^5	0	0	0
Diff.	0

X^0	2	15	15
X^1	1	7	7
X^2	1	7	7
X^3	0	0	0
X^4	0	0	0
X^5	0	0	0
Diff.	3

X^0	3	43	43
X^1	3	31	31
X^2	3	24	21
X^3	0	11	9
X^4	0	5	4
X^5	0	0	0
Diff.	2

X^0	3	3	3
X^1	3	3	3
X^2	3	4	3
X^3	8	8	8
X^4	7	7	7
X^5	0	0	0
Diff.	19

X^0	5	11	6
X^1	4	4	4
X^2	2	5	2
X^3	4	4	4
X^4	4	4	4
X^5	0	0	0
Diff.	5

X^0	2	8	6
X^1	1	7	4
X^2	6	10	6
X^3	3	3	3
X^4	1	1	1
X^5	5	5	5
Diff.	3

X^0	2	3	3
X^1	0	0	0
X^2	5	5	5
X^3	1	1	1
X^4	0	0	0
X^5	1	1	1
Diff.	0

X^0	3	12	10
X^1	3	10	10
X^2	5	13	9
X^3	1	5	5
X^4	1	5	5
X^5	0	0	0
Diff.	3

X^0	1	21	20
X^1	1	22	21
X^2	1	8	7
X^3	1	1	1
X^4	1	1	1
X^5	1	1	1
Diff.	2

X^0	2	309	306
X^1	1	167	166
X^2	3	143	143
X^3	1	1	1
X^4	0	0	0
X^5	1	1	1
Diff.	28

X^0	6	10	6
X^1	1	9	3
X^2	3	8	4
X^3	4	4	4
X^4	4	4	4
X^5	0	0	0
Diff.	14

X^0	2	163	162
X^1	4	87	87
X^2	3	83	83
X^3	3	4	4
X^4	0	0	0
X^5	0	0	0
Diff.	1

X^0	3	258	258
X^1	3	132	132
X^2	4	109	109
X^3	0	0	0
X^4	0	0	0
X^5	0	0	0
Diff.	17

X^0	2	27	27
X^1	5	21	20
X^2	0	0	0
X^3	0	0	0
X^4	0	0	0
X^5	0	0	0
Diff.	2

X^0	1	56	55
X^1	1	40	40
X^2	2	41	41
X^3	2	2	2
X^4	0	0	0
X^5	0	0	0
Diff.	1

X^0	2	809	500
X^1	2	400	398
X^2	1	389	389
X^3	1	1	1
X^4	0	0	0
X^5	2	2	2
Diff.	306

X^0	2	12	12
X^1	2	6	5
X^2	0	3	1
X^3	1	4	1
X^4	1	7	5
X^5	0	0	0
Diff.	2

X^0	6	22	20
X^1	2	17	15
X^2	2	14	13
X^3	3	10	8
X^4	1	6	5
X^5	1	1	1
Diff.	1

X^0	2	99	99
X^1	2	99	99
X^2	1	71	70
X^3	1	48	47
X^4	6	32	29
X^5	0	0	0
Diff.	0

X^0	1	83	81
X^1	2	52	49
X^2	1	31	30
X^3	1	19	14
X^4	3	33	32
X^5	0	0	0
Diff.	3

X^0	2	39	36
X^1	2	37	36
X^2	4	40	35
X^3	2	4	3
X^4	1	1	1
X^5	0	0	0
Diff.	2

X^0	2	9	6
X^1	3	8	5
X^2	2	5	2
X^3	2	2	2
X^4	2	2	2
X^5	0	0	0
Diff.	4

X^0	1	12	7
X^1	3	6	5
X^2	2	4	3
X^3	1	1	1
X^4	0	0	0
X^5	0	0	0
Diff.	1

X^0	2	5	2
X^1	4	4	4
X^2	2	2	2
X^3	2	2	2
X^4	1	1	1
X^5	6	6	6
Diff.	1

X^0	1	284	283
X^1	0	279	278
X^2	1	276	273
X^3	1	1	1
X^4	0	0	0
X^5	1	1	1
Diff.	0

X^0	2	12	10
X^1	3	9	7
X^2	2	7	2
X^3	5	6	5
X^4	2	2	2
X^5	1	1	1
Diff.	5

X^0	1	16	11
X^1	1	1	1
X^2	1	6	5
X^3	4	4	4
X^4	1	1	1
X^5	0	0	0
Diff.	3

X^0	3	72	69
X^1	3	57	54
X^2	3	25	22
X^3	3	8	3
X^4	3	3	3
X^5	3	3	3
Diff.	11

X^0	1	10	7
X^1	1	5	4
X^2	1	5	2
X^3	1	4	3
X^4	1	2	1
X^5	1	1	1
Diff.	3

X^0	2	19	18
X^1	3	15	14
X^2	1	12	11
X^3	1	7	6
X^4	0	5	5
X^5	0	0	0
Diff.	3

X^0	5	11	9
X^1	2	2	2
X^2	2	2	2
X^3	0	0	0
X^4	0	0	0
X^5	1	1	1
Diff.	1

X^0	0	14	14
X^1	0	12	12
X^2	0	0	0
X^3	0	0	0
X^4	0	0	0
X^5	0	0	0
Diff.	2

X^0	3	10	8
X^1	3	7	3
X^2	1	1	1
X^3	0	0	0
X^4	0	0	0
X^5	0	0	0
Diff.	1

X^0	0	31	27
X^1	4	35	31
X^2	2	29	25
X^3	3	10	6
X^4	4	4	4
X^5	1	1	1
Diff.	8

X^0	1	60	56
X^1	3	69	67
X^2	1	26	24
X^3	2	28	26
X^4	1	26	24
X^5	2	2	2
Diff.	15

X^0	2	30	30
X^1	2	26	24
X^2	4	32	32
X^3	4	21	20
X^4	0	11	5
X^5	0	0	0
Diff.	9

X^0	3	77	69
X^1	1	77	76
X^2	1	28	28
X^3	2	2	2
X^4	0	0	0
X^5	0	0	0
Diff.	5

X^0	3	25	23
X^1	2	12	8
X^2	2	12	8
X^3	7	8	7
X^4	2	2	2
X^5	1	1	1
Diff.	3

X^0	2	79	78
X^1	2	71	69
X^2	1	71	70
X^3	0	0	0
X^4	1	1	1
X^5	0	0	0
Diff.	1

X^0	1	34	32
X^1	1	19	13
X^2	1	14	13
X^3	2	2	2
X^4	1	1	1
X^5	2	2	2
Diff.	2

X^0	4	8	4
X^1	4	8	4
X^2	4	4	4
X^3	4	4	4
X^4	1	1	1
X^5	0	0	0
Diff.	11

X^0	4	8	6
X^1	3	7	6
X^2	1	1	1
X^3	1	1	1
X^4	1	1	1
X^5	0	0	0
Diff.	4

X^0	6	27	26
X^1	3	24	23
X^2	7	29	28
X^3	2	15	14
X^4	6	14	11
X^5	1	1	1
Diff.	8

X^0	1	260	253
X^1	0	262	259
X^2	0	0	0
X^3	0	0	0
X^4	2	2	2
X^5	1	1	1
Diff.	0

X^0	4	108	106
X^1	2	58	54
X^2	3	52	51
X^3	4	4	4
X^4	1	1	1
X^5	1	1	1
Diff.	5

X^0	1	8	8
X^1	1	7	7
X^2	0	5	5
X^3	2	5	2
X^4	0	1	1
X^5	0	0	0
Diff.	1

X^0	1	52	50
X^1	0	26	21
X^2	2	25	23
X^3	3	3	3
X^4	2	2	2
X^5	0	0	0
Diff.	1

X^0	0	7	5
X^1	8	11	9
X^2	1	4	1
X^3	6	6	6
X^4	2	2	2
X^5	1	1	1
Diff.	4

X^0	1	20	20
X^1	2	21	21
X^2	1	16	15
X^3	1	3	1
X^4	0	0	0
X^5	0	0	0
Diff.	0

X^0	2	84	77
X^1	2	63	61
X^2	2	51	45
X^3	1	61	59
X^4	1	26	25
X^5	1	1	1
Diff.	0

X^0	1	24	22
X^1	7	22	21
X^2	2	17	13
X^3	5	20	19
X^4	1	10	8
X^5	0	0	0
Diff.	1

X^0	6	13	10
X^1	7	9	7
X^2	5	12	9
X^3	8	8	8
X^4	2	2	2
X^5	3	3	3
Diff.	8

X^0	1	2	1
X^1	1	2	1
X^2	2	2	2
X^3	1	1	1
X^4	1	1	1
X^5	1	1	1
Diff.	8

X^0	6	19	15
X^1	2	14	4
X^2	2	2	2
X^3	2	2	2
X^4	9	9	9
X^5	3	3	3
Diff.	1

X^0	2	8	5
X^1	2	7	3
X^2	3	5	3
X^3	3	3	3
X^4	4	4	4
X^5	1	1	1
Diff.	1

X^0	3	3	3
X^1	3	3	3
X^2	3	3	3
X^3	2	2	2
X^4	1	1	1
X^5	0	0	0
Diff.	9

X^0	2	17	15
X^1	1	9	6
X^2	1	8	7
X^3	0	4	3
X^4	1	1	1
X^5	0	0	0
Diff.	0

X^0	2	44	40
X^1	0	21	20
X^2	2	23	23
X^3	0	0	0
X^4	0	0	0
X^5	6	6	6
Diff.	0

X^0	5	184	180
X^1	2	95	91
X^2	2	87	79
X^3	2	2	2
X^4	4	4	4
X^5	2	2	2
Diff.	3

X^0	1	11	10
X^1	0	10	9
X^2	1	10	7
X^3	0	0	0
X^4	0	0	0
X^5	0	0	0
Diff.	3

X^0	2	534	500
X^1	5	255	249
X^2	5	264	259
X^3	5	5	5
X^4	5	5	5
X^5	0	0	0
Diff.	42

X^0	1	42	41
X^1	1	41	40
X^2	1	26	26
X^3	1	17	16
X^4	7	16	15
X^5	0	0	0
Diff.	1

X^0	3	18	13
X^1	2	13	11
X^2	2	4	2
X^3	8	9	8
X^4	2	2	2
X^5	2	2	2
Diff.	5

X^0	4	32	26
X^1	5	21	16
X^2	4	15	10
X^3	2	6	2
X^4	5	5	5
X^5	1	1	1
Diff.	11

X^0	2	16	11
X^1	3	14	13
X^2	2	6	5
X^3	2	2	2
X^4	1	1	1
X^5	1	1	1
Diff.	4

X^0	3	10	6
X^1	1	4	1
X^2	1	8	6
X^3	2	8	4
X^4	6	9	6
X^5	1	1	1
Diff.	1

X^0	3	23	22
X^1	3	7	4
X^2	0	0	0
X^3	1	1	1
X^4	0	0	0
X^5	0	0	0
Diff.	3

X^0	4	45	44
X^1	1	22	22
X^2	0	1	0
X^3	2	2	2
X^4	0	0	0
X^5	0	0	0
Diff.	0

X^0	4	9	4
X^1	6	9	6
X^2	5	7	5
X^3	4	4	4
X^4	5	5	5
X^5	5	5	5
Diff.	5

X^0	2	23	21
X^1	3	12	10
X^2	2	10	9
X^3	1	1	1
X^4	1	1	1
X^5	1	1	1
Diff.	5

X^0	2	90	89
X^1	2	80	79
X^2	2	80	79
X^3	2	53	52
X^4	1	28	25
X^5	1	1	1
Diff.	5

X^0	1	65	60
X^1	3	67	62
X^2	3	51	48
X^3	4	35	31
X^4	3	22	19
X^5	3	3	3
Diff.	4

X^0	2	36	32
X^1	5	40	39
X^2	1	24	23
X^3	1	13	12
X^4	1	13	11
X^5	1	1	1
Diff.	1

X^0	4	17	15
X^1	4	14	13
X^2	1	14	13
X^3	1	1	1
X^4	1	1	1
X^5	0	0	0
Diff.	5

X^0	7	24	16
X^1	7	11	7
X^2	7	7	7
X^3	7	7	7
X^4	9	9	9
X^5	2	2	2
Diff.	26

X^0	6	13	13
X^1	2	6	6
X^2	3	6	6
X^3	1	4	3
X^4	2	3	2
X^5	0	0	0
Diff.	0

X^0	2	81	80
X^1	2	42	39
X^2	2	43	42
X^3	2	2	2
X^4	1	1	1
X^5	0	0	0
Diff.	3

X^0	2	48	46
X^1	2	41	41
X^2	0	45	45
X^3	1	1	1
X^4	0	0	0
X^5	0	0	0
Diff.	2

X^0	4	222	220
X^1	1	145	143
X^2	1	75	75
X^3	1	70	70
X^4	5	81	81
X^5	0	0	0
Diff.	0

X^0	3	65	62
X^1	3	67	64
X^2	3	48	47
X^3	3	3	3
X^4	0	0	0
X^5	1	1	1
Diff.	4

X^0	3	172	169
X^1	4	154	152
X^2	3	156	155
X^3	3	3	3
X^4	0	0	0
X^5	0	0	0
Diff.	7

X^0	2	41	38
X^1	2	25	23
X^2	2	14	14
X^3	2	10	10
X^4	1	4	4
X^5	0	0	0
Diff.	8

X^0	2	11	10
X^1	3	9	3
X^2	1	1	1
X^3	1	1	1
X^4	2	2	2
X^5	1	1	1
Diff.	3

X^0	3	876	500
X^1	3	436	431
X^2	3	429	427
X^3	5	5	5
X^4	1	1	1
X^5	1	1	1
Diff.	394

X^0	4	17	15
X^1	6	22	20
X^2	0	10	8
X^3	0	9	7
X^4	1	8	6
X^5	2	2	2
Diff.	1

X^0	1	35	35
X^1	1	35	35
X^2	0	32	32
X^3	0	0	0
X^4	0	0	0
X^5	0	0	0
Diff.	9

X^0	2	5	2
X^1	2	2	2
X^2	2	2	2
X^3	4	4	4
X^4	2	2	2
X^5	1	1	1
Diff.	2

X^0	4	14	11
X^1	3	8	3
X^2	3	5	3
X^3	3	3	3
X^4	3	3	3
X^5	0	0	0
Diff.	7

X^0	3	10	10
X^1	3	12	12
X^2	0	6	6
X^3	1	5	4
X^4	0	3	1
X^5	0	0	0
Diff.	0

X^0	4	32	31
X^1	3	27	26
X^2	0	16	11
X^3	3	12	12
X^4	0	2	1
X^5	0	0	0
Diff.	0

X^0	1	28	26
X^1	1	8	3
X^2	1	8	6
X^3	4	4	4
X^4	2	2	2
X^5	2	2	2
Diff.	1

X^0	1	12	11
X^1	1	5	4
X^2	1	5	4
X^3	1	1	1
X^4	1	1	1
X^5	0	0	0
Diff.	6

X^0	3	22	17
X^1	2	18	12
X^2	3	17	13
X^3	1	2	1
X^4	4	4	4
X^5	4	4	4
Diff.	0

X^0	2	13	7
X^1	2	6	4
X^2	2	8	7
X^3	2	2	2
X^4	0	0	0
X^5	1	1	1
Diff.	3

X^0	2	2	2
X^1	2	2	2
X^2	1	1	1
X^3	1	1	1
X^4	2	2	2
X^5	0	0	0
Diff.	2

X^0	0	23	23
X^1	0	16	16
X^2	3	17	17
X^3	0	0	0
X^4	0	0	0
X^5	1	1	1
Diff.	0

X^0	3	15	14
X^1	2	14	13
X^2	2	12	11
X^3	1	1	1
X^4	1	1	1
X^5	0	0	0
Diff.	4

X^0	2	6	3
X^1	2	6	2
X^2	2	2	2
X^3	2	2	2
X^4	1	1	1
X^5	2	2	2
Diff.	9

X^0	1	31	28
X^1	1	1	1
X^2	1	1	1
X^3	2	2	2
X^4	2	2	2
X^5	0	0	0
Diff.	0

X^0	5	50	48
X^1	1	34	33
X^2	1	22	19
X^3	1	16	15
X^4	1	7	6
X^5	1	1	1
Diff.	8

X^0	3	8	8
X^1	0	4	0
X^2	0	2	0
X^3	1	1	1
X^4	0	0	0
X^5	1	1	1
Diff.	0

X^0	1	380	380
X^1	1	342	342
X^2	1	361	361
X^3	2	3	3
X^4	0	0	0
X^5	0	0	0
Diff.	1

X^0	3	33	29
X^1	2	17	11
X^2	3	17	11
X^3	2	3	2
X^4	3	3	3
X^5	1	1	1
Diff.	5

X^0	4	12	8
X^1	4	5	4
X^2	0	0	0
X^3	0	0	0
X^4	0	0	0
X^5	0	0	0
Diff.	3

X^0	2	29	28
X^1	1	12	11
X^2	1	12	9
X^3	1	1	1
X^4	1	1	1
X^5	1	1	1
Diff.	3

X^0	1	5	5
X^1	0	5	5
X^2	0	3	3
X^3	0	3	3
X^4	0	2	1
X^5	0	0	0
Diff.	0

X^0	5	29	24
X^1	5	26	21
X^2	5	7	5
X^3	5	5	5
X^4	2	2	2
X^5	0	0	0
Diff.	14

X^0	8	108	105
X^1	2	83	80
X^2	2	22	19
X^3	3	3	3
X^4	3	3	3
X^5	0	0	0
Diff.	23

X^0	3	3	3
X^1	3	3	3
X^2	2	3	2
X^3	1	1	1
X^4	3	3	3
X^5	1	1	1
Diff.	10

X^0	2	184	182
X^1	2	81	77
X^2	3	93	91
X^3	2	2	2
X^4	2	2	2
X^5	0	0	0
Diff.	3

X^0	2	48	45
X^1	2	32	31
X^2	2	16	16
X^3	1	1	1
X^4	0	0	0
X^5	3	3	3
Diff.	3

X^0	5	26	23
X^1	5	18	15
X^2	5	21	18
X^3	1	6	4
X^4	1	1	1
X^5	0	0	0
Diff.	14

X^0	2	18	14
X^1	2	13	11
X^2	3	11	8
X^3	2	2	2
X^4	2	2	2
X^5	2	2	2
Diff.	10

X^0	1	9	7
X^1	1	11	9
X^2	1	3	1
X^3	0	0	0
X^4	0	0	0
X^5	0	0	0
Diff.	3

X^0	1	42	41
X^1	1	22	21
X^2	1	18	11
X^3	1	4	2
X^4	1	1	1
X^5	0	0	0
Diff.	1

X^0	5	31	29
X^1	4	24	23
X^2	2	21	21
X^3	2	21	21
X^4	0	10	10
X^5	0	0	0
Diff.	6

X^0	1	35	32
X^1	1	17	16
X^2	3	41	41
X^3	0	0	0
X^4	0	0	0
X^5	0	0	0
Diff.	1

X^0	3	26	22
X^1	3	16	13
X^2	3	15	12
X^3	3	3	3
X^4	3	3	3
X^5	0	0	0
Diff.	5

X^0	2	257	256
X^1	1	127	123
X^2	1	127	124
X^3	3	3	3
X^4	1	1	1
X^5	3	3	3
Diff.	7

X^0	3	41	38
X^1	1	17	16
X^2	1	14	13
X^3	0	0	0
X^4	0	0	0
X^5	0	0	0
Diff.	1

X^0	0	32	32
X^1	3	18	18
X^2	0	0	0
X^3	0	0	0
X^4	0	0	0
X^5	1	1	1
Diff.	0

X^0	3	19	16
X^1	3	19	16
X^2	3	3	3
X^3	3	3	3
X^4	3	3	3
X^5	3	3	3
Diff.	7

X^0	2	29	27
X^1	2	26	22
X^2	1	1	1
X^3	2	2	2
X^4	1	1	1
X^5	0	0	0
Diff.	2

X^0	7	39	33
X^1	7	34	28
X^2	7	31	21
X^3	6	6	6
X^4	5	5	5
X^5	3	3	3
Diff.	22

X^0	2	89	86
X^1	2	40	37
X^2	2	42	36
X^3	2	2	2
X^4	3	3	3
X^5	4	4	4
Diff.	3

X^0	3	11	10
X^1	1	5	4
X^2	1	3	3
X^3	0	0	0
X^4	0	0	0
X^5	3	3	3
Diff.	1

X^0	2	475	473
X^1	2	313	308
X^2	2	154	152
X^3	2	2	2
X^4	1	1	1
X^5	1	1	1
Diff.	3

X^0	2	17	14
X^1	2	13	6
X^2	2	12	10
X^3	2	2	2
X^4	2	2	2
X^5	2	2	2
Diff.	15

X^0	2	27	25
X^1	3	23	21
X^2	0	0	0
X^3	0	0	0
X^4	0	0	0
X^5	0	0	0
Diff.	1

X^0	3	142	138
X^1	3	137	134
X^2	3	114	110
X^3	3	3	3
X^4	3	3	3
X^5	0	0	0
Diff.	10

X^0	4	285	282
X^1	4	188	187
X^2	0	105	104
X^3	2	89	88
X^4	1	105	104
X^5	0	0	0
Diff.	2

X^0	3	14	11
X^1	7	15	13
X^2	2	8	5
X^3	2	2	2
X^4	1	1	1
X^5	0	0	0
Diff.	2

X^0	5	193	191
X^1	3	147	143
X^2	3	110	109
X^3	3	72	71
X^4	1	40	38
X^5	1	1	1
Diff.	4

X^0	3	82	78
X^1	3	35	30
X^2	3	36	32
X^3	3	3	3
X^4	3	3	3
X^5	0	0	0
Diff.	4

X^0	2	50	48
X^1	2	37	32
X^2	2	3	2
X^3	2	2	2
X^4	2	2	2
X^5	0	0	0
Diff.	4

X^0	1	195	195
X^1	2	195	195
X^2	1	141	137
X^3	1	86	86
X^4	1	29	29
X^5	0	0	0
Diff.	1

X^0	4	50	46
X^1	4	30	25
X^2	4	15	10
X^3	4	4	4
X^4	4	4	4
X^5	4	4	4
Diff.	16

X^0	5	134	129
X^1	5	89	79
X^2	5	51	46
X^3	5	48	43
X^4	5	46	41
X^5	5	5	5
Diff.	19

X^0	3	13	8
X^1	3	8	5
X^2	4	6	4
X^3	3	3	3
X^4	3	3	3
X^5	1	1	1
Diff.	4

X^0	4	8	6
X^1	2	4	2
X^2	2	5	2
X^3	2	4	2
X^4	2	2	2
X^5	3	3	3
Diff.	7

X^0	1	6	1
X^1	3	5	3
X^2	1	2	1
X^3	1	1	1
X^4	1	1	1
X^5	2	2	2
Diff.	1

X^0	4	67	63
X^1	4	36	32
X^2	4	33	28
X^3	4	4	4
X^4	4	4	4
X^5	1	1	1
Diff.	16

X^0	1	28	27
X^1	2	16	14
X^2	1	13	12
X^3	2	2	2
X^4	1	1	1
X^5	0	0	0
Diff.	1

X^0	4	24	20
X^1	3	9	8
X^2	2	8	6
X^3	2	2	2
X^4	2	2	2
X^5	0	0	0
Diff.	8

X^0	1	6	6
X^1	2	6	6
X^2	1	5	5
X^3	0	0	0
X^4	0	0	0
X^5	0	0	0
Diff.	1

X^0	3	58	53
X^1	1	42	40
X^2	1	1	1
X^3	2	2	2
X^4	2	2	2
X^5	0	0	0
Diff.	16

X^0	3	32	31
X^1	1	25	24
X^2	2	17	16
X^3	1	1	1
X^4	1	1	1
X^5	0	0	0
Diff.	8

X^0	3	60	58
X^1	3	58	58
X^2	2	2	2
X^3	1	1	1
X^4	0	0	0
X^5	3	3	3
Diff.	1

X^0	1	24	24
X^1	2	25	22
X^2	1	24	24
X^3	0	0	0
X^4	0	0	0
X^5	0	0	0
Diff.	1

X^0	8	58	49
X^1	8	58	50
X^2	8	8	8
X^3	8	8	8
X^4	8	8	8
X^5	0	0	0
Diff.	28

X^0	1	477	476
X^1	4	297	296
X^2	1	235	230
X^3	0	64	63
X^4	1	1	1
X^5	0	0	0
Diff.	2

X^0	4	21	17
X^1	4	14	10
X^2	4	4	4
X^3	4	4	4
X^4	0	0	0
X^5	2	2	2
Diff.	6

X^0	5	12	10
X^1	2	2	2
X^2	4	4	4
X^3	2	2	2
X^4	2	2	2
X^5	2	2	2
Diff.	3

X^0	1	45	45
X^1	4	28	28
X^2	6	26	26
X^3	10	14	14
X^4	10	14	13
X^5	0	0	0
Diff.	22

X^0	2	147	146
X^1	1	90	88
X^2	1	35	33
X^3	1	1	1
X^4	2	2	2
X^5	1	1	1
Diff.	0

X^0	2	9	9
X^1	1	5	4
X^2	1	4	4
X^3	1	1	1
X^4	0	0	0
X^5	1	1	1
Diff.	6

X^0	1	13	11
X^1	0	10	3
X^2	0	7	4
X^3	3	4	3
X^4	2	2	2
X^5	0	0	0
Diff.	4

X^0	6	138	134
X^1	5	133	132
X^2	5	126	125
X^3	0	0	0
X^4	1	1	1
X^5	2	2	2
Diff.	1

X^0	3	30	29
X^1	1	18	16
X^2	1	11	10
X^3	1	1	1
X^4	0	0	0
X^5	0	0	0
Diff.	2

X^0	1	34	30
X^1	1	19	15
X^2	2	16	12
X^3	4	4	4
X^4	4	4	4
X^5	0	0	0
Diff.	5

X^0	1	27	26
X^1	1	27	26
X^2	1	21	16
X^3	1	16	16
X^4	1	5	5
X^5	0	0	0
Diff.	2

X^0	3	61	56
X^1	3	37	34
X^2	3	21	13
X^3	4	31	27
X^4	3	27	23
X^5	3	3	3
Diff.	13

X^0	4	24	20
X^1	2	12	12
X^2	2	12	11
X^3	0	0	0
X^4	0	0	0
X^5	0	0	0
Diff.	4

X^0	2	25	19
X^1	2	14	11
X^2	2	9	8
X^3	2	2	2
X^4	1	1	1
X^5	2	2	2
Diff.	6

X^0	2	21	21
X^1	0	12	12
X^2	1	7	7
X^3	4	4	4
X^4	3	3	3
X^5	0	0	0
Diff.	3

X^0	2	18	14
X^1	2	2	2
X^2	2	2	2
X^3	2	2	2
X^4	1	1	1
X^5	2	2	2
Diff.	7

X^0	2	22	18
X^1	2	9	7
X^2	2	7	3
X^3	2	2	2
X^4	2	2	2
X^5	0	0	0
Diff.	12

X^0	5	9	7
X^1	4	4	4
X^2	0	1	0
X^3	1	1	1
X^4	0	0	0
X^5	0	0	0
Diff.	3

X^0	1	25	25
X^1	1	14	11
X^2	4	15	12
X^3	2	2	2
X^4	0	0	0
X^5	1	1	1
Diff.	0

X^0	3	6	6
X^1	3	3	3
X^2	1	3	2
X^3	1	1	1
X^4	0	0	0
X^5	4	4	4
Diff.	3

X^0	1	20	20
X^1	1	9	8
X^2	1	4	1
X^3	0	0	0
X^4	0	0	0
X^5	1	1	1
Diff.	1

X^0	3	68	68
X^1	2	29	26
X^2	0	26	25
X^3	2	4	4
X^4	0	0	0
X^5	0	0	0
Diff.	0

X^0	3	20	16
X^1	3	16	12
X^2	2	11	10
X^3	0	0	0
X^4	0	0	0
X^5	0	0	0
Diff.	3

X^0	4	13	12
X^1	3	12	6
X^2	0	8	6
X^3	3	3	3
X^4	0	0	0
X^5	2	2	2
Diff.	0

X^0	2	168	166
X^1	2	163	161
X^2	2	163	161
X^3	2	2	2
X^4	2	2	2
X^5	3	3	3
Diff.	8

X^0	1	34	31
X^1	3	38	35
X^2	1	1	1
X^3	1	1	1
X^4	3	3	3
X^5	0	0	0
Diff.	3

X^0	2	18	16
X^1	2	23	21
X^2	2	20	18
X^3	2	2	2
X^4	2	2	2
X^5	9	9	9
Diff.	7

X^0	2	15	14
X^1	2	6	5
X^2	1	1	1
X^3	0	0	0
X^4	0	0	0
X^5	0	0	0
Diff.	0

X^0	3	3	3
X^1	2	2	2
X^2	1	1	1
X^3	1	1	1
X^4	1	1	1
X^5	1	1	1
Diff.	3

X^0	3	166	161
X^1	1	85	85
X^2	1	86	86
X^3	2	2	2
X^4	0	0	0
X^5	0	0	0
Diff.	0

X^0	2	138	129
X^1	2	66	61
X^2	2	58	54
X^3	1	1	1
X^4	4	4	4
X^5	2	2	2
Diff.	3

X^0	1	6	1
X^1	0	4	4
X^2	4	6	4
X^3	1	1	1
X^4	1	1	1
X^5	0	0	0
Diff.	3

X^0	0	2	0
X^1	0	2	1
X^2	2	4	4
X^3	0	0	0
X^4	0	0	0
X^5	2	2	2
Diff.	0

X^0	4	47	45
X^1	7	37	36
X^2	3	24	23
X^3	4	15	9
X^4	1	20	18
X^5	1	1	1
Diff.	7

X^0	6	15	9
X^1	6	12	8
X^2	3	7	4
X^3	3	3	3
X^4	2	2	2
X^5	2	2	2
Diff.	5

X^0	2	59	58
X^1	1	29	29
X^2	0	27	24
X^3	0	0	0
X^4	0	0	0
X^5	0	0	0
Diff.	1

X^0	2	62	60
X^1	1	48	42
X^2	3	57	54
X^3	1	31	28
X^4	1	24	23
X^5	0	0	0
Diff.	0

X^0	1	50	48
X^1	1	36	35
X^2	1	24	21
X^3	0	13	13
X^4	0	1	1
X^5	0	0	0
Diff.	4

X^0	2	550	500
X^1	2	279	277
X^2	4	272	269
X^3	2	2	2
X^4	2	2	2
X^5	1	1	1
Diff.	47

X^0	2	653	500
X^1	2	328	326
X^2	2	324	322
X^3	0	0	0
X^4	0	0	0
X^5	0	0	0
Diff.	158

X^0	2	60	57
X^1	1	7	1
X^2	2	2	2
X^3	2	2	2
X^4	1	1	1
X^5	2	2	2
Diff.	4

X^0	2	7	5
X^1	2	3	2
X^2	2	3	2
X^3	0	0	0
X^4	0	0	0
X^5	0	0	0
Diff.	1

X^0	1	10	9
X^1	1	6	5
X^2	1	4	3
X^3	1	1	1
X^4	0	0	0
X^5	1	1	1
Diff.	8

X^0	2	11	7
X^1	2	8	5
X^2	3	7	5
X^3	3	4	3
X^4	1	2	1
X^5	0	0	0
Diff.	3

X^0	1	424	420
X^1	1	397	393
X^2	2	403	402
X^3	1	1	1
X^4	1	1	1
X^5	0	0	0
Diff.	326

X^0	2	25	23
X^1	2	16	12
X^2	2	11	8
X^3	2	2	2
X^4	1	1	1
X^5	2	2	2
Diff.	12

X^0	3	51	48
X^1	2	24	21
X^2	1	22	21
X^3	1	1	1
X^4	1	1	1
X^5	4	4	4
Diff.	2

X^0	2	6	5
X^1	0	3	2
X^2	4	5	5
X^3	2	2	2
X^4	0	0	0
X^5	1	1	1
Diff.	1

X^0	2	45	40
X^1	1	41	40
X^2	1	34	33
X^3	1	1	1
X^4	0	0	0
X^5	2	2	2
Diff.	1

X^0	1	23	22
X^1	3	22	20
X^2	1	20	19
X^3	2	2	2
X^4	1	1	1
X^5	0	0	0
Diff.	1

X^0	1	26	19
X^1	1	17	12
X^2	1	13	11
X^3	1	10	10
X^4	1	8	8
X^5	0	0	0
Diff.	1

X^0	1	46	44
X^1	3	51	49
X^2	1	35	35
X^3	1	19	19
X^4	1	4	4
X^5	0	0	0
Diff.	2

X^0	1	13	12
X^1	1	5	4
X^2	1	6	5
X^3	3	3	3
X^4	1	1	1
X^5	1	1	1
Diff.	3

X^0	4	91	76
X^1	4	82	78
X^2	4	74	70
X^3	4	4	4
X^4	4	4	4
X^5	1	1	1
Diff.	24

X^0	3	21	19
X^1	3	13	11
X^2	2	12	10
X^3	2	2	2
X^4	2	2	2
X^5	0	0	0
Diff.	5

X^0	1	19	18
X^1	1	19	15
X^2	1	21	20
X^3	1	2	1
X^4	0	0	0
X^5	3	3	3
Diff.	0

X^0	2	10	9
X^1	1	5	3
X^2	1	4	1
X^3	3	3	3
X^4	1	1	1
X^5	1	1	1
Diff.	1

X^0	1	31	31
X^1	0	22	22
X^2	2	18	18
X^3	0	10	10
X^4	1	7	6
X^5	0	0	0
Diff.	2

X^0	1	69	67
X^1	1	36	36
X^2	0	33	33
X^3	0	0	0
X^4	0	0	0
X^5	0	0	0
Diff.	3

X^0	5	41	36
X^1	5	25	20
X^2	5	10	5
X^3	5	5	5
X^4	5	5	5
X^5	0	0	0
Diff.	14

X^0	1	10	9
X^1	1	8	7
X^2	5	5	5
X^3	0	0	0
X^4	0	0	0
X^5	0	0	0
Diff.	0

X^0	1	89	88
X^1	1	48	45
X^2	1	41	40
X^3	1	1	1
X^4	1	1	1
X^5	0	0	0
Diff.	3

X^0	1	15	14
X^1	1	7	2
X^2	1	4	2
X^3	1	2	1
X^4	1	1	1
X^5	0	0	0
Diff.	2

X^0	0	19	17
X^1	0	11	10
X^2	4	8	7
X^3	0	3	3
X^4	0	0	0
X^5	0	0	0
Diff.	0

X^0	3	78	72
X^1	3	64	61
X^2	2	8	6
X^3	3	3	3
X^4	2	2	2
X^5	0	0	0
Diff.	5

X^0	1	8	7
X^1	1	5	1
X^2	2	4	3
X^3	1	1	1
X^4	1	1	1
X^5	1	1	1
Diff.	2

X^0	4	19	15
X^1	4	8	4
X^2	4	5	4
X^3	4	4	4
X^4	4	4	4
X^5	0	0	0
Diff.	9

X^0	0	32	30
X^1	0	15	13
X^2	0	7	7
X^3	0	0	0
X^4	0	6	6
X^5	0	0	0
Diff.	7

X^0	3	8	6
X^1	2	4	3
X^2	0	1	0
X^3	0	1	0
X^4	3	3	3
X^5	0	0	0
Diff.	2

X^0	1	166	165
X^1	2	52	48
X^2	1	44	43
X^3	3	3	3
X^4	1	1	1
X^5	1	1	1
Diff.	0

X^0	0	18	15
X^1	0	13	10
X^2	0	11	8
X^3	2	2	2
X^4	2	2	2
X^5	0	0	0
Diff.	0

X^0	2	10	8
X^1	1	7	5
X^2	1	2	1
X^3	5	5	5
X^4	2	2	2
X^5	2	2	2
Diff.	0

X^0	3	17	16
X^1	2	14	13
X^2	2	2	2
X^3	1	1	1
X^4	1	1	1
X^5	0	0	0
Diff.	1

X^0	5	94	94
X^1	5	92	92
X^2	5	5	5
X^3	0	0	0
X^4	0	0	0
X^5	5	5	5
Diff.	28

X^0	2	374	372
X^1	3	191	189
X^2	2	183	181
X^3	2	2	2
X^4	2	2	2
X^5	1	1	1
Diff.	3

X^0	2	204	202
X^1	2	98	94
X^2	3	100	98
X^3	2	2	2
X^4	2	2	2
X^5	2	2	2
Diff.	4

X^0	3	35	34
X^1	1	29	27
X^2	1	3	1
X^3	1	1	1
X^4	1	1	1
X^5	0	0	0
Diff.	2

X^0	2	133	130
X^1	1	121	118
X^2	1	111	106
X^3	1	1	1
X^4	1	1	1
X^5	2	2	2
Diff.	2

X^0	5	24	21
X^1	2	21	19
X^2	3	3	3
X^3	2	2	2
X^4	0	0	0
X^5	0	0	0
Diff.	1

X^0	1	11	10
X^1	1	7	7
X^2	1	4	3
X^3	0	0	0
X^4	0	0	0
X^5	0	0	0
Diff.	2

X^0	2	32	31
X^1	2	35	33
X^2	2	34	33
X^3	2	2	2
X^4	1	1	1
X^5	4	4	4
Diff.	4

X^0	0	76	75
X^1	3	62	61
X^2	0	5	4
X^3	0	0	0
X^4	0	0	0
X^5	0	0	0
Diff.	3

X^0	3	121	120
X^1	3	75	66
X^2	3	47	46
X^3	0	24	24
X^4	0	0	0
X^5	0	0	0
Diff.	2

X^0	5	53	50
X^1	5	26	24
X^2	5	25	23
X^3	5	25	23
X^4	5	6	5
X^5	2	2	2
Diff.	14

X^0	3	26	25
X^1	3	15	11
X^2	1	5	4
X^3	6	6	6
X^4	0	0	0
X^5	0	0	0
Diff.	1

X^0	1	4	2
X^1	1	4	2
X^2	2	2	2
X^3	1	1	1
X^4	1	1	1
X^5	0	0	0
Diff.	1

X^0	6	9	6
X^1	3	5	3
X^2	2	5	2
X^3	3	4	3
X^4	7	7	7
X^5	0	0	0
Diff.	5

X^0	2	8	6
X^1	2	2	2
X^2	2	2	2
X^3	2	2	2
X^4	2	2	2
X^5	1	1	1
Diff.	5

X^0	5	405	402
X^1	3	402	398
X^2	4	395	393
X^3	0	0	0
X^4	2	2	2
X^5	3	3	3
Diff.	1

X^0	2	124	122
X^1	2	109	108
X^2	1	113	111
X^3	4	4	4
X^4	1	1	1
X^5	0	0	0
Diff.	0

X^0	1	22	20
X^1	2	24	22
X^2	1	17	16
X^3	1	13	11
X^4	3	10	9
X^5	1	1	1
Diff.	2

X^0	2	97	91
X^1	1	75	74
X^2	2	70	67
X^3	1	1	1
X^4	1	1	1
X^5	0	0	0
Diff.	0

X^0	2	317	314
X^1	2	151	149
X^2	2	158	156
X^3	2	3	2
X^4	2	2	2
X^5	0	0	0
Diff.	5

X^0	1	286	284
X^1	3	147	145
X^2	0	142	142
X^3	2	5	2
X^4	0	0	0
X^5	2	2	2
Diff.	0

X^0	2	3	2
X^1	2	2	2
X^2	3	3	3
X^3	1	1	1
X^4	1	1	1
X^5	1	1	1
Diff.	1

X^0	2	111	107
X^1	1	98	97
X^2	1	100	99
X^3	1	1	1
X^4	0	0	0
X^5	1	1	1
Diff.	2

X^0	6	32	27
X^1	5	24	18
X^2	5	10	7
X^3	5	5	5
X^4	3	3	3
X^5	4	4	4
Diff.	7

X^0	2	35	33
X^1	2	25	23
X^2	1	32	29
X^3	1	1	1
X^4	1	1	1
X^5	0	0	0
Diff.	4

X^0	3	64	62
X^1	2	65	48
X^2	1	43	43
X^3	1	22	22
X^4	0	8	7
X^5	0	0	0
Diff.	0

X^0	2	93	91
X^1	2	46	43
X^2	2	50	48
X^3	2	2	2
X^4	2	2	2
X^5	0	0	0
Diff.	4

X^0	2	12	9
X^1	2	9	8
X^2	2	2	2
X^3	1	1	1
X^4	1	1	1
X^5	1	1	1
Diff.	4

X^0	0	20	17
X^1	0	3	1
X^2	1	3	1
X^3	0	0	0
X^4	1	1	1
X^5	0	0	0
Diff.	4

X^0	2	213	211
X^1	2	168	167
X^2	4	127	127
X^3	1	82	81
X^4	1	40	39
X^5	0	0	0
Diff.	5

X^0	3	5	3
X^1	3	4	3
X^2	2	2	2
X^3	3	3	3
X^4	1	1	1
X^5	1	1	1
Diff.	4

X^0	6	24	18
X^1	0	22	19
X^2	2	25	24
X^3	4	4	4
X^4	0	0	0
X^5	5	5	5
Diff.	5

X^0	5	13	6
X^1	5	11	5
X^2	5	5	5
X^3	2	2	2
X^4	5	5	5
X^5	0	0	0
Diff.	8

X^0	0	46	46
X^1	0	17	16
X^2	1	24	23
X^3	0	0	0
X^4	0	0	0
X^5	0	0	0
Diff.	1

X^0	2	38	36
X^1	2	36	33
X^2	2	22	21
X^3	2	2	2
X^4	1	1	1
X^5	2	2	2
Diff.	18

X^0	3	12	6
X^1	3	10	5
X^2	3	8	3
X^3	3	5	3
X^4	3	3	3
X^5	3	3	3
Diff.	16

X^0	1	20	16
X^1	0	7	5
X^2	0	9	9
X^3	1	2	1
X^4	0	0	0
X^5	2	2	2
Diff.	0

X^0	1	3	1
X^1	1	1	1
X^2	1	1	1
X^3	1	1	1
X^4	2	2	2
X^5	0	0	0
Diff.	3

X^0	1	14	12
X^1	1	9	6
X^2	1	11	8
X^3	1	1	1
X^4	2	2	2
X^5	0	0	0
Diff.	1

X^0	2	5	2
X^1	0	1	0
X^2	0	1	0
X^3	0	0	0
X^4	0	0	0
X^5	1	1	1
Diff.	1

X^0	2	7	6
X^1	1	6	3
X^2	3	7	5
X^3	1	1	1
X^4	1	1	1
X^5	0	0	0
Diff.	2

X^0	6	17	14
X^1	2	9	6
X^2	5	19	16
X^3	2	2	2
X^4	2	2	2
X^5	0	0	0
Diff.	5

X^0	4	60	59
X^1	4	43	42
X^2	4	32	29
X^3	5	29	27
X^4	1	12	10
X^5	1	1	1
Diff.	11

X^0	4	193	191
X^1	2	82	80
X^2	2	84	82
X^3	2	2	2
X^4	2	2	2
X^5	1	1	1
Diff.	2

X^0	3	8	8
X^1	0	3	0
X^2	2	2	2
X^3	0	0	0
X^4	1	1	1
X^5	2	2	2
Diff.	4

X^0	4	45	43
X^1	2	31	30
X^2	7	29	27
X^3	2	14	11
X^4	1	11	6
X^5	1	1	1
Diff.	2

X^0	2	46	44
X^1	2	30	29
X^2	2	2	2
X^3	4	4	4
X^4	1	1	1
X^5	0	0	0
Diff.	3

X^0	1	31	31
X^1	0	23	19
X^2	0	16	14
X^3	0	10	10
X^4	0	6	6
X^5	0	0	0
Diff.	1

X^0	1	19	9
X^1	3	13	9
X^2	1	3	1
X^3	0	0	0
X^4	4	4	4
X^5	0	0	0
Diff.	2

X^0	5	69	66
X^1	5	50	50
X^2	5	36	35
X^3	5	23	23
X^4	0	13	13
X^5	0	0	0
Diff.	11

X^0	4	20	19
X^1	3	19	18
X^2	5	13	12
X^3	14	17	17
X^4	3	3	3
X^5	0	0	0
Diff.	17

X^0	2	71	69
X^1	2	58	56
X^2	1	64	62
X^3	2	2	2
X^4	1	1	1
X^5	0	0	0
Diff.	8

X^0	3	6	4
X^1	4	4	4
X^2	3	3	3
X^3	0	0	0
X^4	1	1	1
X^5	2	2	2
Diff.	5

X^0	1	18	17
X^1	1	11	10
X^2	1	1	1
X^3	1	1	1
X^4	1	1	1
X^5	0	0	0
Diff.	6

X^0	4	20	16
X^1	4	9	4
X^2	4	9	5
X^3	4	4	4
X^4	4	4	4
X^5	0	0	0
Diff.	31

X^0	4	10	6
X^1	4	4	4
X^2	4	5	4
X^3	4	4	4
X^4	3	3	3
X^5	0	0	0
Diff.	5

X^0	2	281	279
X^1	1	166	165
X^2	1	1	1
X^3	1	1	1
X^4	0	0	0
X^5	1	1	1
Diff.	108

X^0	2	62	62
X^1	3	31	29
X^2	2	29	29
X^3	1	1	1
X^4	0	0	0
X^5	1	1	1
Diff.	0

X^0	6	43	38
X^1	6	18	16
X^2	6	14	13
X^3	2	2	2
X^4	0	0	0
X^5	0	0	0
Diff.	10

X^0	2	5	2
X^1	2	2	2
X^2	5	5	5
X^3	0	0	0
X^4	2	2	2
X^5	2	2	2
Diff.	4

X^0	3	62	60
X^1	1	34	33
X^2	2	27	26
X^3	1	1	1
X^4	1	1	1
X^5	0	0	0
Diff.	0

X^0	6	34	32
X^1	6	15	11
X^2	1	13	12
X^3	4	4	4
X^4	1	1	1
X^5	1	1	1
Diff.	3

X^0	3	13	8
X^1	2	8	6
X^2	1	4	2
X^3	4	4	4
X^4	2	2	2
X^5	0	0	0
Diff.	3

X^0	1	5	5
X^1	0	2	2
X^2	0	0	0
X^3	0	0	0
X^4	0	1	1
X^5	0	0	0
Diff.	3

X^0	4	12	10
X^1	2	4	2
X^2	2	3	2
X^3	1	1	1
X^4	2	2	2
X^5	1	1	1
Diff.	2

X^0	1	317	316
X^1	1	250	245
X^2	1	2	1
X^3	0	0	0
X^4	4	4	4
X^5	2	2	2
Diff.	0

X^0	4	10	9
X^1	2	5	2
X^2	3	6	5
X^3	1	1	1
X^4	1	1	1
X^5	4	4	4
Diff.	1

X^0	4	16	15
X^1	3	9	8
X^2	5	9	5
X^3	3	3	3
X^4	3	3	3
X^5	1	1	1
Diff.	9

X^0	2	8	5
X^1	2	3	2
X^2	3	3	3
X^3	2	2	2
X^4	2	2	2
X^5	0	0	0
Diff.	2

X^0	3	11	5
X^1	2	2	2
X^2	12	12	12
X^3	1	1	1
X^4	5	5	5
X^5	3	3	3
Diff.	5

X^0	2	33	31
X^1	4	23	21
X^2	2	16	13
X^3	4	6	4
X^4	2	2	2
X^5	2	2	2
Diff.	4

X^0	1	65	64
X^1	1	60	56
X^2	1	39	39
X^3	0	0	0
X^4	0	0	0
X^5	1	1	1
Diff.	1

X^0	2	6	4
X^1	1	2	1
X^2	3	3	3
X^3	5	5	5
X^4	2	2	2
X^5	3	3	3
Diff.	0

X^0	3	11	8
X^1	3	6	3
X^2	3	6	3
X^3	3	3	3
X^4	3	3	3
X^5	0	0	0
Diff.	14

X^0	2	320	316
X^1	3	309	305
X^2	3	272	267
X^3	3	3	3
X^4	3	3	3
X^5	0	0	0
Diff.	57

X^0	5	7	5
X^1	2	6	4
X^2	2	3	2
X^3	2	2	2
X^4	0	1	0
X^5	2	2	2
Diff.	6

X^0	1	79	77
X^1	2	18	16
X^2	2	18	16
X^3	7	8	7
X^4	2	2	2
X^5	0	0	0
Diff.	5

X^0	2	34	33
X^1	1	30	30
X^2	1	30	29
X^3	1	17	17
X^4	1	13	13
X^5	0	0	0
Diff.	4

X^0	9	54	53
X^1	9	25	22
X^2	9	25	24
X^3	3	3	3
X^4	1	1	1
X^5	2	2	2
Diff.	12

X^0	1	44	40
X^1	6	47	46
X^2	1	40	39
X^3	1	23	19
X^4	1	18	16
X^5	1	1	1
Diff.	6

X^0	3	89	87
X^1	3	68	66
X^2	3	49	48
X^3	3	28	28
X^4	0	20	18
X^5	0	0	0
Diff.	8

X^0	1	19	19
X^1	4	12	10
X^2	1	8	6
X^3	0	0	0
X^4	0	0	0
X^5	1	1	1
Diff.	2

X^0	2	36	34
X^1	2	34	32
X^2	2	23	21
X^3	2	25	23
X^4	2	20	14
X^5	2	2	2
Diff.	8

X^0	2	88	84
X^1	2	70	57
X^2	2	57	55
X^3	2	61	59
X^4	2	34	26
X^5	2	2	2
Diff.	7

X^0	1	10	10
X^1	1	8	7
X^2	1	6	6
X^3	0	2	2
X^4	2	3	2
X^5	0	0	0
Diff.	1

X^0	1	1	1
X^1	3	3	3
X^2	2	2	2
X^3	3	3	3
X^4	3	3	3
X^5	1	1	1
Diff.	4

X^0	3	143	140
X^1	2	22	19
X^2	2	2	2
X^3	1	1	1
X^4	1	1	1
X^5	0	0	0
Diff.	49

X^0	1	12	9
X^1	3	12	9
X^2	1	10	5
X^3	7	7	7
X^4	3	3	3
X^5	3	3	3
Diff.	2

X^0	1	116	116
X^1	1	115	115
X^2	2	118	118
X^3	0	0	0
X^4	0	0	0
X^5	0	0	0
Diff.	1

X^0	6	41	35
X^1	6	29	22
X^2	6	14	12
X^3	6	6	6
X^4	2	2	2
X^5	3	3	3
Diff.	14

X^0	2	6	3
X^1	2	2	2
X^2	2	2	2
X^3	3	3	3
X^4	5	5	5
X^5	1	1	1
Diff.	3

X^0	2	6	3
X^1	2	6	4
X^2	1	2	1
X^3	1	1	1
X^4	1	1	1
X^5	0	0	0
Diff.	2

X^0	3	16	14
X^1	3	5	3
X^2	6	12	11
X^3	0	0	0
X^4	0	0	0
X^5	0	0	0
Diff.	3

X^0	2	362	361
X^1	4	289	289
X^2	1	213	212
X^3	2	139	138
X^4	1	76	75
X^5	0	0	0
Diff.	1

X^0	2	33	31
X^1	2	20	18
X^2	2	2	2
X^3	2	2	2
X^4	2	2	2
X^5	5	5	5
Diff.	6

X^0	3	28	25
X^1	3	16	11
X^2	3	13	10
X^3	2	2	2
X^4	3	3	3
X^5	3	3	3
Diff.	9

X^0	1	4	4
X^1	1	2	2
X^2	2	3	2
X^3	0	0	0
X^4	0	0	0
X^5	0	0	0
Diff.	1

X^0	3	25	21
X^1	3	25	22
X^2	3	28	25
X^3	3	21	15
X^4	3	13	9
X^5	3	3	3
Diff.	10

X^0	5	9	8
X^1	1	2	1
X^2	1	2	1
X^3	0	0	0
X^4	1	1	1
X^5	1	1	1
Diff.	2

X^0	3	9	8
X^1	1	1	1
X^2	1	1	1
X^3	3	3	3
X^4	0	0	0
X^5	3	3	3
Diff.	0

X^0	1	104	103
X^1	1	75	75
X^2	1	71	71
X^3	1	77	77
X^4	3	43	42
X^5	0	0	0
Diff.	2

X^0	2	29	26
X^1	1	15	14
X^2	3	16	14
X^3	2	5	3
X^4	1	1	1
X^5	0	0	0
Diff.	0

X^0	3	26	25
X^1	2	12	8
X^2	1	7	2
X^3	1	1	1
X^4	1	1	1
X^5	4	4	4
Diff.	4

X^0	3	74	66
X^1	3	75	67
X^2	5	60	57
X^3	3	35	32
X^4	3	25	22
X^5	3	3	3
Diff.	9

X^0	3	53	51
X^1	5	42	40
X^2	4	34	32
X^3	3	34	32
X^4	1	20	18
X^5	1	1	1
Diff.	5

X^0	2	10	6
X^1	2	11	8
X^2	2	3	2
X^3	2	2	2
X^4	2	2	2
X^5	1	1	1
Diff.	2

X^0	5	8	6
X^1	4	4	4
X^2	2	4	2
X^3	5	5	5
X^4	2	2	2
X^5	4	4	4
Diff.	3

X^0	1	153	151
X^1	1	82	78
X^2	0	64	62
X^3	0	0	0
X^4	2	2	2
X^5	0	0	0
Diff.	9

X^0	1	57	57
X^1	1	38	38
X^2	1	38	38
X^3	2	41	41
X^4	0	20	18
X^5	0	0	0
Diff.	3

X^0	1	54	52
X^1	1	46	44
X^2	1	37	35
X^3	1	1	1
X^4	2	2	2
X^5	1	1	1
Diff.	1

X^0	6	24	19
X^1	5	23	13
X^2	1	19	17
X^3	5	5	5
X^4	1	1	1
X^5	0	0	0
Diff.	8

X^0	1	3	2
X^1	1	1	1
X^2	0	0	0
X^3	0	0	0
X^4	1	1	1
X^5	0	0	0
Diff.	6

X^0	1	8	6
X^1	1	2	1
X^2	1	2	1
X^3	1	1	1
X^4	1	1	1
X^5	1	1	1
Diff.	7

X^0	2	51	49
X^1	2	21	19
X^2	2	23	20
X^3	2	2	2
X^4	2	2	2
X^5	0	0	0
Diff.	5

X^0	2	26	25
X^1	2	27	26
X^2	2	2	2
X^3	2	2	2
X^4	0	0	0
X^5	2	2	2
Diff.	10

X^0	8	41	32
X^1	8	30	22
X^2	8	30	21
X^3	8	8	8
X^4	8	8	8
X^5	1	1	1
Diff.	30

X^0	2	23	17
X^1	2	17	12
X^2	1	11	2
X^3	1	1	1
X^4	5	5	5
X^5	0	0	0
Diff.	3

X^0	5	9	5
X^1	5	5	5
X^2	5	5	5
X^3	5	5	5
X^4	0	0	0
X^5	1	1	1
Diff.	12

X^0	3	135	134
X^1	2	100	93
X^2	2	66	59
X^3	2	37	31
X^4	1	30	27
X^5	1	1	1
Diff.	8

X^0	2	6	2
X^1	1	1	1
X^2	5	5	5
X^3	1	1	1
X^4	1	1	1
X^5	0	0	0
Diff.	1

X^0	3	38	35
X^1	3	35	31
X^2	3	36	32
X^3	3	5	3
X^4	3	3	3
X^5	0	0	0
Diff.	5

X^0	3	16	4
X^1	3	10	7
X^2	3	5	3
X^3	3	3	3
X^4	3	3	3
X^5	0	0	0
Diff.	9

X^0	2	6	4
X^1	2	5	4
X^2	2	7	5
X^3	2	5	4
X^4	2	5	4
X^5	1	1	1
Diff.	4

X^0	3	18	15
X^1	3	14	11
X^2	3	3	3
X^3	3	3	3
X^4	3	3	3
X^5	0	0	0
Diff.	8

X^0	0	12	10
X^1	1	13	13
X^2	1	2	1
X^3	3	3	3
X^4	0	0	0
X^5	2	2	2
Diff.	0

X^0	4	39	31
X^1	4	32	31
X^2	4	31	29
X^3	0	0	0
X^4	1	1	1
X^5	1	1	1
Diff.	4

X^0	2	7	5
X^1	1	7	5
X^2	2	2	2
X^3	2	2	2
X^4	2	2	2
X^5	0	0	0
Diff.	2

X^0	2	24	23
X^1	2	2	2
X^2	2	2	2
X^3	1	1	1
X^4	1	1	1
X^5	1	1	1
Diff.	5

X^0	2	38	35
X^1	1	34	33
X^2	1	37	36
X^3	1	24	23
X^4	1	14	13
X^5	1	1	1
Diff.	2

X^0	3	126	123
X^1	2	69	68
X^2	1	56	55
X^3	1	1	1
X^4	1	1	1
X^5	1	1	1
Diff.	0

X^0	1	32	31
X^1	3	15	13
X^2	1	13	11
X^3	1	1	1
X^4	1	1	1
X^5	1	1	1
Diff.	0

X^0	0	9	9
X^1	1	5	4
X^2	1	3	3
X^3	1	1	1
X^4	0	0	0
X^5	0	0	0
Diff.	1

X^0	1	7	5
X^1	2	3	2
X^2	1	3	1
X^3	1	1	1
X^4	1	1	1
X^5	0	0	0
Diff.	1

X^0	1	36	33
X^1	1	19	12
X^2	3	3	3
X^3	3	3	3
X^4	2	2	2
X^5	1	1	1
Diff.	15

X^0	5	29	26
X^1	3	20	18
X^2	0	13	12
X^3	0	10	9
X^4	1	7	7
X^5	0	0	0
Diff.	3

X^0	3	10	8
X^1	3	4	3
X^2	3	3	3
X^3	2	2	2
X^4	4	5	4
X^5	3	3	3
Diff.	9

X^0	2	11	7
X^1	2	7	2
X^2	2	2	2
X^3	2	2	2
X^4	9	9	9
X^5	1	1	1
Diff.	6

X^0	5	155	151
X^1	5	78	73
X^2	5	74	70
X^3	8	8	8
X^4	3	3	3
X^5	0	0	0
Diff.	9

X^0	4	190	186
X^1	4	190	187
X^2	6	188	185
X^3	4	4	4
X^4	2	2	2
X^5	4	4	4
Diff.	12

X^0	1	9	6
X^1	1	8	4
X^2	1	3	1
X^3	1	2	1
X^4	6	6	6
X^5	0	0	0
Diff.	0

X^0	18	45	36
X^1	18	40	35
X^2	17	34	29
X^3	13	13	13
X^4	0	0	0
X^5	1	1	1
Diff.	46

X^0	4	21	15
X^1	4	17	16
X^2	4	15	14
X^3	4	8	6
X^4	4	4	4
X^5	3	3	3
Diff.	14

X^0	7	80	72
X^1	7	45	31
X^2	7	38	24
X^3	7	38	29
X^4	7	33	24
X^5	7	7	7
Diff.	44

X^0	8	43	43
X^1	2	39	39
X^2	2	35	35
X^3	0	24	21
X^4	2	14	12
X^5	0	0	0
Diff.	2

X^0	4	65	61
X^1	4	57	53
X^2	4	4	4
X^3	4	16	11
X^4	4	4	4
X^5	0	0	0
Diff.	8

X^0	3	62	62
X^1	3	33	31
X^2	1	27	24
X^3	2	2	2
X^4	0	0	0
X^5	1	1	1
Diff.	3

X^0	1	7	6
X^1	2	7	6
X^2	1	3	2
X^3	1	3	2
X^4	2	2	2
X^5	0	0	0
Diff.	1

X^0	6	43	39
X^1	5	22	20
X^2	4	23	20
X^3	3	3	3
X^4	2	2	2
X^5	0	0	0
Diff.	4

X^0	3	11	8
X^1	3	13	10
X^2	2	7	4
X^3	2	2	2
X^4	1	1	1
X^5	1	1	1
Diff.	4

X^0	6	6	6
X^1	5	5	5
X^2	2	2	2
X^3	2	2	2
X^4	4	4	4
X^5	0	0	0
Diff.	9

X^0	9	17	9
X^1	9	12	9
X^2	9	9	9
X^3	9	9	9
X^4	1	1	1
X^5	2	2	2
Diff.	27

X^0	5	56	52
X^1	2	30	26
X^2	2	24	20
X^3	1	1	1
X^4	4	4	4
X^5	2	2	2
Diff.	5

X^0	3	7	3
X^1	4	6	4
X^2	6	6	6
X^3	3	4	3
X^4	3	3	3
X^5	2	2	2
Diff.	14

X^0	1	505	500
X^1	1	265	261
X^2	1	231	226
X^3	1	1	1
X^4	1	1	1
X^5	0	0	0
Diff.	40

X^0	4	271	267
X^1	4	221	217
X^2	4	156	151
X^3	4	84	79
X^4	4	18	14
X^5	4	4	4
Diff.	12

X^0	1	18	13
X^1	1	18	13
X^2	1	16	13
X^3	0	0	0
X^4	3	3	3
X^5	1	1	1
Diff.	1

X^0	1	11	8
X^1	1	6	5
X^2	1	1	1
X^3	0	0	0
X^4	1	1	1
X^5	7	7	7
Diff.	1

X^0	1	4	4
X^1	2	2	2
X^2	5	5	5
X^3	11	11	11
X^4	1	1	1
X^5	2	2	2
Diff.	0

X^0	3	55	51
X^1	5	11	9
X^2	5	8	5
X^3	2	2	2
X^4	0	0	0
X^5	0	0	0
Diff.	4

X^0	1	35	33
X^1	1	37	35
X^2	1	27	25
X^3	1	19	18
X^4	2	12	10
X^5	1	1	1
Diff.	3

X^0	3	33	32
X^1	3	17	14
X^2	3	15	14
X^3	4	4	4
X^4	1	1	1
X^5	0	0	0
Diff.	6

X^0	4	23	21
X^1	1	4	3
X^2	3	6	5
X^3	2	2	2
X^4	1	1	1
X^5	3	3	3
Diff.	1

X^0	5	5	5
X^1	5	8	5
X^2	5	12	5
X^3	5	5	5
X^4	5	5	5
X^5	2	2	2
Diff.	11

X^0	1	193	192
X^1	1	169	164
X^2	1	1	1
X^3	0	0	0
X^4	0	0	0
X^5	0	0	0
Diff.	2

X^0	5	12	10
X^1	3	5	3
X^2	2	2	2
X^3	3	5	3
X^4	2	2	2
X^5	1	1	1
Diff.	3

X^0	3	73	70
X^1	2	66	63
X^2	2	2	2
X^3	1	1	1
X^4	2	2	2
X^5	0	0	0
Diff.	1

X^0	4	4	4
X^1	1	3	1
X^2	1	1	1
X^3	1	1	1
X^4	2	2	2
X^5	0	0	0
Diff.	2

X^0	1	8	6
X^1	1	3	1
X^2	1	2	1
X^3	2	2	2
X^4	1	1	1
X^5	2	2	2
Diff.	3

X^0	4	12	9
X^1	3	7	3
X^2	2	6	2
X^3	1	1	1
X^4	1	1	1
X^5	0	0	0
Diff.	2

X^0	5	327	320
X^1	4	316	314
X^2	1	320	316
X^3	2	4	2
X^4	2	2	2
X^5	0	0	0
Diff.	159

X^0	0	434	431
X^1	1	439	436
X^2	0	350	347
X^3	3	3	3
X^4	3	3	3
X^5	0	0	0
Diff.	324

X^0	1	5	4
X^1	1	2	1
X^2	0	1	0
X^3	3	3	3
X^4	1	1	1
X^5	0	0	0
Diff.	0

X^0	6	180	179
X^1	1	167	166
X^2	1	122	121
X^3	1	78	77
X^4	1	39	38
X^5	1	1	1
Diff.	3

X^0	1	11	9
X^1	2	2	2
X^2	1	1	1
X^3	2	2	2
X^4	4	4	4
X^5	0	0	0
Diff.	5

X^0	4	7	5
X^1	2	2	2
X^2	2	2	2
X^3	3	3	3
X^4	2	2	2
X^5	0	0	0
Diff.	1

X^0	2	32	27
X^1	4	24	21
X^2	0	10	10
X^3	4	4	4
X^4	3	3	3
X^5	0	0	0
Diff.	1

X^0	4	24	22
X^1	2	5	2
X^2	3	3	3
X^3	2	2	2
X^4	0	0	0
X^5	3	3	3
Diff.	1

X^0	4	14	11
X^1	1	5	2
X^2	0	6	6
X^3	0	0	0
X^4	0	0	0
X^5	0	0	0
Diff.	0

X^0	1	54	50
X^1	1	31	30
X^2	5	26	26
X^3	1	17	16
X^4	2	28	28
X^5	0	0	0
Diff.	0

X^0	1	43	40
X^1	3	40	33
X^2	3	39	36
X^3	1	1	1
X^4	1	1	1
X^5	1	1	1
Diff.	3

X^0	1	104	102
X^1	0	97	93
X^2	1	1	1
X^3	2	2	2
X^4	0	0	0
X^5	3	3	3
Diff.	0

X^0	1	22	21
X^1	2	9	6
X^2	1	8	5
X^3	1	1	1
X^4	1	1	1
X^5	1	1	1
Diff.	0

X^0	3	340	336
X^1	4	331	327
X^2	2	322	321
X^3	4	4	4
X^4	1	1	1
X^5	0	0	0
Diff.	4

X^0	6	106	105
X^1	3	81	79
X^2	3	60	60
X^3	1	41	41
X^4	1	21	19
X^5	0	0	0
Diff.	3

X^0	2	51	44
X^1	2	41	39
X^2	5	34	32
X^3	2	2	2
X^4	2	2	2
X^5	2	2	2
Diff.	4

X^0	4	9	7
X^1	2	5	2
X^2	2	4	3
X^3	2	2	2
X^4	2	2	2
X^5	1	1	1
Diff.	6

X^0	2	17	15
X^1	1	13	6
X^2	1	12	10
X^3	1	3	1
X^4	1	1	1
X^5	3	3	3
Diff.	2

X^0	1	36	32
X^1	2	34	30
X^2	1	27	20
X^3	1	1	1
X^4	3	3	3
X^5	0	0	0
Diff.	2

X^0	1	231	228
X^1	1	115	110
X^2	0	111	110
X^3	1	1	1
X^4	0	0	0
X^5	2	2	2
Diff.	0

X^0	2	11	10
X^1	1	11	7
X^2	1	7	7
X^3	1	1	1
X^4	0	0	0
X^5	2	2	2
Diff.	2

X^0	4	12	8
X^1	2	10	8
X^2	2	5	2
X^3	2	2	2
X^4	2	2	2
X^5	1	1	1
Diff.	6

X^0	1	3	1
X^1	6	6	6
X^2	1	1	1
X^3	1	1	1
X^4	2	2	2
X^5	0	0	0
Diff.	1

X^0	3	8	5
X^1	3	4	3
X^2	3	3	3
X^3	1	1	1
X^4	1	1	1
X^5	1	1	1
Diff.	2

X^0	3	7	4
X^1	3	5	3
X^2	3	3	3
X^3	7	7	7
X^4	0	0	0
X^5	2	2	2
Diff.	5

X^0	3	71	67
X^1	3	65	58
X^2	3	65	60
X^3	3	3	3
X^4	3	3	3
X^5	2	2	2
Diff.	7

X^0	6	33	29
X^1	2	27	25
X^2	5	29	25
X^3	2	2	2
X^4	2	2	2
X^5	0	0	0
Diff.	4

X^0	2	65	59
X^1	1	43	40
X^2	1	18	14
X^3	0	0	0
X^4	0	0	0
X^5	0	0	0
Diff.	3

X^0	3	46	41
X^1	3	38	35
X^2	3	9	6
X^3	3	3	3
X^4	3	3	3
X^5	2	2	2
Diff.	17

X^0	2	134	134
X^1	4	71	65
X^2	3	68	66
X^3	4	7	4
X^4	0	0	0
X^5	2	2	2
Diff.	2

X^0	3	11	8
X^1	3	14	11
X^2	3	3	3
X^3	3	3	3
X^4	3	3	3
X^5	1	1	1
Diff.	10

X^0	8	206	203
X^1	2	198	194
X^2	1	4	1
X^3	2	2	2
X^4	1	1	1
X^5	1	1	1
Diff.	3

X^0	5	52	47
X^1	5	40	35
X^2	8	20	13
X^3	5	5	5
X^4	5	5	5
X^5	0	0	0
Diff.	21

X^0	3	52	49
X^1	2	44	42
X^2	2	40	36
X^3	2	2	2
X^4	2	2	2
X^5	0	0	0
Diff.	4

X^0	1	10	8
X^1	1	1	1
X^2	1	1	1
X^3	1	1	1
X^4	0	0	0
X^5	5	5	5
Diff.	0

X^0	4	9	7
X^1	2	6	2
X^2	2	4	2
X^3	2	2	2
X^4	0	0	0
X^5	0	0	0
Diff.	0

X^0	2	23	22
X^1	1	26	25
X^2	1	18	17
X^3	1	1	1
X^4	0	0	0
X^5	1	1	1
Diff.	9

X^0	1	15	15
X^1	4	8	8
X^2	1	4	2
X^3	1	1	1
X^4	0	0	0
X^5	3	3	3
Diff.	0

X^0	2	262	260
X^1	2	130	128
X^2	1	129	126
X^3	2	2	2
X^4	1	1	1
X^5	0	0	0
Diff.	4

X^0	1	25	25
X^1	0	21	20
X^2	1	17	17
X^3	1	17	17
X^4	0	8	4
X^5	0	0	0
Diff.	1

X^0	1	30	30
X^1	1	28	28
X^2	2	31	31
X^3	2	4	3
X^4	0	0	0
X^5	1	1	1
Diff.	1

X^0	4	4	4
X^1	4	4	4
X^2	3	7	3
X^3	3	3	3
X^4	3	3	3
X^5	7	7	7
Diff.	3

X^0	2	43	40
X^1	2	23	21
X^2	2	25	22
X^3	0	0	0
X^4	0	0	0
X^5	0	0	0
Diff.	5

X^0	1	95	93
X^1	1	82	81
X^2	0	6	5
X^3	3	3	3
X^4	1	1	1
X^5	1	1	1
Diff.	2

X^0	4	11	10
X^1	6	9	9
X^2	2	4	3
X^3	0	0	0
X^4	3	3	3
X^5	0	0	0
Diff.	1

X^0	2	36	32
X^1	2	33	31
X^2	2	37	34
X^3	2	2	2
X^4	2	2	2
X^5	2	2	2
Diff.	2

X^0	3	15	13
X^1	1	12	10
X^2	1	1	1
X^3	1	1	1
X^4	1	1	1
X^5	1	1	1
Diff.	2

X^0	4	71	65
X^1	4	71	67
X^2	4	65	63
X^3	4	4	4
X^4	1	1	1
X^5	0	0	0
Diff.	9

X^0	3	13	10
X^1	3	9	7
X^2	2	4	2
X^3	2	2	2
X^4	2	2	2
X^5	2	2	2
Diff.	11

X^0	3	18	17
X^1	1	9	8
X^2	1	3	2
X^3	1	1	1
X^4	1	1	1
X^5	1	1	1
Diff.	3

X^0	3	75	71
X^1	3	67	61
X^2	3	72	66
X^3	3	4	3
X^4	3	3	3
X^5	0	0	0
Diff.	8

X^0	3	20	18
X^1	2	13	10
X^2	4	11	8
X^3	2	3	2
X^4	2	2	2
X^5	0	0	0
Diff.	0

X^0	2	14	10
X^1	4	12	7
X^2	2	3	2
X^3	2	2	2
X^4	2	2	2
X^5	2	2	2
Diff.	7

X^0	0	6	3
X^1	0	4	2
X^2	1	5	4
X^3	0	0	0
X^4	1	1	1
X^5	0	0	0
Diff.	1

X^0	2	4	2
X^1	2	5	3
X^2	2	2	2
X^3	4	7	4
X^4	1	4	1
X^5	2	2	2
Diff.	6

X^0	2	259	258
X^1	3	130	124
X^2	2	131	130
X^3	6	6	6
X^4	1	1	1
X^5	5	5	5
Diff.	3

X^0	1	23	19
X^1	3	24	20
X^2	1	2	1
X^3	1	1	1
X^4	4	4	4
X^5	0	0	0
Diff.	1

X^0	2	44	43
X^1	2	24	22
X^2	1	13	12
X^3	1	1	1
X^4	1	1	1
X^5	0	0	0
Diff.	16

X^0	3	123	123
X^1	1	60	59
X^2	0	59	57
X^3	1	1	1
X^4	0	0	0
X^5	1	1	1
Diff.	0

X^0	1	52	51
X^1	3	40	39
X^2	1	45	44
X^3	3	28	27
X^4	1	21	20
X^5	1	1	1
Diff.	5

X^0	2	11	10
X^1	2	6	4
X^2	1	3	3
X^3	0	0	0
X^4	0	0	0
X^5	0	0	0
Diff.	1

X^0	3	7	7
X^1	2	5	5
X^2	0	2	1
X^3	0	0	0
X^4	0	0	0
X^5	1	1	1
Diff.	2

X^0	2	71	69
X^1	3	39	38
X^2	1	1	1
X^3	0	0	0
X^4	0	0	0
X^5	0	0	0
Diff.	0

X^0	3	198	197
X^1	4	197	195
X^2	0	192	191
X^3	1	1	1
X^4	0	0	0
X^5	0	0	0
Diff.	3

X^0	1	12	2
X^1	3	3	3
X^2	4	4	4
X^3	0	0	0
X^4	1	1	1
X^5	0	0	0
Diff.	0

X^0	2	5	2
X^1	2	2	2
X^2	0	1	0
X^3	0	0	0
X^4	2	2	2
X^5	0	0	0
Diff.	7

X^0	6	18	15
X^1	3	12	10
X^2	7	14	14
X^3	1	1	1
X^4	0	0	0
X^5	1	1	1
Diff.	2

X^0	2	18	15
X^1	3	15	9
X^2	1	8	1
X^3	1	6	1
X^4	0	8	0
X^5	0	0	0
Diff.	3

X^0	2	118	116
X^1	2	58	55
X^2	2	64	62
X^3	2	2	2
X^4	2	2	2
X^5	2	2	2
Diff.	7

X^0	4	42	36
X^1	4	42	38
X^2	4	38	33
X^3	4	4	4
X^4	4	4	4
X^5	0	0	0
Diff.	10

X^0	4	27	18
X^1	2	24	18
X^2	2	19	15
X^3	1	15	11
X^4	1	7	6
X^5	1	1	1
Diff.	3

X^0	2	12	9
X^1	11	22	21
X^2	1	11	11
X^3	1	1	1
X^4	0	0	0
X^5	0	0	0
Diff.	1

X^0	5	189	185
X^1	3	94	91
X^2	3	96	93
X^3	3	3	3
X^4	3	3	3
X^5	2	2	2
Diff.	3

X^0	2	7	3
X^1	6	8	7
X^2	1	1	1
X^3	0	0	0
X^4	2	2	2
X^5	1	1	1
Diff.	2

X^0	2	21	17
X^1	3	9	7
X^2	2	10	6
X^3	3	3	3
X^4	1	1	1
X^5	1	1	1
Diff.	3

X^0	2	116	114
X^1	2	116	114
X^2	2	86	84
X^3	2	57	55
X^4	2	29	25
X^5	2	2	2
Diff.	7

X^0	1	80	78
X^1	1	76	73
X^2	1	75	74
X^3	4	4	4
X^4	0	0	0
X^5	0	0	0
Diff.	2

X^0	6	137	134
X^1	1	86	82
X^2	1	67	48
X^3	2	51	51
X^4	0	31	31
X^5	0	0	0
Diff.	1

X^0	2	16	12
X^1	3	16	13
X^2	2	6	3
X^3	1	1	1
X^4	1	1	1
X^5	0	0	0
Diff.	2

X^0	2	17	14
X^1	1	12	9
X^2	0	6	3
X^3	0	1	0
X^4	2	2	2
X^5	0	0	0
Diff.	1

X^0	1	69	68
X^1	1	37	34
X^2	7	41	40
X^3	1	1	1
X^4	1	1	1
X^5	1	1	1
Diff.	5

X^0	2	19	18
X^1	1	13	12
X^2	1	7	5
X^3	1	2	1
X^4	0	0	0
X^5	0	0	0
Diff.	1

X^0	1	46	45
X^1	2	20	18
X^2	1	18	17
X^3	1	1	1
X^4	0	0	0
X^5	0	0	0
Diff.	0

X^0	2	2	2
X^1	1	1	1
X^2	1	1	1
X^3	2	2	2
X^4	2	3	2
X^5	2	2	2
Diff.	4

X^0	9	18	14
X^1	3	8	6
X^2	5	10	8
X^3	2	2	2
X^4	2	2	2
X^5	0	0	0
Diff.	5

X^0	4	164	162
X^1	3	16	9
X^2	2	2	2
X^3	2	2	2
X^4	1	1	1
X^5	0	0	0
Diff.	2

X^0	6	17	16
X^1	6	6	6
X^2	1	5	5
X^3	0	0	0
X^4	0	0	0
X^5	2	2	2
Diff.	5

X^0	2	28	21
X^1	2	14	12
X^2	3	3	3
X^3	2	2	2
X^4	2	2	2
X^5	0	0	0
Diff.	3

X^0	2	404	402
X^1	2	393	389
X^2	3	386	385
X^3	3	3	3
X^4	1	1	1
X^5	1	1	1
Diff.	1

X^0	2	10	9
X^1	1	12	12
X^2	0	6	5
X^3	0	4	4
X^4	0	4	2
X^5	0	0	0
Diff.	1

X^0	4	35	30
X^1	4	26	19
X^2	4	24	19
X^3	4	8	4
X^4	4	4	4
X^5	0	0	0
Diff.	9

X^0	2	131	128
X^1	3	119	115
X^2	3	114	113
X^3	2	2	2
X^4	0	0	0
X^5	0	0	0
Diff.	4

X^0	3	24	21
X^1	3	23	20
X^2	3	13	10
X^3	3	3	3
X^4	3	3	3
X^5	0	0	0
Diff.	7

X^0	2	64	64
X^1	2	33	29
X^2	2	3	2
X^3	0	0	0
X^4	0	0	0
X^5	1	1	1
Diff.	2

X^0	2	15	15
X^1	2	8	7
X^2	1	8	8
X^3	2	2	2
X^4	0	0	0
X^5	0	0	0
Diff.	1

X^0	2	18	14
X^1	1	10	9
X^2	1	9	9
X^3	0	3	2
X^4	0	0	0
X^5	1	1	1
Diff.	1

X^0	1	15	13
X^1	1	1	1
X^2	1	1	1
X^3	1	1	1
X^4	2	2	2
X^5	0	0	0
Diff.	0

X^0	4	36	36
X^1	4	40	40
X^2	4	29	29
X^3	4	17	15
X^4	3	14	14
X^5	0	0	0
Diff.	9

X^0	1	13	9
X^1	3	12	10
X^2	1	10	9
X^3	2	2	2
X^4	1	1	1
X^5	2	2	2
Diff.	3

X^0	2	26	24
X^1	4	31	29
X^2	2	22	20
X^3	2	15	12
X^4	2	10	8
X^5	2	2	2
Diff.	3

X^0	4	10	6
X^1	5	7	5
X^2	10	11	10
X^3	0	0	0
X^4	0	0	0
X^5	0	0	0
Diff.	6

X^0	2	24	22
X^1	4	8	8
X^2	2	2	2
X^3	3	3	3
X^4	0	0	0
X^5	0	0	0
Diff.	0

X^0	3	18	15
X^1	4	13	10
X^2	3	6	3
X^3	3	3	3
X^4	3	3	3
X^5	1	1	1
Diff.	5

X^0	4	49	46
X^1	3	25	22
X^2	3	21	18
X^3	3	3	3
X^4	2	2	2
X^5	2	2	2
Diff.	5

X^0	0	30	29
X^1	0	6	6
X^2	0	0	0
X^3	0	0	0
X^4	0	5	5
X^5	0	0	0
Diff.	5

X^0	1	9	5
X^1	2	4	3
X^2	2	2	2
X^3	1	1	1
X^4	1	4	3
X^5	0	0	0
Diff.	3

X^0	1	162	161
X^1	4	111	108
X^2	1	90	89
X^3	1	90	89
X^4	2	42	39
X^5	1	1	1
Diff.	1

X^0	3	28	25
X^1	1	18	18
X^2	1	7	7
X^3	1	5	4
X^4	0	5	4
X^5	0	0	0
Diff.	0

X^0	2	41	38
X^1	2	32	28
X^2	4	39	35
X^3	6	6	6
X^4	2	2	2
X^5	0	0	0
Diff.	2

X^0	1	209	208
X^1	1	209	206
X^2	1	199	198
X^3	1	1	1
X^4	1	1	1
X^5	1	1	1
Diff.	14

X^0	3	98	95
X^1	4	100	97
X^2	3	73	70
X^3	3	52	47
X^4	3	28	24
X^5	3	3	3
Diff.	10

X^0	5	111	111
X^1	2	83	83
X^2	1	58	58
X^3	6	44	43
X^4	2	16	14
X^5	0	0	0
Diff.	1

X^0	2	6	2
X^1	2	7	5
X^2	2	2	2
X^3	2	2	2
X^4	2	2	2
X^5	0	0	0
Diff.	6

X^0	2	167	162
X^1	2	93	91
X^2	2	84	80
X^3	2	10	7
X^4	2	2	2
X^5	2	2	2
Diff.	11

X^0	2	139	135
X^1	2	87	85
X^2	2	55	40
X^3	2	51	46
X^4	2	42	37
X^5	2	2	2
Diff.	8

X^0	2	3	3
X^1	0	0	0
X^2	1	1	1
X^3	1	1	1
X^4	1	2	1
X^5	0	0	0
Diff.	1

X^0	3	47	43
X^1	1	27	22
X^2	2	24	20
X^3	1	5	1
X^4	4	4	4
X^5	0	0	0
Diff.	0

X^0	1	91	90
X^1	0	77	76
X^2	0	0	0
X^3	1	1	1
X^4	1	1	1
X^5	3	3	3
Diff.	0

X^0	0	9	8
X^1	2	6	5
X^2	0	4	4
X^3	3	7	7
X^4	0	1	1
X^5	0	0	0
Diff.	0

X^0	1	29	28
X^1	1	29	28
X^2	1	26	26
X^3	1	1	1
X^4	0	0	0
X^5	1	1	1
Diff.	4

X^0	1	237	234
X^1	1	123	122
X^2	1	114	113
X^3	1	1	1
X^4	0	0	0
X^5	3	3	3
Diff.	0

X^0	1	77	75
X^1	0	42	39
X^2	0	33	31
X^3	0	0	0
X^4	2	2	2
X^5	0	0	0
Diff.	0

X^0	1	50	48
X^1	1	24	23
X^2	1	6	4
X^3	1	1	1
X^4	1	1	1
X^5	0	0	0
Diff.	2

X^0	2	35	33
X^1	2	36	34
X^2	2	35	33
X^3	2	2	2
X^4	2	2	2
X^5	0	0	0
Diff.	4

X^0	3	23	13
X^1	3	21	21
X^2	1	1	1
X^3	1	2	1
X^4	0	0	0
X^5	1	1	1
Diff.	4

X^0	3	11	7
X^1	2	7	3
X^2	4	9	5
X^3	5	5	5
X^4	4	4	4
X^5	0	0	0
Diff.	10

X^0	4	43	37
X^1	4	41	37
X^2	4	29	25
X^3	4	4	4
X^4	4	4	4
X^5	0	0	0
Diff.	21

X^0	4	632	500
X^1	3	504	500
X^2	3	377	375
X^3	3	251	250
X^4	1	126	126
X^5	0	0	0
Diff.	10

X^0	3	6	3
X^1	2	4	2
X^2	2	3	2
X^3	2	2	2
X^4	4	4	4
X^5	0	0	0
Diff.	5

X^0	2	7	2
X^1	2	6	4
X^2	2	2	2
X^3	2	2	2
X^4	2	2	2
X^5	0	0	0
Diff.	5

X^0	2	3	2
X^1	0	2	0
X^2	0	3	1
X^3	0	0	0
X^4	0	0	0
X^5	0	0	0
Diff.	0

X^0	2	21	17
X^1	2	8	5
X^2	2	10	8
X^3	3	3	3
X^4	2	2	2
X^5	7	7	7
Diff.	3

X^0	1	76	70
X^1	1	43	39
X^2	1	38	35
X^3	1	1	1
X^4	2	2	2
X^5	1	1	1
Diff.	1

X^0	1	25	23
X^1	1	23	21
X^2	2	2	2
X^3	3	4	3
X^4	0	0	0
X^5	2	2	2
Diff.	0

X^0	2	43	40
X^1	4	49	46
X^2	2	31	22
X^3	2	25	23
X^4	2	17	12
X^5	2	2	2
Diff.	6

X^0	1	16	15
X^1	4	16	14
X^2	4	19	18
X^3	5	5	5
X^4	1	1	1
X^5	3	3	3
Diff.	0

X^0	3	62	59
X^1	1	45	44
X^2	1	36	34
X^3	3	49	47
X^4	1	24	23
X^5	1	1	1
Diff.	2

X^0	1	19	19
X^1	1	9	8
X^2	2	11	9
X^3	0	0	0
X^4	0	0	0
X^5	0	0	0
Diff.	1

X^0	2	164	162
X^1	4	89	87
X^2	2	75	73
X^3	2	2	2
X^4	2	2	2
X^5	1	1	1
Diff.	16

X^0	0	230	230
X^1	0	121	118
X^2	0	108	102
X^3	2	2	2
X^4	0	0	0
X^5	3	3	3
Diff.	0

X^0	1	8	6
X^1	1	5	4
X^2	1	1	1
X^3	1	1	1
X^4	0	0	0
X^5	1	1	1
Diff.	8

X^0	1	141	141
X^1	1	141	141
X^2	3	86	85
X^3	4	53	52
X^4	4	53	52
X^5	0	0	0
Diff.	8

X^0	1	30	24
X^1	2	14	12
X^2	2	2	2
X^3	1	1	1
X^4	2	2	2
X^5	1	1	1
Diff.	0

X^0	5	682	500
X^1	1	344	343
X^2	5	335	334
X^3	1	1	1
X^4	1	1	1
X^5	0	0	0
Diff.	3

X^0	4	9	5
X^1	4	6	4
X^2	3	3	3
X^3	1	1	1
X^4	1	1	1
X^5	0	0	0
Diff.	5

X^0	1	88	86
X^1	3	41	40
X^2	1	39	38
X^3	4	4	4
X^4	1	1	1
X^5	1	1	1
Diff.	1

X^0	4	15	11
X^1	2	10	5
X^2	4	9	8
X^3	1	4	4
X^4	3	4	4
X^5	0	0	0
Diff.	6

X^0	2	12	11
X^1	5	13	11
X^2	1	6	4
X^3	0	3	0
X^4	0	0	0
X^5	1	1	1
Diff.	3

X^0	6	9	6
X^1	6	16	9
X^2	6	6	6
X^3	6	6	6
X^4	3	3	3
X^5	0	0	0
Diff.	14

X^0	2	18	14
X^1	1	8	6
X^2	1	8	5
X^3	1	1	1
X^4	1	1	1
X^5	0	0	0
Diff.	8

X^0	1	165	164
X^1	1	142	140
X^2	1	1	1
X^3	1	1	1
X^4	0	0	0
X^5	1	1	1
Diff.	3

X^0	1	121	118
X^1	1	1	1
X^2	1	53	51
X^3	13	13	13
X^4	2	2	2
X^5	0	0	0
Diff.	1

X^0	1	25	22
X^1	2	13	7
X^2	1	12	8
X^3	2	2	2
X^4	3	3	3
X^5	2	2	2
Diff.	4

X^0	1	7	4
X^1	2	4	2
X^2	4	4	4
X^3	1	1	1
X^4	0	0	0
X^5	0	0	0
Diff.	2

X^0	0	838	500
X^1	1	420	416
X^2	1	418	411
X^3	0	2	0
X^4	2	2	2
X^5	2	2	2
Diff.	337

X^0	2	6	3
X^1	2	5	2
X^2	1	4	3
X^3	0	2	2
X^4	3	4	4
X^5	0	0	0
Diff.	5

X^0	7	23	11
X^1	5	14	8
X^2	5	8	6
X^3	5	5	5
X^4	0	6	6
X^5	0	0	0
Diff.	10

X^0	1	33	31
X^1	6	38	33
X^2	1	17	15
X^3	1	1	1
X^4	2	2	2
X^5	1	1	1
Diff.	0

X^0	3	11	10
X^1	3	10	9
X^2	2	8	2
X^3	1	1	1
X^4	1	1	1
X^5	0	0	0
Diff.	5

X^0	1	31	30
X^1	1	19	17
X^2	1	17	15
X^3	1	19	17
X^4	1	11	10
X^5	1	1	1
Diff.	4

X^0	2	156	154
X^1	1	154	152
X^2	1	143	139
X^3	1	1	1
X^4	1	1	1
X^5	0	0	0
Diff.	0

X^0	2	53	49
X^1	2	21	16
X^2	2	2	2
X^3	2	2	2
X^4	7	7	7
X^5	2	2	2
Diff.	13

X^0	1	3	1
X^1	0	0	0
X^2	0	0	0
X^3	2	2	2
X^4	1	1	1
X^5	2	2	2
Diff.	1

X^0	2	11	7
X^1	2	6	4
X^2	2	7	5
X^3	2	2	2
X^4	2	2	2
X^5	0	0	0
Diff.	1

X^0	3	20	19
X^1	3	17	15
X^2	1	15	9
X^3	3	4	3
X^4	1	1	1
X^5	0	0	0
Diff.	1

X^0	3	16	16
X^1	4	13	9
X^2	2	8	8
X^3	5	9	8
X^4	6	7	6
X^5	0	0	0
Diff.	2

X^0	3	22	13
X^1	3	23	13
X^2	3	13	11
X^3	2	7	2
X^4	0	7	5
X^5	2	2	2
Diff.	5

X^0	2	12	9
X^1	2	5	2
X^2	2	3	2
X^3	1	1	1
X^4	1	1	1
X^5	0	0	0
Diff.	6

X^0	8	23	23
X^1	3	14	10
X^2	7	15	14
X^3	4	8	4
X^4	0	2	2
X^5	0	0	0
Diff.	3

X^0	3	23	21
X^1	4	22	16
X^2	2	20	15
X^3	2	2	2
X^4	4	4	4
X^5	1	1	1
Diff.	3

X^0	1	12	7
X^1	1	9	1
X^2	2	10	3
X^3	0	5	3
X^4	3	6	5
X^5	1	1	1
Diff.	4

X^0	1	22	22
X^1	2	11	11
X^2	3	9	6
X^3	0	0	0
X^4	0	0	0
X^5	1	1	1
Diff.	2

X^0	4	189	187
X^1	3	190	188
X^2	8	148	147
X^3	3	94	91
X^4	5	52	51
X^5	1	1	1
Diff.	12

X^0	1	35	33
X^1	4	34	32
X^2	1	21	20
X^3	1	13	10
X^4	1	6	4
X^5	1	1	1
Diff.	3

X^0	1	6	3
X^1	1	3	1
X^2	1	1	1
X^3	1	1	1
X^4	0	0	0
X^5	0	0	0
Diff.	1

X^0	3	105	103
X^1	3	61	60
X^2	0	40	40
X^3	0	19	18
X^4	5	49	49
X^5	0	0	0
Diff.	1

X^0	4	17	15
X^1	3	9	7
X^2	2	7	5
X^3	2	3	2
X^4	2	2	2
X^5	0	0	0
Diff.	5

X^0	1	14	14
X^1	0	14	14
X^2	0	11	6
X^3	1	3	3
X^4	1	3	3
X^5	0	0	0
Diff.	11

X^0	1	8	6
X^1	1	1	1
X^2	1	2	1
X^3	1	1	1
X^4	1	1	1
X^5	1	1	1
Diff.	2

X^0	2	9	5
X^1	2	8	5
X^2	2	11	4
X^3	3	5	3
X^4	2	2	2
X^5	0	0	0
Diff.	4

X^0	1	2	1
X^1	1	2	1
X^2	1	4	2
X^3	1	1	1
X^4	1	1	1
X^5	1	1	1
Diff.	4

X^0	2	16	11
X^1	4	8	6
X^2	1	1	1
X^3	1	1	1
X^4	2	2	2
X^5	0	0	0
Diff.	0

X^0	2	9	8
X^1	6	17	14
X^2	1	9	8
X^3	1	3	3
X^4	0	0	0
X^5	0	0	0
Diff.	1

X^0	3	5	3
X^1	2	3	2
X^2	2	2	2
X^3	1	2	1
X^4	1	1	1
X^5	0	0	0
Diff.	4

X^0	2	3	2
X^1	1	3	2
X^2	1	3	2
X^3	1	2	1
X^4	0	1	1
X^5	0	0	0
Diff.	3

X^0	1	8	8
X^1	3	10	9
X^2	0	6	5
X^3	0	3	3
X^4	0	2	2
X^5	0	0	0
Diff.	0

X^0	4	23	19
X^1	4	8	4
X^2	3	7	3
X^3	4	4	4
X^4	3	3	3
X^5	1	1	1
Diff.	9

X^0	2	7	6
X^1	5	10	9
X^2	2	5	4
X^3	2	4	3
X^4	2	2	2
X^5	0	0	0
Diff.	3

X^0	3	49	43
X^1	4	34	34
X^2	1	28	28
X^3	2	31	31
X^4	6	21	20
X^5	0	0	0
Diff.	0

X^0	2	42	39
X^1	3	25	20
X^2	0	28	25
X^3	5	13	10
X^4	3	3	3
X^5	0	0	0
Diff.	5

X^0	1	12	7
X^1	0	11	6
X^2	0	10	1
X^3	1	9	6
X^4	0	3	3
X^5	0	0	0
Diff.	1

X^0	3	33	31
X^1	1	24	22
X^2	1	5	2
X^3	1	1	1
X^4	1	1	1
X^5	1	1	1
Diff.	17

X^0	4	137	136
X^1	5	136	135
X^2	1	1	1
X^3	1	1	1
X^4	1	1	1
X^5	0	0	0
Diff.	2

X^0	1	5	4
X^1	0	1	1
X^2	4	4	4
X^3	0	0	0
X^4	0	0	0
X^5	0	0	0
Diff.	0

X^0	2	45	42
X^1	2	44	37
X^2	2	34	30
X^3	3	3	3
X^4	3	3	3
X^5	0	0	0
Diff.	8

X^0	1	50	50
X^1	1	47	47
X^2	0	34	32
X^3	0	0	0
X^4	0	0	0
X^5	3	3	3
Diff.	0

X^0	1	2	1
X^1	1	1	1
X^2	1	1	1
X^3	1	1	1
X^4	4	4	4
X^5	1	1	1
Diff.	0

X^0	3	9	5
X^1	2	4	2
X^2	3	4	3
X^3	2	2	2
X^4	2	2	2
X^5	0	0	0
Diff.	2

X^0	2	30	27
X^1	2	31	28
X^2	2	23	18
X^3	2	15	14
X^4	1	11	11
X^5	0	0	0
Diff.	1

X^0	2	30	26
X^1	3	20	17
X^2	3	3	3
X^3	3	3	3
X^4	3	3	3
X^5	0	0	0
Diff.	12

X^0	8	128	126
X^1	5	131	129
X^2	8	99	96
X^3	7	67	64
X^4	2	33	25
X^5	2	2	2
Diff.	20

X^0	2	42	39
X^1	2	35	29
X^2	0	5	4
X^3	0	3	0
X^4	3	3	3
X^5	0	0	0
Diff.	0

X^0	1	11	4
X^1	8	14	12
X^2	1	4	1
X^3	2	6	2
X^4	6	6	6
X^5	0	0	0
Diff.	1

X^0	3	20	20
X^1	3	23	23
X^2	4	18	12
X^3	2	8	7
X^4	2	2	2
X^5	0	0	0
Diff.	3

X^0	2	44	41
X^1	2	25	21
X^2	2	13	10
X^3	2	2	2
X^4	2	2	2
X^5	0	0	0
Diff.	5

X^0	4	45	39
X^1	4	27	22
X^2	4	19	15
X^3	4	4	4
X^4	4	4	4
X^5	0	0	0
Diff.	16

X^0	1	389	386
X^1	3	385	382
X^2	3	353	349
X^3	3	3	3
X^4	3	3	3
X^5	1	1	1
Diff.	279

X^0	1	3	1
X^1	2	2	2
X^2	1	2	1
X^3	1	1	1
X^4	3	3	3
X^5	0	0	0
Diff.	1

X^0	1	29	25
X^1	1	14	12
X^2	1	14	12
X^3	1	1	1
X^4	1	1	1
X^5	2	2	2
Diff.	4

X^0	2	2	2
X^1	2	2	2
X^2	2	3	2
X^3	3	3	3
X^4	0	0	0
X^5	2	2	2
Diff.	1

X^0	1	20	18
X^1	1	12	10
X^2	2	8	7
X^3	1	1	1
X^4	1	1	1
X^5	1	1	1
Diff.	4

X^0	2	32	31
X^1	2	29	28
X^2	4	31	28
X^3	1	1	1
X^4	1	1	1
X^5	0	0	0
Diff.	4

X^0	6	15	11
X^1	6	11	9
X^2	4	6	5
X^3	1	1	1
X^4	1	1	1
X^5	0	0	0
Diff.	10

X^0	2	31	30
X^1	2	2	2
X^2	0	0	0
X^3	1	1	1
X^4	2	2	2
X^5	0	0	0
Diff.	3

X^0	1	8	6
X^1	2	6	4
X^2	1	2	1
X^3	2	2	2
X^4	1	1	1
X^5	3	3	3
Diff.	5

X^0	4	12	8
X^1	3	5	3
X^2	3	3	3
X^3	4	4	4
X^4	3	3	3
X^5	0	0	0
Diff.	2

X^0	1	331	330
X^1	3	167	166
X^2	4	162	155
X^3	1	1	1
X^4	1	1	1
X^5	5	5	5
Diff.	4

X^0	2	11	5
X^1	2	7	4
X^2	2	5	5
X^3	2	2	2
X^4	0	0	0
X^5	1	1	1
Diff.	3

X^0	1	314	314
X^1	5	321	321
X^2	2	238	237
X^3	2	158	158
X^4	1	81	81
X^5	0	0	0
Diff.	1

X^0	4	28	19
X^1	1	16	16
X^2	1	4	4
X^3	1	1	1
X^4	1	14	14
X^5	0	0	0
Diff.	8

X^0	3	35	29
X^1	3	12	8
X^2	3	12	9
X^3	3	3	3
X^4	3	3	3
X^5	1	1	1
Diff.	11

X^0	2	12	10
X^1	2	4	2
X^2	2	2	2
X^3	2	2	2
X^4	1	1	1
X^5	0	0	0
Diff.	6

X^0	1	173	172
X^1	4	176	175
X^2	1	165	164
X^3	1	1	1
X^4	1	1	1
X^5	0	0	0
Diff.	7

X^0	4	10	10
X^1	1	9	9
X^2	1	4	4
X^3	1	4	4
X^4	0	0	0
X^5	1	1	1
Diff.	2

X^0	2	171	171
X^1	1	87	86
X^2	3	88	87
X^3	4	4	4
X^4	0	0	0
X^5	0	0	0
Diff.	0

X^0	1	3	1
X^1	1	3	2
X^2	6	6	6
X^3	1	3	1
X^4	1	1	1
X^5	2	2	2
Diff.	6

X^0	1	5	3
X^1	1	4	3
X^2	1	8	7
X^3	2	2	2
X^4	1	1	1
X^5	2	2	2
Diff.	1

X^0	2	9	6
X^1	2	10	7
X^2	2	7	2
X^3	5	18	13
X^4	1	4	1
X^5	1	1	1
Diff.	1

X^0	0	207	205
X^1	0	213	211
X^2	0	153	152
X^3	0	58	55
X^4	0	0	0
X^5	2	2	2
Diff.	0

X^0	2	57	53
X^1	1	40	37
X^2	1	24	20
X^3	1	15	15
X^4	0	14	14
X^5	0	0	0
Diff.	1

X^0	2	30	19
X^1	4	30	24
X^2	6	29	23
X^3	3	3	3
X^4	6	6	6
X^5	0	0	0
Diff.	13

X^0	3	9	6
X^1	2	8	4
X^2	2	5	3
X^3	3	6	3
X^4	2	2	2
X^5	2	2	2
Diff.	6

X^0	5	51	51
X^1	3	32	32
X^2	2	15	13
X^3	2	15	12
X^4	1	13	10
X^5	0	0	0
Diff.	14

X^0	1	70	69
X^1	1	64	62
X^2	1	1	1
X^3	2	2	2
X^4	1	1	1
X^5	2	2	2
Diff.	4

X^0	4	101	97
X^1	4	61	57
X^2	4	43	39
X^3	4	4	4
X^4	4	4	4
X^5	1	1	1
Diff.	13

X^0	2	20	18
X^1	2	15	13
X^2	2	2	2
X^3	2	2	2
X^4	2	2	2
X^5	0	0	0
Diff.	9

X^0	2	30	29
X^1	2	22	22
X^2	1	18	17
X^3	1	10	10
X^4	3	10	8
X^5	0	0	0
Diff.	3

X^0	0	355	353
X^1	2	345	343
X^2	2	345	343
X^3	1	1	1
X^4	1	1	1
X^5	2	2	2
Diff.	195

X^0	1	192	191
X^1	1	160	159
X^2	1	159	158
X^3	2	2	2
X^4	1	1	1
X^5	0	0	0
Diff.	3

X^0	1	101	97
X^1	5	89	87
X^2	2	88	79
X^3	1	13	9
X^4	2	2	2
X^5	2	2	2
Diff.	0

X^0	3	486	483
X^1	3	252	249
X^2	3	244	236
X^3	3	12	8
X^4	3	3	3
X^5	0	0	0
Diff.	6

X^0	2	40	38
X^1	2	34	32
X^2	2	36	34
X^3	2	23	21
X^4	2	16	11
X^5	2	2	2
Diff.	7

X^0	1	14	9
X^1	1	10	7
X^2	1	11	9
X^3	1	3	1
X^4	1	1	1
X^5	0	0	0
Diff.	1

X^0	1	6	2
X^1	2	2	2
X^2	1	1	1
X^3	0	0	0
X^4	5	5	5
X^5	1	1	1
Diff.	0

X^0	4	4	4
X^1	11	11	11
X^2	1	2	1
X^3	4	4	4
X^4	2	2	2
X^5	1	1	1
Diff.	6

X^0	3	9	8
X^1	2	7	6
X^2	2	2	2
X^3	1	2	1
X^4	0	7	6
X^5	0	0	0
Diff.	1

X^0	2	48	46
X^1	1	31	30
X^2	1	30	30
X^3	0	30	30
X^4	1	16	14
X^5	0	0	0
Diff.	4

X^0	3	122	119
X^1	2	113	108
X^2	2	79	77
X^3	2	2	2
X^4	2	2	2
X^5	0	0	0
Diff.	15

X^0	3	13	9
X^1	2	11	8
X^2	3	8	7
X^3	1	1	1
X^4	1	1	1
X^5	0	0	0
Diff.	7

X^0	4	28	23
X^1	4	19	14
X^2	4	20	15
X^3	5	19	13
X^4	4	7	4
X^5	4	4	4
Diff.	11

X^0	3	69	66
X^1	5	70	67
X^2	3	68	65
X^3	3	40	37
X^4	3	32	29
X^5	3	3	3
Diff.	6

X^0	2	18	16
X^1	2	13	11
X^2	2	10	8
X^3	2	2	2
X^4	2	2	2
X^5	0	0	0
Diff.	8

X^0	4	65	65
X^1	2	49	47
X^2	3	37	37
X^3	6	27	27
X^4	2	10	8
X^5	0	0	0
Diff.	4

X^0	7	28	19
X^1	7	14	7
X^2	7	7	7
X^3	7	7	7
X^4	2	2	2
X^5	0	0	0
Diff.	19

X^0	3	32	31
X^1	6	24	23
X^2	1	10	8
X^3	0	0	0
X^4	1	1	1
X^5	0	0	0
Diff.	0

X^0	2	128	126
X^1	2	2	2
X^2	2	2	2
X^3	2	2	2
X^4	5	6	5
X^5	1	1	1
Diff.	8

X^0	9	81	73
X^1	4	70	65
X^2	4	61	56
X^3	4	4	4
X^4	4	4	4
X^5	3	3	3
Diff.	15

X^0	1	4	3
X^1	2	2	2
X^2	3	3	3
X^3	2	2	2
X^4	0	0	0
X^5	3	3	3
Diff.	2

X^0	4	89	86
X^1	4	55	53
X^2	4	31	29
X^3	2	2	2
X^4	2	2	2
X^5	2	2	2
Diff.	8

X^0	3	8	6
X^1	3	9	6
X^2	3	6	3
X^3	1	2	1
X^4	2	6	5
X^5	0	0	0
Diff.	4

X^0	1	7	7
X^1	1	3	3
X^2	2	5	3
X^3	0	0	0
X^4	2	2	2
X^5	1	1	1
Diff.	1

X^0	3	12	9
X^1	3	3	3
X^2	3	3	3
X^3	3	3	3
X^4	1	3	1
X^5	3	3	3
Diff.	15

X^0	1	6	3
X^1	1	6	1
X^2	1	6	3
X^3	4	4	4
X^4	4	4	4
X^5	0	0	0
Diff.	10

X^0	2	31	30
X^1	1	26	26
X^2	0	0	0
X^3	1	1	1
X^4	0	0	0
X^5	2	2	2
Diff.	1

X^0	1	462	458
X^1	3	462	458
X^2	3	345	339
X^3	3	230	227
X^4	3	118	115
X^5	3	3	3
Diff.	3

X^0	4	9	6
X^1	3	3	3
X^2	3	3	3
X^3	2	2	2
X^4	2	2	2
X^5	0	0	0
Diff.	9

X^0	2	16	14
X^1	2	5	3
X^2	2	2	2
X^3	2	2	2
X^4	1	1	1
X^5	0	0	0
Diff.	1

X^0	0	5	4
X^1	2	4	2
X^2	0	0	0
X^3	2	2	2
X^4	3	3	3
X^5	6	6	6
Diff.	0

X^0	2	38	37
X^1	2	33	30
X^2	1	4	1
X^3	1	1	1
X^4	1	1	1
X^5	0	0	0
Diff.	1

X^0	2	60	56
X^1	2	59	55
X^2	2	49	46
X^3	2	31	28
X^4	2	22	20
X^5	2	2	2
Diff.	7

X^0	4	30	22
X^1	4	11	6
X^2	4	4	4
X^3	4	4	4
X^4	3	3	3
X^5	1	1	1
Diff.	8

X^0	3	23	18
X^1	3	22	18
X^2	3	20	17
X^3	3	4	3
X^4	3	3	3
X^5	1	1	1
Diff.	8

X^0	3	48	46
X^1	1	29	24
X^2	1	17	17
X^3	1	1	1
X^4	0	0	0
X^5	0	0	0
Diff.	3

X^0	2	4	2
X^1	3	4	3
X^2	0	1	0
X^3	1	1	1
X^4	0	0	0
X^5	1	1	1
Diff.	9

X^0	2	6	4
X^1	8	10	8
X^2	2	5	3
X^3	2	2	2
X^4	2	2	2
X^5	1	1	1
Diff.	6

X^0	2	68	66
X^1	2	12	10
X^2	2	11	9
X^3	2	2	2
X^4	2	2	2
X^5	0	0	0
Diff.	4

X^0	1	42	38
X^1	1	46	42
X^2	2	34	31
X^3	1	23	22
X^4	1	14	11
X^5	1	1	1
Diff.	1

X^0	1	3	1
X^1	1	3	1
X^2	1	2	1
X^3	1	1	1
X^4	2	2	2
X^5	1	1	1
Diff.	5

X^0	1	7	5
X^1	2	6	5
X^2	0	2	0
X^3	1	1	1
X^4	1	1	1
X^5	3	3	3
Diff.	1

X^0	4	692	500
X^1	9	357	352
X^2	5	348	343
X^3	3	6	3
X^4	3	3	3
X^5	1	1	1
Diff.	188

X^0	2	4	2
X^1	4	4	4
X^2	5	6	5
X^3	2	2	2
X^4	2	2	2
X^5	0	0	0
Diff.	8

X^0	2	15	8
X^1	2	14	12
X^2	2	9	2
X^3	2	2	2
X^4	0	0	0
X^5	3	3	3
Diff.	3

X^0	2	59	58
X^1	1	61	60
X^2	2	54	53
X^3	0	0	0
X^4	0	0	0
X^5	0	0	0
Diff.	1

X^0	3	10	8
X^1	1	6	4
X^2	3	6	5
X^3	1	4	3
X^4	1	4	2
X^5	1	1	1
Diff.	1

X^0	3	36	33
X^1	3	33	30
X^2	3	3	3
X^3	3	3	3
X^4	3	3	3
X^5	0	0	0
Diff.	9

X^0	3	24	21
X^1	1	21	20
X^2	1	1	1
X^3	1	1	1
X^4	1	1	1
X^5	0	0	0
Diff.	4

X^0	1	288	284
X^1	5	280	280
X^2	2	281	281
X^3	2	173	173
X^4	1	107	107
X^5	0	0	0
Diff.	0

X^0	2	99	97
X^1	2	70	68
X^2	4	46	45
X^3	1	48	47
X^4	1	15	13
X^5	1	1	1
Diff.	6

X^0	9	127	118
X^1	9	104	100
X^2	9	103	99
X^3	9	9	9
X^4	0	0	0
X^5	0	0	0
Diff.	27

X^0	2	24	21
X^1	2	15	11
X^2	2	8	6
X^3	2	2	2
X^4	2	2	2
X^5	2	2	2
Diff.	7

X^0	3	91	89
X^1	2	80	80
X^2	3	44	40
X^3	0	0	0
X^4	0	0	0
X^5	0	0	0
Diff.	0

X^0	2	9	6
X^1	2	5	3
X^2	2	5	3
X^3	2	2	2
X^4	2	2	2
X^5	2	2	2
Diff.	3

X^0	3	160	155
X^1	3	86	83
X^2	3	79	76
X^3	0	6	3
X^4	3	3	3
X^5	0	0	0
Diff.	5

X^0	2	35	32
X^1	4	27	26
X^2	2	23	22
X^3	2	25	24
X^4	1	12	12
X^5	0	0	0
Diff.	6

X^0	1	27	24
X^1	1	16	15
X^2	0	4	4
X^3	1	1	1
X^4	0	0	0
X^5	2	2	2
Diff.	1

X^0	3	59	56
X^1	4	56	52
X^2	3	49	45
X^3	3	3	3
X^4	3	3	3
X^5	2	2	2
Diff.	9

X^0	1	12	10
X^1	1	12	10
X^2	1	3	2
X^3	1	1	1
X^4	2	2	2
X^5	0	0	0
Diff.	3

X^0	2	20	17
X^1	2	12	9
X^2	2	5	3
X^3	3	3	3
X^4	1	1	1
X^5	1	1	1
Diff.	3

X^0	2	221	218
X^1	2	219	218
X^2	4	216	216
X^3	0	0	0
X^4	0	0	0
X^5	0	0	0
Diff.	0

X^0	5	8	7
X^1	1	3	2
X^2	1	2	1
X^3	0	0	0
X^4	0	0	0
X^5	0	0	0
Diff.	1

X^0	4	102	98
X^1	4	79	75
X^2	4	58	54
X^3	4	38	32
X^4	4	27	23
X^5	4	4	4
Diff.	15

X^0	1	7	4
X^1	2	6	2
X^2	7	7	7
X^3	3	3	3
X^4	1	1	1
X^5	0	0	0
Diff.	1

X^0	1	8	7
X^1	1	8	7
X^2	2	12	9
X^3	0	0	0
X^4	1	1	1
X^5	2	2	2
Diff.	1

X^0	3	36	31
X^1	6	37	31
X^2	3	23	18
X^3	3	18	11
X^4	4	13	5
X^5	3	3	3
Diff.	6

X^0	1	6	4
X^1	11	12	11
X^2	3	3	3
X^3	2	2	2
X^4	0	0	0
X^5	0	0	0
Diff.	2

X^0	2	35	33
X^1	2	30	28
X^2	2	22	19
X^3	2	2	2
X^4	2	2	2
X^5	1	1	1
Diff.	5

X^0	2	79	74
X^1	3	53	47
X^2	2	32	27
X^3	0	0	0
X^4	5	5	5
X^5	0	0	0
Diff.	4

X^0	3	12	10
X^1	3	7	5
X^2	3	7	4
X^3	1	1	1
X^4	1	1	1
X^5	0	0	0
Diff.	6

X^0	1	21	20
X^1	3	13	11
X^2	1	9	9
X^3	2	2	2
X^4	0	0	0
X^5	3	3	3
Diff.	0

X^0	2	11	8
X^1	4	5	4
X^2	4	5	4
X^3	1	1	1
X^4	1	1	1
X^5	1	1	1
Diff.	1

X^0	1	348	343
X^1	2	347	345
X^2	2	346	342
X^3	2	4	2
X^4	2	2	2
X^5	0	0	0
Diff.	1

X^0	4	338	335
X^1	4	331	328
X^2	3	334	331
X^3	4	221	221
X^4	0	113	112
X^5	0	0	0
Diff.	7

X^0	2	20	19
X^1	2	18	18
X^2	7	20	20
X^3	0	15	15
X^4	2	9	9
X^5	0	0	0
Diff.	3

X^0	4	22	16
X^1	4	21	16
X^2	5	25	19
X^3	4	4	4
X^4	4	4	4
X^5	1	1	1
Diff.	8

X^0	4	5	4
X^1	4	4	4
X^2	3	6	3
X^3	5	5	5
X^4	4	4	4
X^5	2	2	2
Diff.	13

X^0	4	8	5
X^1	1	3	1
X^2	0	1	0
X^3	4	4	4
X^4	3	3	3
X^5	0	0	0
Diff.	2

X^0	1	118	117
X^1	2	110	108
X^2	0	4	2
X^3	0	0	0
X^4	2	2	2
X^5	0	0	0
Diff.	0

X^0	2	5	2
X^1	2	2	2
X^2	2	2	2
X^3	2	2	2
X^4	2	2	2
X^5	18	18	18
Diff.	3

X^0	2	47	45
X^1	2	20	15
X^2	2	20	17
X^3	2	2	2
X^4	2	2	2
X^5	0	0	0
Diff.	9

X^0	2	66	64
X^1	2	63	58
X^2	2	47	42
X^3	2	2	2
X^4	5	5	5
X^5	0	0	0
Diff.	4

X^0	2	62	61
X^1	1	22	21
X^2	0	25	24
X^3	1	1	1
X^4	1	1	1
X^5	0	0	0
Diff.	2

X^0	1	26	24
X^1	1	17	14
X^2	1	17	14
X^3	1	1	1
X^4	1	1	1
X^5	1	1	1
Diff.	19

X^0	3	149	144
X^1	5	96	94
X^2	2	38	36
X^3	2	2	2
X^4	2	2	2
X^5	1	1	1
Diff.	3

X^0	4	9	4
X^1	4	6	4
X^2	4	4	4
X^3	3	6	3
X^4	4	6	4
X^5	4	4	4
Diff.	19

X^0	4	98	97
X^1	5	108	107
X^2	1	80	79
X^3	2	47	44
X^4	1	32	32
X^5	0	0	0
Diff.	0

X^0	3	6	3
X^1	5	7	5
X^2	5	5	5
X^3	2	2	2
X^4	3	3	3
X^5	1	1	1
Diff.	4

X^0	5	78	73
X^1	1	41	36
X^2	4	40	35
X^3	1	2	1
X^4	5	5	5
X^5	1	1	1
Diff.	4

X^0	3	29	24
X^1	3	29	24
X^2	3	20	16
X^3	0	0	0
X^4	3	3	3
X^5	1	1	1
Diff.	5

X^0	5	19	18
X^1	4	7	4
X^2	1	1	1
X^3	1	1	1
X^4	5	5	5
X^5	0	0	0
Diff.	2

X^0	3	16	11
X^1	1	14	10
X^2	1	14	10
X^3	1	3	2
X^4	1	1	1
X^5	0	0	0
Diff.	2

X^0	6	12	11
X^1	1	4	2
X^2	2	4	3
X^3	0	0	0
X^4	2	3	2
X^5	1	1	1
Diff.	0

X^0	4	32	27
X^1	4	13	13
X^2	5	8	8
X^3	0	2	2
X^4	0	2	2
X^5	0	0	0
Diff.	8

X^0	2	5	2
X^1	3	5	3
X^2	5	5	5
X^3	2	2	2
X^4	1	1	1
X^5	0	0	0
Diff.	2

X^0	0	6	4
X^1	0	4	3
X^2	2	4	4
X^3	0	2	0
X^4	0	0	0
X^5	1	1	1
Diff.	1

X^0	5	216	211
X^1	3	104	100
X^2	3	95	93
X^3	3	3	3
X^4	0	0	0
X^5	0	0	0
Diff.	3

X^0	4	91	91
X^1	4	22	19
X^2	4	22	22
X^3	1	1	1
X^4	0	0	0
X^5	1	1	1
Diff.	6

X^0	3	28	24
X^1	1	16	14
X^2	4	10	7
X^3	1	1	1
X^4	2	2	2
X^5	0	0	0
Diff.	0

X^0	1	19	16
X^1	1	14	14
X^2	1	11	11
X^3	1	12	12
X^4	4	10	8
X^5	0	0	0
Diff.	3

X^0	3	12	11
X^1	3	10	8
X^2	0	6	6
X^3	1	4	2
X^4	0	2	1
X^5	0	0	0
Diff.	5

X^0	1	31	28
X^1	5	35	30
X^2	1	15	14
X^3	1	15	14
X^4	1	15	14
X^5	1	1	1
Diff.	1

X^0	0	22	17
X^1	0	13	11
X^2	0	12	10
X^3	0	0	0
X^4	0	0	0
X^5	0	0	0
Diff.	5

X^0	6	114	112
X^1	3	99	96
X^2	2	97	95
X^3	2	2	2
X^4	1	1	1
X^5	1	1	1
Diff.	1

X^0	3	25	22
X^1	4	10	4
X^2	4	4	4
X^3	5	5	5
X^4	2	2	2
X^5	1	1	1
Diff.	4

X^0	2	44	43
X^1	0	25	21
X^2	0	20	11
X^3	0	18	14
X^4	0	13	9
X^5	0	0	0
Diff.	2

X^0	3	71	70
X^1	3	48	45
X^2	2	23	23
X^3	2	2	2
X^4	1	1	1
X^5	0	0	0
Diff.	2

X^0	2	13	12
X^1	2	4	2
X^2	2	4	2
X^3	1	1	1
X^4	1	1	1
X^5	0	0	0
Diff.	5

X^0	1	83	83
X^1	0	84	84
X^2	0	81	81
X^3	0	0	0
X^4	0	0	0
X^5	0	0	0
Diff.	2

X^0	3	24	24
X^1	1	12	12
X^2	5	16	16
X^3	6	6	6
X^4	0	0	0
X^5	0	0	0
Diff.	1

X^0	1	117	115
X^1	1	96	95
X^2	1	65	64
X^3	0	76	75
X^4	1	42	42
X^5	0	0	0
Diff.	13

X^0	4	61	61
X^1	1	31	31
X^2	3	28	26
X^3	0	0	0
X^4	0	0	0
X^5	0	0	0
Diff.	2

X^0	4	8	6
X^1	3	5	3
X^2	1	1	1
X^3	3	3	3
X^4	2	3	2
X^5	0	0	0
Diff.	1

X^0	3	217	214
X^1	3	102	98
X^2	2	107	101
X^3	3	5	3
X^4	3	3	3
X^5	0	0	0
Diff.	5

X^0	2	15	10
X^1	2	8	6
X^2	2	2	2
X^3	2	2	2
X^4	2	2	2
X^5	4	4	4
Diff.	5

X^0	0	4	1
X^1	1	3	1
X^2	1	4	1
X^3	2	2	2
X^4	3	3	3
X^5	0	0	0
Diff.	0

X^0	2	17	15
X^1	5	8	6
X^2	2	2	2
X^3	2	2	2
X^4	2	2	2
X^5	0	0	0
Diff.	1

X^0	7	77	70
X^1	7	52	41
X^2	7	56	46
X^3	7	7	7
X^4	7	7	7
X^5	2	2	2
Diff.	21

X^0	2	43	41
X^1	2	28	21
X^2	2	14	10
X^3	0	2	0
X^4	3	3	3
X^5	0	0	0
Diff.	2

X^0	1	5	4
X^1	2	5	4
X^2	1	1	1
X^3	1	1	1
X^4	0	0	0
X^5	0	0	0
Diff.	3

X^0	4	75	74
X^1	1	31	28
X^2	1	32	31
X^3	5	5	5
X^4	1	1	1
X^5	0	0	0
Diff.	1

X^0	8	14	12
X^1	2	9	6
X^2	0	7	7
X^3	2	2	2
X^4	0	0	0
X^5	0	0	0
Diff.	2

X^0	2	118	117
X^1	1	58	57
X^2	1	1	1
X^3	1	1	1
X^4	1	1	1
X^5	0	0	0
Diff.	1

X^0	2	11	9
X^1	1	5	3
X^2	1	1	1
X^3	2	2	2
X^4	2	2	2
X^5	0	0	0
Diff.	4

X^0	2	6	6
X^1	2	2	2
X^2	0	0	0
X^3	3	3	3
X^4	0	0	0
X^5	3	3	3
Diff.	7

X^0	3	32	27
X^1	3	14	11
X^2	3	14	13
X^3	3	3	3
X^4	1	1	1
X^5	3	3	3
Diff.	9

X^0	0	31	27
X^1	0	29	28
X^2	0	11	10
X^3	0	0	0
X^4	1	1	1
X^5	1	1	1
Diff.	0

X^0	3	32	29
X^1	4	33	29
X^2	3	28	25
X^3	3	3	3
X^4	3	3	3
X^5	5	5	5
Diff.	7

X^0	2	17	15
X^1	2	16	12
X^2	2	2	2
X^3	2	2	2
X^4	2	2	2
X^5	2	2	2
Diff.	4

X^0	2	43	37
X^1	2	19	17
X^2	2	23	21
X^3	5	7	5
X^4	2	2	2
X^5	0	0	0
Diff.	1

X^0	2	17	12
X^1	2	15	15
X^2	1	1	1
X^3	1	1	1
X^4	0	0	0
X^5	1	1	1
Diff.	5

X^0	1	8	7
X^1	2	10	9
X^2	1	1	1
X^3	3	3	3
X^4	3	3	3
X^5	0	0	0
Diff.	7

X^0	1	35	30
X^1	1	24	23
X^2	1	8	7
X^3	1	1	1
X^4	1	1	1
X^5	1	1	1
Diff.	11

X^0	2	309	306
X^1	2	310	307
X^2	2	228	226
X^3	2	147	145
X^4	2	84	82
X^5	2	2	2
Diff.	5

X^0	3	65	60
X^1	3	32	29
X^2	7	22	19
X^3	3	3	3
X^4	3	3	3
X^5	0	0	0
Diff.	24

X^0	4	58	53
X^1	4	25	21
X^2	4	11	7
X^3	4	4	4
X^4	4	4	4
X^5	1	1	1
Diff.	13

X^0	1	9	6
X^1	1	5	3
X^2	1	2	1
X^3	3	3	3
X^4	2	2	2
X^5	2	2	2
Diff.	2

X^0	1	17	16
X^1	1	10	9
X^2	1	1	1
X^3	0	0	0
X^4	2	7	6
X^5	1	1	1
Diff.	4

X^0	1	7	4
X^1	1	5	2
X^2	1	3	1
X^3	3	3	3
X^4	1	1	1
X^5	2	2	2
Diff.	1

X^0	2	68	66
X^1	3	37	35
X^2	2	33	33
X^3	1	1	1
X^4	0	0	0
X^5	2	2	2
Diff.	4

X^0	2	66	64
X^1	5	41	39
X^2	2	32	30
X^3	2	2	2
X^4	2	2	2
X^5	2	2	2
Diff.	8

X^0	3	13	11
X^1	4	9	6
X^2	3	7	5
X^3	1	1	1
X^4	1	1	1
X^5	2	2	2
Diff.	3

X^0	1	130	130
X^1	1	128	125
X^2	1	127	127
X^3	2	3	2
X^4	0	0	0
X^5	0	0	0
Diff.	0

X^0	2	7	5
X^1	2	2	2
X^2	4	4	4
X^3	3	3	3
X^4	2	2	2
X^5	1	1	1
Diff.	2

X^0	1	21	13
X^1	1	21	17
X^2	1	15	13
X^3	1	1	1
X^4	2	2	2
X^5	1	1	1
Diff.	2

X^0	1	46	42
X^1	1	36	34
X^2	1	1	1
X^3	1	1	1
X^4	0	0	0
X^5	0	0	0
Diff.	1

X^0	1	21	16
X^1	1	21	19
X^2	1	22	20
X^3	1	1	1
X^4	1	1	1
X^5	1	1	1
Diff.	3

X^0	8	53	52
X^1	2	38	33
X^2	2	12	10
X^3	1	2	1
X^4	1	1	1
X^5	0	0	0
Diff.	3

X^0	3	12	11
X^1	1	1	1
X^2	1	1	1
X^3	4	4	4
X^4	1	1	1
X^5	0	0	0
Diff.	0

X^0	2	211	208
X^1	2	176	174
X^2	2	166	165
X^3	2	2	2
X^4	0	0	0
X^5	2	2	2
Diff.	6

X^0	1	403	401
X^1	1	191	189
X^2	0	188	188
X^3	2	2	2
X^4	0	0	0
X^5	0	0	0
Diff.	1

X^0	3	13	12
X^1	4	5	4
X^2	1	3	2
X^3	1	2	2
X^4	0	0	0
X^5	0	0	0
Diff.	0

X^0	1	4	1
X^1	2	4	3
X^2	1	2	1
X^3	2	2	2
X^4	2	2	2
X^5	0	0	0
Diff.	1

X^0	1	26	25
X^1	1	12	10
X^2	1	1	1
X^3	1	1	1
X^4	1	1	1
X^5	0	0	0
Diff.	4

X^0	2	139	136
X^1	2	93	89
X^2	3	49	47
X^3	2	2	2
X^4	1	1	1
X^5	2	2	2
Diff.	3

X^0	3	61	59
X^1	2	22	20
X^2	2	15	13
X^3	2	2	2
X^4	2	2	2
X^5	0	0	0
Diff.	2

X^0	2	229	225
X^1	1	115	111
X^2	1	112	108
X^3	1	1	1
X^4	4	4	4
X^5	0	0	0
Diff.	1

X^0	1	52	51
X^1	3	37	36
X^2	1	22	14
X^3	1	19	14
X^4	1	17	12
X^5	1	1	1
Diff.	3

X^0	8	29	27
X^1	4	17	10
X^2	2	13	11
X^3	2	2	2
X^4	2	2	2
X^5	0	0	0
Diff.	4

X^0	4	95	94
X^1	4	43	37
X^2	4	28	26
X^3	5	5	5
X^4	1	1	1
X^5	0	0	0
Diff.	1

X^0	3	18	18
X^1	3	13	13
X^2	0	9	8
X^3	1	4	4
X^4	4	8	8
X^5	0	0	0
Diff.	0

X^0	1	35	28
X^1	1	38	31
X^2	2	26	18
X^3	1	1	1
X^4	7	7	7
X^5	2	2	2
Diff.	5

X^0	1	7	6
X^1	2	2	2
X^2	1	1	1
X^3	5	5	5
X^4	2	2	2
X^5	0	0	0
Diff.	3

X^0	4	30	23
X^1	4	6	4
X^2	4	4	4
X^3	4	4	4
X^4	2	2	2
X^5	0	0	0
Diff.	13

X^0	0	18	16
X^1	0	14	13
X^2	0	12	11
X^3	0	14	13
X^4	0	8	8
X^5	0	0	0
Diff.	1

X^0	1	329	327
X^1	2	223	214
X^2	2	221	213
X^3	2	218	211
X^4	2	111	108
X^5	2	2	2
Diff.	3

X^0	2	65	65
X^1	1	35	35
X^2	2	23	23
X^3	0	0	0
X^4	0	0	0
X^5	0	0	0
Diff.	9

X^0	1	4	3
X^1	1	4	3
X^2	1	4	1
X^3	1	4	3
X^4	1	1	1
X^5	0	0	0
Diff.	2

X^0	1	43	40
X^1	1	33	33
X^2	1	1	1
X^3	0	0	0
X^4	0	0	0
X^5	1	1	1
Diff.	1

X^0	1	128	127
X^1	1	64	62
X^2	1	65	63
X^3	1	1	1
X^4	1	1	1
X^5	0	0	0
Diff.	3

X^0	1	35	29
X^1	2	28	25
X^2	1	1	1
X^3	2	2	2
X^4	2	2	2
X^5	0	0	0
Diff.	5

X^0	3	4	3
X^1	3	5	3
X^2	6	7	6
X^3	3	3	3
X^4	0	0	0
X^5	2	2	2
Diff.	5

X^0	2	2	2
X^1	1	1	1
X^2	1	1	1
X^3	0	0	0
X^4	2	2	2
X^5	1	1	1
Diff.	0

X^0	2	36	36
X^1	5	43	43
X^2	2	28	27
X^3	2	19	19
X^4	2	8	7
X^5	0	0	0
Diff.	3

X^0	2	172	172
X^1	4	176	176
X^2	2	127	127
X^3	2	86	86
X^4	0	39	37
X^5	0	0	0
Diff.	3

X^0	2	28	28
X^1	4	31	31
X^2	4	23	22
X^3	1	14	12
X^4	0	7	5
X^5	0	0	0
Diff.	1

X^0	3	9	5
X^1	3	5	3
X^2	2	3	2
X^3	4	6	4
X^4	2	2	2
X^5	3	3	3
Diff.	6

X^0	2	162	160
X^1	2	77	76
X^2	2	81	80
X^3	1	1	1
X^4	1	1	1
X^5	1	1	1
Diff.	0

X^0	1	24	21
X^1	1	13	12
X^2	6	17	12
X^3	1	1	1
X^4	0	0	0
X^5	1	1	1
Diff.	1

X^0	2	192	164
X^1	2	163	163
X^2	2	136	136
X^3	2	84	84
X^4	1	28	28
X^5	0	0	0
Diff.	4

X^0	3	29	25
X^1	5	29	26
X^2	3	18	17
X^3	1	1	1
X^4	1	1	1
X^5	5	5	5
Diff.	4

X^0	7	19	17
X^1	2	13	11
X^2	1	12	10
X^3	2	2	2
X^4	1	1	1
X^5	1	1	1
Diff.	4

X^0	3	14	12
X^1	1	7	3
X^2	4	9	8
X^3	1	1	1
X^4	1	1	1
X^5	0	0	0
Diff.	4

X^0	1	27	20
X^1	1	16	15
X^2	0	0	0
X^3	1	1	1
X^4	0	0	0
X^5	0	0	0
Diff.	2

X^0	1	28	25
X^1	1	16	10
X^2	3	4	3
X^3	1	1	1
X^4	4	4	4
X^5	0	0	0
Diff.	0

X^0	0	20	20
X^1	0	13	13
X^2	0	13	10
X^3	0	0	0
X^4	0	0	0
X^5	0	0	0
Diff.	3

X^0	2	4	2
X^1	2	3	2
X^2	3	4	3
X^3	2	2	2
X^4	2	2	2
X^5	0	0	0
Diff.	3

X^0	5	11	7
X^1	3	6	6
X^2	1	4	4
X^3	1	1	1
X^4	0	0	0
X^5	1	1	1
Diff.	3

X^0	3	8	8
X^1	2	3	3
X^2	2	2	2
X^3	2	3	3
X^4	1	2	2
X^5	0	0	0
Diff.	3

X^0	3	14	9
X^1	3	4	3
X^2	3	3	3
X^3	3	3	3
X^4	3	3	3
X^5	0	0	0
Diff.	11

X^0	1	65	65
X^1	0	32	31
X^2	0	3	3
X^3	0	0	0
X^4	0	0	0
X^5	1	1	1
Diff.	0

X^0	0	23	22
X^1	2	27	27
X^2	0	4	2
X^3	0	0	0
X^4	0	0	0
X^5	2	2	2
Diff.	0

X^0	2	594	500
X^1	2	3	2
X^2	2	2	2
X^3	0	0	0
X^4	2	2	2
X^5	2	2	2
Diff.	95

X^0	3	102	97
X^1	3	102	97
X^2	2	60	57
X^3	2	2	2
X^4	1	1	1
X^5	2	2	2
Diff.	58

X^0	3	13	11
X^1	7	7	7
X^2	6	8	7
X^3	2	2	2
X^4	1	1	1
X^5	2	2	2
Diff.	6

X^0	5	22	17
X^1	3	16	13
X^2	3	9	6
X^3	3	3	3
X^4	3	3	3
X^5	0	0	0
Diff.	6

X^0	4	13	9
X^1	3	4	3
X^2	2	3	2
X^3	3	3	3
X^4	2	2	2
X^5	1	1	1
Diff.	8

X^0	5	87	82
X^1	6	91	86
X^2	6	91	86
X^3	5	59	54
X^4	5	35	30
X^5	5	5	5
Diff.	11

X^0	2	2	2
X^1	1	1	1
X^2	1	1	1
X^3	1	1	1
X^4	1	1	1
X^5	1	1	1
Diff.	3

X^0	4	87	85
X^1	4	86	82
X^2	2	83	81
X^3	4	4	4
X^4	1	1	1
X^5	1	1	1
Diff.	9

X^0	1	8	4
X^1	3	7	3
X^2	2	4	2
X^3	3	3	3
X^4	2	2	2
X^5	0	0	0
Diff.	5

X^0	2	15	13
X^1	2	13	11
X^2	1	1	1
X^3	1	1	1
X^4	1	1	1
X^5	1	1	1
Diff.	0

X^0	4	361	361
X^1	4	179	175
X^2	0	168	167
X^3	4	14	12
X^4	0	0	0
X^5	1	1	1
Diff.	6

X^0	4	52	47
X^1	4	46	38
X^2	4	4	4
X^3	4	4	4
X^4	4	4	4
X^5	0	0	0
Diff.	15

X^0	1	6	3
X^1	1	2	1
X^2	2	2	2
X^3	2	2	2
X^4	1	1	1
X^5	0	0	0
Diff.	0

X^0	1	4	2
X^1	1	1	1
X^2	2	2	2
X^3	0	0	0
X^4	3	3	3
X^5	0	0	0
Diff.	3

X^0	5	16	12
X^1	0	5	3
X^2	2	2	2
X^3	2	2	2
X^4	4	11	9
X^5	0	0	0
Diff.	7

X^0	2	11	10
X^1	1	6	2
X^2	1	5	4
X^3	1	9	8
X^4	1	6	5
X^5	1	1	1
Diff.	2

X^0	6	148	143
X^1	4	72	67
X^2	4	72	67
X^3	4	4	4
X^4	4	4	4
X^5	3	3	3
Diff.	7

X^0	1	97	97
X^1	2	62	61
X^2	1	33	33
X^3	0	0	0
X^4	0	0	0
X^5	0	0	0
Diff.	0

X^0	2	238	235
X^1	2	228	225
X^2	1	221	219
X^3	3	10	8
X^4	1	1	1
X^5	1	1	1
Diff.	0

X^0	4	20	18
X^1	4	15	11
X^2	4	9	7
X^3	4	4	4
X^4	2	2	2
X^5	4	4	4
Diff.	16

X^0	4	73	69
X^1	4	50	45
X^2	5	14	9
X^3	4	4	4
X^4	1	1	1
X^5	0	0	0
Diff.	9

X^0	1	8	6
X^1	4	8	5
X^2	1	3	2
X^3	1	3	2
X^4	0	2	0
X^5	0	0	0
Diff.	1

X^0	1	105	103
X^1	1	83	80
X^2	1	1	1
X^3	1	1	1
X^4	1	1	1
X^5	1	1	1
Diff.	1

X^0	6	6	6
X^1	6	6	6
X^2	4	4	4
X^3	1	1	1
X^4	1	1	1
X^5	0	0	0
Diff.	8

X^0	2	4	2
X^1	3	5	3
X^2	2	2	2
X^3	4	4	4
X^4	0	0	0
X^5	0	0	0
Diff.	0

X^0	4	39	39
X^1	4	19	14
X^2	0	1	0
X^3	0	0	0
X^4	4	4	4
X^5	1	1	1
Diff.	6

X^0	4	23	22
X^1	1	10	9
X^2	1	2	1
X^3	1	1	1
X^4	1	1	1
X^5	0	0	0
Diff.	7

X^0	5	22	15
X^1	5	16	11
X^2	5	10	5
X^3	5	5	5
X^4	5	5	5
X^5	2	2	2
Diff.	10

X^0	3	29	27
X^1	2	25	25
X^2	2	19	17
X^3	0	0	0
X^4	0	0	0
X^5	1	1	1
Diff.	0

X^0	5	11	10
X^1	1	1	1
X^2	3	3	3
X^3	1	1	1
X^4	1	1	1
X^5	3	3	3
Diff.	6

X^0	6	71	65
X^1	6	51	45
X^2	6	27	21
X^3	6	27	17
X^4	6	29	19
X^5	6	6	6
Diff.	23

X^0	5	32	32
X^1	5	27	26
X^2	3	19	19
X^3	1	11	11
X^4	2	7	7
X^5	0	0	0
Diff.	1

X^0	4	189	185
X^1	2	185	183
X^2	2	181	178
X^3	3	7	5
X^4	2	2	2
X^5	0	0	0
Diff.	5

X^0	2	6	4
X^1	1	4	1
X^2	2	2	2
X^3	2	3	2
X^4	0	0	0
X^5	1	1	1
Diff.	1

X^0	1	16	12
X^1	2	17	13
X^2	2	17	13
X^3	7	15	10
X^4	0	8	4
X^5	4	4	4
Diff.	6

X^0	2	228	226
X^1	2	179	175
X^2	2	131	129
X^3	2	98	96
X^4	2	50	47
X^5	2	2	2
Diff.	8

X^0	1	112	108
X^1	1	68	67
X^2	1	43	42
X^3	1	29	27
X^4	2	44	43
X^5	1	1	1
Diff.	2

X^0	3	219	219
X^1	3	220	220
X^2	3	164	163
X^3	3	108	108
X^4	0	56	54
X^5	0	0	0
Diff.	9

X^0	5	18	17
X^1	1	8	5
X^2	0	4	3
X^3	1	4	3
X^4	1	1	1
X^5	0	0	0
Diff.	1

X^0	3	50	48
X^1	2	2	2
X^2	2	2	2
X^3	1	1	1
X^4	2	2	2
X^5	2	2	2
Diff.	3

X^0	8	109	107
X^1	2	82	76
X^2	1	61	54
X^3	4	44	41
X^4	3	25	23
X^5	1	1	1
Diff.	3

X^0	1	28	25
X^1	1	25	25
X^2	1	24	24
X^3	1	13	13
X^4	0	11	11
X^5	0	0	0
Diff.	2

X^0	4	305	303
X^1	4	295	293
X^2	1	216	215
X^3	5	141	140
X^4	1	68	67
X^5	1	1	1
Diff.	1

X^0	2	14	10
X^1	1	7	5
X^2	1	5	3
X^3	2	6	6
X^4	1	3	3
X^5	0	0	0
Diff.	3

X^0	3	19	8
X^1	4	12	4
X^2	5	7	5
X^3	10	10	10
X^4	4	4	4
X^5	1	1	1
Diff.	5

X^0	2	10	7
X^1	2	8	3
X^2	2	2	2
X^3	2	2	2
X^4	2	2	2
X^5	2	2	2
Diff.	4

X^0	4	28	24
X^1	1	24	18
X^2	1	23	16
X^3	1	23	17
X^4	3	16	14
X^5	1	1	1
Diff.	1

X^0	5	27	24
X^1	1	11	9
X^2	1	5	2
X^3	1	1	1
X^4	1	1	1
X^5	1	1	1
Diff.	3

X^0	2	33	30
X^1	2	20	19
X^2	3	10	9
X^3	2	2	2
X^4	2	2	2
X^5	0	0	0
Diff.	4

X^0	5	72	69
X^1	1	60	57
X^2	1	67	64
X^3	3	3	3
X^4	3	3	3
X^5	0	0	0
Diff.	0

X^0	6	22	21
X^1	6	12	6
X^2	6	6	6
X^3	1	1	1
X^4	9	9	9
X^5	1	1	1
Diff.	8

X^0	5	550	500
X^1	4	266	258
X^2	4	268	257
X^3	4	4	4
X^4	4	4	4
X^5	2	2	2
Diff.	51

X^0	2	89	83
X^1	1	81	75
X^2	1	72	68
X^3	5	5	5
X^4	1	1	1
X^5	1	1	1
Diff.	0

X^0	2	24	22
X^1	2	22	20
X^2	1	1	1
X^3	0	0	0
X^4	1	1	1
X^5	3	3	3
Diff.	1

X^0	1	37	33
X^1	3	20	16
X^2	4	4	4
X^3	1	1	1
X^4	1	1	1
X^5	0	0	0
Diff.	4

X^0	3	20	17
X^1	1	14	12
X^2	1	9	6
X^3	2	2	2
X^4	2	2	2
X^5	0	0	0
Diff.	7

X^0	2	28	24
X^1	2	27	23
X^2	2	26	24
X^3	2	3	2
X^4	2	2	2
X^5	1	1	1
Diff.	6

X^0	8	28	25
X^1	1	16	13
X^2	2	2	2
X^3	2	2	2
X^4	2	2	2
X^5	2	2	2
Diff.	3

X^0	8	53	47
X^1	5	36	31
X^2	5	45	39
X^3	4	20	15
X^4	5	5	5
X^5	3	3	3
Diff.	10

X^0	2	4	2
X^1	1	2	1
X^2	2	2	2
X^3	2	2	2
X^4	2	2	2
X^5	0	0	0
Diff.	1

X^0	2	19	17
X^1	2	11	7
X^2	2	10	7
X^3	2	4	2
X^4	2	2	2
X^5	0	0	0
Diff.	2

X^0	3	148	144
X^1	3	158	154
X^2	3	110	104
X^3	6	80	77
X^4	3	51	48
X^5	3	3	3
Diff.	6

X^0	4	4	4
X^1	1	2	1
X^2	2	2	2
X^3	4	4	4
X^4	1	1	1
X^5	3	3	3
Diff.	2

X^0	1	15	14
X^1	1	14	13
X^2	1	8	6
X^3	1	1	1
X^4	1	1	1
X^5	0	0	0
Diff.	2

X^0	2	15	7
X^1	2	13	9
X^2	3	9	5
X^3	1	4	1
X^4	4	4	4
X^5	4	4	4
Diff.	2

X^0	4	129	124
X^1	3	67	62
X^2	5	67	61
X^3	3	3	3
X^4	5	5	5
X^5	3	3	3
Diff.	8

X^0	2	12	9
X^1	2	7	5
X^2	2	2	2
X^3	2	2	2
X^4	2	2	2
X^5	0	0	0
Diff.	4

X^0	4	9	5
X^1	4	11	7
X^2	4	4	4
X^3	4	4	4
X^4	0	0	0
X^5	1	1	1
Diff.	11

X^0	1	479	478
X^1	4	240	239
X^2	4	239	239
X^3	1	1	1
X^4	0	0	0
X^5	1	1	1
Diff.	9

X^0	3	31	29
X^1	5	19	12
X^2	1	14	12
X^3	4	4	4
X^4	0	0	0
X^5	4	4	4
Diff.	7

Average
X^0	2.59979423868313	65.2119341563786	60.5401234567901
X^1	2.47325102880658	45.4187242798354	42.9917695473251
X^2	2.20884773662551	35.3436213991770	33.5545267489712
X^3	2.04629629629630	8.71604938271605	8.16049382716049
X^4	1.63991769547325	5.38065843621399	5.00925925925926
X^5	0.978395061728395	0.978395061728395	0.978395061728395
Diff:	8.04012345679012

Deviation
X^0	1.76071673316647	105.431010059978	94.3513344687511
X^1	1.76858285516550	72.4678201551787	72.2269082109168
X^2	1.79178621750583	65.5192086185157	65.1197228384290
X^3	1.80560303831202	23.0080418404282	22.5740428469453
X^4	1.62096958023809	13.1037784100602	12.6004162787507
X^5	1.44178754802438	1.44178754802438	1.44178754802438
Diff:	28.7418880161643

Ratio of success: 0.972000000000000

----

