	Opt.	CR	FP
X^0	1	349	176
X^1	1	350	173
X^2	1	181	179
X^3	1	176	173

X^0	8	11	8
X^1	3	4	3
X^2	1	2	1
X^3	1	1	1

X^0	1	1	1
X^1	0	1	0
X^2	0	0	0
X^3	0	0	0

X^0	3	3	3
X^1	3	3	3
X^2	3	3	3
X^3	0	0	0

X^0	3	13	6
X^1	2	13	6
X^2	3	10	4
X^3	1	6	1

X^0	1	7	1
X^1	1	9	5
X^2	1	1	1
X^3	0	6	1

X^0	0	1	0
X^1	0	1	0
X^2	0	1	0
X^3	0	3	2

X^0	2	3	2
X^1	0	0	0
X^2	2	3	2
X^3	0	0	0

X^0	6	12	7
X^1	3	9	7
X^2	1	6	5
X^3	1	8	6

X^0	2	8	4
X^1	1	9	4
X^2	1	8	5
X^3	3	10	7

X^0	3	9	5
X^1	1	1	1
X^2	1	1	1
X^3	0	0	0

X^0	7	11	8
X^1	0	4	0
X^2	0	3	0
X^3	0	2	0

X^0	2	18	7
X^1	4	18	10
X^2	5	15	9
X^3	1	9	2

X^0	2	5	2
X^1	2	5	2
X^2	2	3	2
X^3	2	2	2

X^0	2	8	5
X^1	2	8	2
X^2	2	8	6
X^3	1	3	1

X^0	2	6	3
X^1	1	6	3
X^2	1	3	1
X^3	2	7	4

X^0	1	12	1
X^1	2	11	2
X^2	1	1	1
X^3	1	1	1

X^0	1	733	727
X^1	3	744	500
X^2	3	722	500
X^3	1	744	500

X^0	4	12	9
X^1	4	11	6
X^2	1	10	7
X^3	1	5	1

X^0	2	13	8
X^1	2	9	4
X^2	2	2	2
X^3	1	9	1

X^0	1	22	12
X^1	1	17	9
X^2	0	11	2
X^3	0	8	0

X^0	1	10	6
X^1	1	8	6
X^2	1	2	1
X^3	4	12	8

X^0	3	18	16
X^1	2	18	16
X^2	2	14	12
X^3	8	13	8

X^0	1	1	1
X^1	1	1	1
X^2	10	10	10
X^3	2	2	2

X^0	3	13	10
X^1	2	11	9
X^2	2	9	6
X^3	2	10	8

X^0	4	8	4
X^1	2	9	2
X^2	1	6	1
X^3	1	9	3

X^0	6	26	16
X^1	1	22	12
X^2	1	18	11
X^3	1	11	6

X^0	1	1	1
X^1	1	1	1
X^2	1	1	1
X^3	0	0	0

X^0	1	11	6
X^1	1	12	8
X^2	1	11	7
X^3	0	7	3

X^0	2	26	24
X^1	2	33	29
X^2	0	41	37
X^3	0	18	15

X^0	1	13	7
X^1	1	8	2
X^2	0	0	0
X^3	4	11	4

X^0	2	20	8
X^1	9	30	18
X^2	2	17	9
X^3	0	11	9

X^0	0	9	5
X^1	1	9	4
X^2	0	6	1
X^3	0	4	0

X^0	1	1	1
X^1	1	1	1
X^2	4	4	4
X^3	1	1	1

X^0	4	14	10
X^1	3	10	6
X^2	3	3	3
X^3	0	9	4

X^0	0	0	0
X^1	0	1	0
X^2	1	1	1
X^3	0	0	0

X^0	3	5	3
X^1	4	6	4
X^2	4	4	4
X^3	2	5	2

X^0	2	2	2
X^1	1	1	1
X^2	0	0	0
X^3	1	1	1

X^0	2	2	2
X^1	2	2	2
X^2	8	8	8
X^3	2	2	2

X^0	2	15	9
X^1	2	15	10
X^2	1	11	8
X^3	0	7	6

X^0	4	13	7
X^1	4	13	7
X^2	4	13	7
X^3	1	11	6

X^0	3	9	3
X^1	2	7	4
X^2	2	7	4
X^3	1	8	5

X^0	3	20	15
X^1	5	10	8
X^2	1	15	14
X^3	1	1	1

X^0	2	2	2
X^1	2	3	2
X^2	2	2	2
X^3	1	3	1

X^0	2	16	10
X^1	0	15	10
X^2	0	18	7
X^3	0	10	6

X^0	2	5	2
X^1	1	2	1
X^2	1	1	1
X^3	4	9	5

X^0	2	129	109
X^1	2	130	105
X^2	2	100	99
X^3	0	83	81

X^0	2	14	7
X^1	1	10	4
X^2	1	6	4
X^3	0	5	4

X^0	3	20	14
X^1	4	18	14
X^2	2	17	13
X^3	5	24	19

X^0	3	3	3
X^1	3	4	3
X^2	1	3	1
X^3	0	2	1

X^0	2	23	19
X^1	2	19	13
X^2	1	9	5
X^3	0	0	0

X^0	2	5	2
X^1	3	4	3
X^2	2	3	2
X^3	0	1	0

X^0	2	9	2
X^1	1	1	1
X^2	1	1	1
X^3	1	1	1

X^0	5	5	5
X^1	2	2	2
X^2	2	2	2
X^3	2	2	2

X^0	1	14	4
X^1	0	14	6
X^2	0	10	7
X^3	0	8	4

X^0	2	2	2
X^1	0	0	0
X^2	3	3	3
X^3	0	0	0

X^0	3	5	3
X^1	2	2	2
X^2	0	0	0
X^3	3	3	3

X^0	5	9	5
X^1	5	7	5
X^2	8	8	8
X^3	4	4	4

X^0	2	6	3
X^1	2	6	4
X^2	2	5	2
X^3	2	2	2

X^0	2	4	2
X^1	1	4	2
X^2	3	6	4
X^3	0	3	1

X^0	3	4	3
X^1	2	2	2
X^2	2	2	2
X^3	2	2	2

X^0	1	1	1
X^1	1	1	1
X^2	1	1	1
X^3	3	3	3

X^0	0	3	0
X^1	3	5	3
X^2	0	0	0
X^3	0	0	0

X^0	7	9	7
X^1	9	11	9
X^2	6	6	6
X^3	6	8	6

X^0	2	19	9
X^1	2	16	3
X^2	2	10	4
X^3	0	9	4

X^0	1	1	1
X^1	1	3	1
X^2	1	3	2
X^3	1	1	1

X^0	3	3	3
X^1	3	4	3
X^2	3	3	3
X^3	1	2	1

X^0	3	60	36
X^1	3	38	34
X^2	1	25	21
X^3	1	1	1

X^0	6	6	6
X^1	2	2	2
X^2	1	1	1
X^3	2	2	2

X^0	4	10	4
X^1	2	13	9
X^2	1	9	5
X^3	2	8	6

X^0	2	2	2
X^1	2	2	2
X^2	0	0	0
X^3	0	1	0

X^0	3	106	58
X^1	3	120	73
X^2	6	71	66
X^3	1	59	50

X^0	2	8	6
X^1	3	11	9
X^2	1	7	6
X^3	5	13	12

X^0	2	77	34
X^1	2	78	36
X^2	2	43	41
X^3	1	43	41

X^0	1	5	2
X^1	1	4	1
X^2	1	2	1
X^3	0	1	0

X^0	1	16	12
X^1	2	19	15
X^2	2	15	10
X^3	1	1	1

X^0	1	32	30
X^1	0	31	30
X^2	0	25	24
X^3	0	17	17

X^0	5	291	204
X^1	3	287	187
X^2	1	189	185
X^3	1	103	99

X^0	1	1	1
X^1	1	1	1
X^2	1	1	1
X^3	0	0	0

X^0	0	1	0
X^1	5	10	8
X^2	2	5	3
X^3	1	7	6

X^0	2	2	2
X^1	4	4	4
X^2	0	0	0
X^3	0	0	0

X^0	5	13	8
X^1	2	6	2
X^2	2	5	2
X^3	1	6	1

X^0	1	2	1
X^1	1	2	1
X^2	2	4	3
X^3	1	1	1

X^0	2	2	2
X^1	3	10	5
X^2	1	4	1
X^3	0	3	2

X^0	0	3	0
X^1	0	2	0
X^2	0	1	0
X^3	0	0	0

X^0	3	4	3
X^1	4	5	4
X^2	1	1	1
X^3	2	2	2

X^0	1	23	18
X^1	0	23	21
X^2	0	26	25
X^3	0	0	0

X^0	2	3	2
X^1	2	2	2
X^2	2	2	2
X^3	0	0	0

X^0	3	7	5
X^1	1	7	1
X^2	0	2	0
X^3	0	6	5

X^0	6	6	6
X^1	1	1	1
X^2	1	1	1
X^3	2	2	2

X^0	4	4	4
X^1	4	4	4
X^2	2	2	2
X^3	0	0	0

X^0	4	5	4
X^1	4	4	4
X^2	4	4	4
X^3	4	4	4

X^0	0	4	0
X^1	0	2	0
X^2	2	2	2
X^3	1	3	1

X^0	2	9	2
X^1	2	4	2
X^2	1	6	1
X^3	2	2	2

X^0	0	9	0
X^1	0	10	4
X^2	0	8	0
X^3	0	0	0

X^0	3	16	13
X^1	4	17	11
X^2	2	8	4
X^3	2	11	7

X^0	0	38	17
X^1	1	42	21
X^2	0	25	24
X^3	0	21	19

X^0	2	25	19
X^1	1	25	23
X^2	1	25	23
X^3	0	31	29

X^0	0	0	0
X^1	0	0	0
X^2	0	1	1
X^3	0	1	0

X^0	1	1	1
X^1	1	1	1
X^2	2	25	23
X^3	1	27	25

X^0	3	13	9
X^1	1	17	11
X^2	5	17	13
X^3	0	9	4

X^0	4	7	4
X^1	1	11	5
X^2	0	11	6
X^3	1	8	3

X^0	3	7	3
X^1	1	1	1
X^2	1	1	1
X^3	1	1	1

X^0	2	6	4
X^1	2	2	2
X^2	2	2	2
X^3	2	11	5

X^0	1	15	11
X^1	3	20	16
X^2	0	19	12
X^3	0	9	5

X^0	1	10	4
X^1	1	10	2
X^2	1	7	4
X^3	0	6	3

X^0	1	10	8
X^1	1	16	14
X^2	1	10	6
X^3	1	3	1

X^0	1	9	6
X^1	1	11	10
X^2	2	12	11
X^3	0	5	1

X^0	2	15	10
X^1	2	9	5
X^2	2	2	2
X^3	2	10	5

X^0	2	3	2
X^1	2	2	2
X^2	0	1	0
X^3	2	2	2

X^0	2	154	101
X^1	2	152	90
X^2	2	92	89
X^3	2	61	60

X^0	0	3	0
X^1	0	0	0
X^2	1	2	1
X^3	1	1	1

X^0	2	21	15
X^1	2	15	10
X^2	5	26	19
X^3	3	17	12

X^0	1	9	8
X^1	1	7	5
X^2	3	6	5
X^3	0	0	0

X^0	2	2	2
X^1	0	2	0
X^2	2	2	2
X^3	0	0	0

X^0	4	4	4
X^1	1	2	1
X^2	0	0	0
X^3	3	5	4

X^0	0	23	22
X^1	0	23	20
X^2	0	24	21
X^3	1	14	13

X^0	3	53	40
X^1	2	51	31
X^2	2	33	30
X^3	0	20	18

X^0	2	274	270
X^1	1	270	267
X^2	0	265	262
X^3	0	262	260

X^0	2	5	2
X^1	2	5	2
X^2	2	2	2
X^3	2	2	2

X^0	2	5	2
X^1	1	2	1
X^2	1	2	1
X^3	1	2	1

X^0	3	14	6
X^1	1	12	5
X^2	1	8	3
X^3	0	8	0

X^0	1	3	1
X^1	2	4	3
X^2	1	1	1
X^3	1	3	2

X^0	2	4	2
X^1	2	2	2
X^2	2	4	2
X^3	0	1	0

X^0	4	12	11
X^1	2	8	5
X^2	0	8	6
X^3	0	6	4

X^0	4	4	4
X^1	4	4	4
X^2	4	4	4
X^3	4	4	4

X^0	0	3	0
X^1	0	3	0
X^2	0	3	1
X^3	0	1	0

X^0	3	3	3
X^1	3	4	3
X^2	3	3	3
X^3	0	0	0

X^0	1	1	1
X^1	2	4	3
X^2	0	1	0
X^3	0	0	0

X^0	2	5	2
X^1	1	5	1
X^2	1	4	1
X^3	2	7	3

X^0	5	5	5
X^1	2	3	2
X^2	0	2	0
X^3	2	3	2

X^0	7	8	7
X^1	7	15	7
X^2	2	16	6
X^3	0	8	0

X^0	1	6	3
X^1	0	4	3
X^2	3	5	4
X^3	0	0	0

X^0	3	31	26
X^1	1	26	24
X^2	1	9	8
X^3	0	18	16

X^0	2	7	2
X^1	1	5	1
X^2	1	7	1
X^3	1	1	1

X^0	2	2	2
X^1	3	3	3
X^2	1	1	1
X^3	0	0	0

X^0	1	1	1
X^1	0	1	0
X^2	2	2	2
X^3	2	2	2

X^0	2	4	2
X^1	5	5	5
X^2	1	1	1
X^3	2	2	2

X^0	5	27	25
X^1	1	12	9
X^2	1	1	1
X^3	1	13	11

X^0	4	14	12
X^1	2	7	5
X^2	2	2	2
X^3	0	4	3

X^0	2	211	106
X^1	2	214	109
X^2	0	133	131
X^3	0	105	101

X^0	1	18	11
X^1	1	18	13
X^2	2	15	10
X^3	0	5	1

X^0	3	3	3
X^1	3	3	3
X^2	3	3	3
X^3	1	1	1

X^0	2	661	333
X^1	2	657	329
X^2	0	329	324
X^3	3	333	328

X^0	1	7	6
X^1	0	5	5
X^2	0	5	5
X^3	0	2	0

X^0	5	534	350
X^1	3	531	349
X^2	1	348	348
X^3	0	165	163

X^0	2	12	8
X^1	3	5	3
X^2	6	13	6
X^3	0	7	4

X^0	1	7	5
X^1	1	1	1
X^2	1	1	1
X^3	2	5	2

X^0	4	97	46
X^1	4	100	49
X^2	4	53	45
X^3	2	55	46

X^0	2	3	2
X^1	8	11	8
X^2	0	2	0
X^3	1	4	2

X^0	2	24	13
X^1	2	25	14
X^2	6	24	20
X^3	3	16	14

X^0	3	14	10
X^1	3	20	11
X^2	3	14	11
X^3	0	10	7

X^0	3	3	3
X^1	3	5	3
X^2	3	3	3
X^3	0	4	0

X^0	1	1	1
X^1	1	1	1
X^2	6	6	6
X^3	1	1	1

X^0	1	2	1
X^1	2	5	4
X^2	2	2	2
X^3	0	0	0

X^0	3	7	3
X^1	3	3	3
X^2	3	3	3
X^3	0	4	0

X^0	2	376	353
X^1	2	382	360
X^2	1	253	231
X^3	1	4	1

X^0	1	105	104
X^1	0	104	103
X^2	0	104	102
X^3	0	103	101

X^0	5	17	15
X^1	2	17	15
X^2	1	10	8
X^3	0	0	0

X^0	3	4	3
X^1	3	6	3
X^2	3	3	3
X^3	2	5	3

X^0	1	7	3
X^1	1	8	5
X^2	4	8	6
X^3	4	6	4

X^0	4	541	358
X^1	1	540	359
X^2	0	359	357
X^3	0	179	176

X^0	0	22	20
X^1	0	22	0
X^2	1	24	23
X^3	0	22	19

X^0	1	2	1
X^1	1	3	2
X^2	1	1	1
X^3	0	0	0

X^0	2	13	8
X^1	2	17	9
X^2	2	11	11
X^3	1	4	3

X^0	2	16	9
X^1	3	14	10
X^2	7	15	12
X^3	0	9	6

X^0	4	4	4
X^1	4	5	4
X^2	4	4	4
X^3	0	2	1

X^0	4	8	4
X^1	4	7	4
X^2	0	7	3
X^3	3	6	3

X^0	6	16	13
X^1	3	13	10
X^2	0	2	1
X^3	3	8	7

X^0	0	3	0
X^1	1	3	1
X^2	9	9	9
X^3	0	0	0

X^0	1	1	1
X^1	1	1	1
X^2	1	1	1
X^3	1	1	1

X^0	2	15	12
X^1	1	11	11
X^2	0	8	8
X^3	0	3	0

X^0	1	20	11
X^1	1	19	6
X^2	1	9	8
X^3	0	11	10

X^0	3	8	4
X^1	2	2	2
X^2	2	2	2
X^3	0	2	0

X^0	2	8	8
X^1	1	6	6
X^2	2	5	5
X^3	0	0	0

X^0	3	8	3
X^1	4	9	4
X^2	2	7	2
X^3	3	10	5

X^0	3	5	3
X^1	3	4	3
X^2	3	3	3
X^3	1	1	1

X^0	2	2	2
X^1	1	1	1
X^2	1	1	1
X^3	2	2	2

X^0	2	7	3
X^1	3	8	3
X^2	0	5	4
X^3	4	6	4

X^0	3	133	69
X^1	6	145	77
X^2	0	75	75
X^3	5	69	69

X^0	3	7	3
X^1	3	7	3
X^2	1	5	1
X^3	0	1	0

X^0	2	17	14
X^1	1	10	7
X^2	0	1	0
X^3	0	9	8

X^0	2	2	2
X^1	1	7	5
X^2	1	1	1
X^3	0	4	1

X^0	3	34	25
X^1	3	34	26
X^2	5	35	26
X^3	3	9	3

X^0	2	32	21
X^1	4	36	25
X^2	0	19	15
X^3	0	15	13

X^0	3	3	3
X^1	3	3	3
X^2	3	3	3
X^3	0	1	0

X^0	1	8	2
X^1	1	8	2
X^2	2	9	5
X^3	1	3	1

X^0	2	2	2
X^1	2	4	2
X^2	2	5	3
X^3	2	2	2

X^0	1	17	7
X^1	5	20	6
X^2	3	13	10
X^3	3	11	8

X^0	1	1	1
X^1	0	0	0
X^2	0	0	0
X^3	0	0	0

X^0	3	7	4
X^1	3	3	3
X^2	3	7	4
X^3	3	3	3

X^0	1	12	7
X^1	4	16	10
X^2	5	19	13
X^3	1	11	1

X^0	1	10	8
X^1	1	10	8
X^2	1	13	9
X^3	2	19	16

X^0	3	30	23
X^1	6	33	28
X^2	1	30	26
X^3	2	31	26

X^0	6	14	6
X^1	6	16	6
X^2	6	10	6
X^3	3	11	5

X^0	2	6	2
X^1	2	9	4
X^2	2	6	3
X^3	1	7	2

X^0	2	17	11
X^1	2	17	9
X^2	2	16	14
X^3	0	10	5

X^0	1	9	6
X^1	1	11	9
X^2	1	19	17
X^3	0	7	3

X^0	1	1	1
X^1	1	1	1
X^2	1	1	1
X^3	0	0	0

X^0	2	2	2
X^1	1	3	1
X^2	1	4	1
X^3	1	1	1

X^0	3	23	13
X^1	0	21	12
X^2	1	16	12
X^3	0	10	5

X^0	3	43	40
X^1	3	42	38
X^2	3	38	35
X^3	0	42	35

X^0	1	1	1
X^1	0	0	0
X^2	0	0	0
X^3	0	0	0

X^0	2	39	21
X^1	2	44	26
X^2	1	18	16
X^3	1	27	25

X^0	1	4	1
X^1	0	2	0
X^2	0	2	0
X^3	0	2	0

X^0	4	21	14
X^1	2	20	15
X^2	2	17	15
X^3	0	14	12

X^0	3	7	3
X^1	2	5	2
X^2	1	1	1
X^3	1	8	2

X^0	1	5	3
X^1	1	1	1
X^2	0	0	0
X^3	4	5	4

X^0	1	2	1
X^1	8	8	8
X^2	0	0	0
X^3	3	4	3

X^0	1	17	2
X^1	0	2	0
X^2	2	2	2
X^3	0	6	2

X^0	1	10	7
X^1	1	10	6
X^2	1	6	2
X^3	0	6	1

X^0	8	153	95
X^1	8	152	92
X^2	7	121	113
X^3	0	64	56

X^0	0	34	14
X^1	0	33	14
X^2	0	26	23
X^3	0	14	12

X^0	5	18	12
X^1	5	19	11
X^2	0	14	8
X^3	0	10	3

X^0	3	22	12
X^1	1	22	14
X^2	3	24	13
X^3	0	14	1

X^0	2	5	3
X^1	2	5	3
X^2	1	3	1
X^3	0	2	0

X^0	1	13	6
X^1	1	15	7
X^2	1	11	4
X^3	0	7	0

X^0	0	2	1
X^1	1	1	1
X^2	0	0	0
X^3	0	2	1

X^0	1	24	11
X^1	0	26	13
X^2	0	16	10
X^3	0	13	10

X^0	2	2	2
X^1	2	2	2
X^2	0	0	0
X^3	2	2	2

X^0	3	13	10
X^1	3	5	3
X^2	3	9	6
X^3	3	3	3

X^0	2	54	52
X^1	0	55	52
X^2	0	54	51
X^3	0	54	52

X^0	0	2	0
X^1	0	2	0
X^2	3	3	3
X^3	0	0	0

X^0	1	41	24
X^1	1	41	24
X^2	1	28	28
X^3	2	18	17

X^0	3	31	19
X^1	2	20	7
X^2	1	9	1
X^3	2	20	6

X^0	1	8	3
X^1	5	10	5
X^2	5	8	5
X^3	5	5	5

X^0	2	9	6
X^1	3	8	4
X^2	1	1	1
X^3	2	7	4

X^0	2	10	8
X^1	2	11	9
X^2	0	11	9
X^3	0	6	2

X^0	1	210	103
X^1	0	215	105
X^2	1	111	107
X^3	2	113	108

X^0	1	2	1
X^1	1	3	1
X^2	0	0	0
X^3	0	0	0

X^0	4	79	77
X^1	2	72	70
X^2	4	73	67
X^3	2	2	2

X^0	3	6	3
X^1	3	6	3
X^2	2	3	2
X^3	3	4	3

X^0	2	23	19
X^1	2	21	15
X^2	1	17	11
X^3	2	18	14

X^0	8	93	61
X^1	1	84	53
X^2	1	54	52
X^3	1	32	26

X^0	2	34	19
X^1	3	35	22
X^2	0	22	19
X^3	1	14	11

X^0	3	14	7
X^1	2	14	10
X^2	4	15	7
X^3	0	7	3

X^0	0	6	6
X^1	0	3	0
X^2	0	0	0
X^3	0	4	3

X^0	1	3	1
X^1	0	4	0
X^2	1	5	1
X^3	0	3	0

X^0	5	14	11
X^1	1	21	18
X^2	2	21	20
X^3	1	14	10

X^0	2	13	9
X^1	0	18	17
X^2	0	12	10
X^3	4	21	18

X^0	2	48	44
X^1	2	41	37
X^2	2	24	19
X^3	2	6	2

X^0	3	4	3
X^1	3	8	4
X^2	3	5	3
X^3	3	3	3

X^0	2	22	8
X^1	3	21	11
X^2	2	11	8
X^3	2	6	4

X^0	1	9	4
X^1	2	6	3
X^2	1	2	1
X^3	2	5	3

X^0	4	5	4
X^1	2	5	2
X^2	1	3	1
X^3	1	2	1

X^0	1	12	6
X^1	0	13	10
X^2	0	10	7
X^3	0	5	0

X^0	4	20	11
X^1	0	10	0
X^2	0	0	0
X^3	0	10	4

X^0	1	96	89
X^1	2	96	88
X^2	1	96	91
X^3	2	95	90

X^0	1	18	15
X^1	2	22	20
X^2	1	18	17
X^3	6	23	21

X^0	0	3	0
X^1	0	5	1
X^2	1	8	3
X^3	0	0	0

X^0	2	2	2
X^1	3	3	3
X^2	0	0	0
X^3	2	3	2

X^0	6	9	6
X^1	5	12	5
X^2	6	11	6
X^3	1	4	1

X^0	1	59	58
X^1	1	73	72
X^2	1	56	55
X^3	0	38	29

X^0	2	12	9
X^1	2	8	2
X^2	1	6	3
X^3	1	3	1

X^0	4	4	4
X^1	2	9	5
X^2	2	8	4
X^3	0	5	1

X^0	4	7	4
X^1	1	1	1
X^2	1	1	1
X^3	1	1	1

X^0	1	23	8
X^1	1	36	19
X^2	0	23	21
X^3	0	17	10

X^0	1	10	4
X^1	2	11	2
X^2	2	7	3
X^3	1	5	1

X^0	1	17	11
X^1	0	8	2
X^2	0	2	0
X^3	0	13	7

X^0	2	2	2
X^1	2	2	2
X^2	0	0	0
X^3	2	2	2

X^0	0	19	10
X^1	1	22	8
X^2	1	13	9
X^3	0	0	0

X^0	1	1	1
X^1	1	1	1
X^2	1	2	1
X^3	0	0	0

X^0	2	3	2
X^1	4	5	4
X^2	1	2	1
X^3	2	2	2

X^0	1	3	1
X^1	1	3	1
X^2	1	4	2
X^3	1	3	1

X^0	1	8	5
X^1	1	6	4
X^2	0	3	0
X^3	0	0	0

X^0	6	6	6
X^1	3	3	3
X^2	3	3	3
X^3	0	0	0

X^0	4	66	29
X^1	4	72	35
X^2	4	42	38
X^3	1	38	34

X^0	3	14	7
X^1	2	14	9
X^2	3	16	11
X^3	0	9	4

X^0	3	7	4
X^1	1	4	1
X^2	4	6	4
X^3	1	1	1

X^0	1	24	20
X^1	0	19	19
X^2	0	19	18
X^3	3	22	20

X^0	1	3	1
X^1	1	3	2
X^2	2	3	2
X^3	0	1	0

X^0	0	22	13
X^1	0	22	14
X^2	0	15	13
X^3	0	8	6

X^0	1	8	4
X^1	3	8	3
X^2	1	8	1
X^3	3	11	6

X^0	2	2	2
X^1	2	2	2
X^2	1	1	1
X^3	1	1	1

X^0	1	3	2
X^1	1	3	2
X^2	1	3	2
X^3	1	1	1

X^0	3	4	3
X^1	3	3	3
X^2	8	8	8
X^3	0	0	0

X^0	3	13	8
X^1	2	10	8
X^2	2	2	2
X^3	2	2	2

X^0	1	3	1
X^1	2	2	2
X^2	1	2	1
X^3	2	2	2

X^0	4	14	5
X^1	4	14	10
X^2	1	7	3
X^3	1	1	1

X^0	0	4	2
X^1	0	13	11
X^2	2	2	2
X^3	0	0	0

X^0	1	21	14
X^1	1	21	14
X^2	1	23	15
X^3	0	17	7

X^0	2	2	2
X^1	2	2	2
X^2	6	6	6
X^3	1	1	1

X^0	0	52	23
X^1	0	50	23
X^2	1	32	28
X^3	0	25	21

X^0	3	4	3
X^1	0	3	0
X^2	2	2	2
X^3	0	0	0

X^0	5	5	5
X^1	2	2	2
X^2	1	1	1
X^3	2	2	2

X^0	6	6	6
X^1	7	8	7
X^2	3	3	3
X^3	6	9	6

X^0	0	12	4
X^1	0	12	0
X^2	0	11	7
X^3	5	14	9

X^0	0	0	0
X^1	0	0	0
X^2	3	3	3
X^3	0	0	0

X^0	6	6	6
X^1	4	7	4
X^2	4	5	4
X^3	0	7	2

X^0	4	4	4
X^1	2	2	2
X^2	0	2	0
X^3	0	1	0

X^0	0	22	14
X^1	0	22	13
X^2	0	15	13
X^3	0	8	3

X^0	2	43	23
X^1	1	45	26
X^2	2	29	27
X^3	1	18	14

X^0	0	0	0
X^1	1	1	1
X^2	0	0	0
X^3	0	0	0

X^0	2	7	2
X^1	2	12	6
X^2	0	9	5
X^3	0	2	0

X^0	2	2	2
X^1	7	9	7
X^2	2	3	2
X^3	0	0	0

X^0	4	7	4
X^1	3	5	3
X^2	0	0	0
X^3	0	0	0

X^0	2	7	2
X^1	2	11	8
X^2	2	6	3
X^3	0	7	4

X^0	1	7	1
X^1	2	7	2
X^2	2	5	2
X^3	0	2	1

X^0	2	8	4
X^1	1	6	1
X^2	1	6	2
X^3	0	2	0

X^0	2	19	5
X^1	1	16	9
X^2	0	11	10
X^3	0	7	6

X^0	1	11	7
X^1	0	10	7
X^2	2	8	7
X^3	3	7	3

X^0	2	2	2
X^1	1	1	1
X^2	0	1	0
X^3	5	6	5

X^0	1	10	3
X^1	1	13	7
X^2	1	9	5
X^3	0	7	3

X^0	3	8	5
X^1	1	3	1
X^2	2	2	2
X^3	0	6	3

X^0	2	777	519
X^1	3	776	518
X^2	1	516	511
X^3	6	263	263

X^0	3	5	3
X^1	2	6	2
X^2	0	4	0
X^3	1	3	1

X^0	5	5	5
X^1	2	2	2
X^2	1	1	1
X^3	1	1	1

X^0	3	3	3
X^1	3	3	3
X^2	1	1	1
X^3	0	0	0

X^0	3	4	3
X^1	5	5	5
X^2	2	3	2
X^3	0	1	0

X^0	9	11	9
X^1	9	12	9
X^2	9	9	9
X^3	0	8	3

X^0	3	3	3
X^1	0	0	0
X^2	0	0	0
X^3	0	0	0

X^0	3	8	3
X^1	3	7	3
X^2	3	3	3
X^3	0	7	3

X^0	1	4	1
X^1	4	5	4
X^2	0	3	1
X^3	4	5	4

X^0	3	42	38
X^1	1	32	30
X^2	1	35	33
X^3	5	23	19

X^0	2	2	2
X^1	1	6	6
X^2	0	6	6
X^3	0	2	0

X^0	1	12	9
X^1	2	15	11
X^2	0	14	11
X^3	0	10	7

X^0	0	26	16
X^1	0	25	16
X^2	0	25	20
X^3	2	19	12

X^0	1	7	2
X^1	3	5	3
X^2	5	5	5
X^3	3	8	3

X^0	1	11	6
X^1	1	14	11
X^2	1	10	7
X^3	1	1	1

X^0	1	10	1
X^1	1	10	3
X^2	4	9	5
X^3	1	5	1

X^0	2	67	45
X^1	0	70	47
X^2	0	44	43
X^3	0	27	26

X^0	3	3	3
X^1	0	1	0
X^2	0	0	0
X^3	0	0	0

X^0	2	14	8
X^1	1	12	6
X^2	1	10	1
X^3	1	8	2

X^0	0	18	7
X^1	1	20	14
X^2	0	17	10
X^3	0	10	2

X^0	1	16	14
X^1	1	20	12
X^2	1	16	14
X^3	3	14	12

X^0	1	11	9
X^1	0	8	5
X^2	0	11	8
X^3	2	8	6

X^0	3	13	8
X^1	1	5	3
X^2	1	2	1
X^3	1	1	1

X^0	1	36	34
X^1	1	36	35
X^2	1	48	47
X^3	0	37	36

X^0	1	9	7
X^1	1	5	3
X^2	1	3	1
X^3	1	1	1

X^0	2	11	5
X^1	1	6	1
X^2	1	5	1
X^3	0	3	0

X^0	1	3	1
X^1	4	5	4
X^2	1	3	1
X^3	0	0	0

X^0	8	15	12
X^1	4	11	10
X^2	1	11	9
X^3	0	5	4

X^0	1	22	16
X^1	2	20	18
X^2	1	20	18
X^3	1	1	1

X^0	0	23	13
X^1	0	26	13
X^2	1	17	16
X^3	0	12	11

X^0	3	28	22
X^1	3	24	18
X^2	3	24	14
X^3	3	3	3

X^0	7	7	7
X^1	0	0	0
X^2	1	1	1
X^3	0	0	0

X^0	2	2	2
X^1	1	1	1
X^2	0	0	0
X^3	1	1	1

X^0	1	3	1
X^1	1	3	1
X^2	1	3	1
X^3	1	1	1

X^0	1	12	11
X^1	3	14	12
X^2	0	7	5
X^3	0	0	0

X^0	0	33	32
X^1	1	33	32
X^2	0	33	30
X^3	0	38	36

X^0	0	7	7
X^1	0	1	1
X^2	0	0	0
X^3	0	0	0

X^0	3	4	3
X^1	1	3	1
X^2	2	2	2
X^3	1	1	1

X^0	1	1	1
X^1	1	1	1
X^2	0	0	0
X^3	1	3	2

X^0	3	27	25
X^1	2	26	23
X^2	3	26	22
X^3	2	3	2

X^0	5	47	30
X^1	2	44	27
X^2	1	28	23
X^3	2	13	10

X^0	3	15	14
X^1	1	12	11
X^2	1	1	1
X^3	0	12	11

X^0	1	21	20
X^1	0	24	23
X^2	0	18	17
X^3	2	23	19

X^0	2	9	8
X^1	1	8	5
X^2	1	7	4
X^3	2	12	11

X^0	1	14	12
X^1	1	14	13
X^2	1	14	13
X^3	0	15	14

X^0	6	7	6
X^1	0	2	0
X^2	1	3	1
X^3	1	2	1

X^0	0	1	0
X^1	4	4	4
X^2	0	0	0
X^3	0	0	0

X^0	1	6	4
X^1	2	8	6
X^2	9	15	12
X^3	1	3	1

X^0	2	10	8
X^1	2	6	2
X^2	0	2	0
X^3	0	0	0

X^0	2	82	77
X^1	2	83	81
X^2	2	85	83
X^3	2	63	60

X^0	4	22	18
X^1	2	15	12
X^2	2	17	15
X^3	0	15	13

X^0	1	1	1
X^1	1	1	1
X^2	0	0	0
X^3	1	1	1

X^0	4	4	4
X^1	2	2	2
X^2	2	3	2
X^3	2	2	2

X^0	5	5	5
X^1	1	1	1
X^2	0	0	0
X^3	1	2	1

X^0	1	1	1
X^1	2	2	2
X^2	1	1	1
X^3	2	2	2

X^0	3	4	3
X^1	3	5	3
X^2	3	6	3
X^3	3	3	3

X^0	4	18	8
X^1	6	24	14
X^2	0	13	12
X^3	1	9	9

X^0	1	12	9
X^1	1	11	7
X^2	3	13	11
X^3	1	8	6

X^0	2	20	16
X^1	1	20	16
X^2	2	17	13
X^3	0	11	10

X^0	0	6	5
X^1	0	1	1
X^2	1	4	3
X^3	0	3	3

X^0	1	1	1
X^1	1	1	1
X^2	0	0	0
X^3	0	0	0

X^0	1	1	1
X^1	0	0	0
X^2	3	3	3
X^3	1	2	1

X^0	5	9	5
X^1	1	4	1
X^2	1	4	1
X^3	0	4	0

X^0	6	9	6
X^1	1	9	3
X^2	1	10	10
X^3	5	9	8

X^0	2	21	12
X^1	2	23	14
X^2	5	21	14
X^3	0	10	3

X^0	2	5	2
X^1	1	5	2
X^2	1	4	2
X^3	0	4	1

X^0	3	3	3
X^1	2	2	2
X^2	0	0	0
X^3	1	1	1

X^0	1	15	12
X^1	2	11	3
X^2	1	1	1
X^3	1	1	1

X^0	3	4	3
X^1	2	3	2
X^2	0	5	3
X^3	6	10	8

X^0	3	8	3
X^1	2	11	6
X^2	0	7	6
X^3	1	6	4

X^0	1	188	188
X^1	0	187	186
X^2	0	187	187
X^3	0	187	186

X^0	3	3	3
X^1	2	2	2
X^2	1	1	1
X^3	1	1	1

X^0	5	10	7
X^1	2	4	3
X^2	0	0	0
X^3	0	1	0

X^0	2	23	20
X^1	2	22	19
X^2	0	22	19
X^3	1	11	9

X^0	1	7	4
X^1	3	7	3
X^2	1	3	1
X^3	0	5	2

X^0	2	2	2
X^1	1	1	1
X^2	1	1	1
X^3	0	0	0

X^0	1	11	5
X^1	0	5	0
X^2	5	5	5
X^3	2	9	2

X^0	1	55	37
X^1	3	60	36
X^2	0	39	37
X^3	0	23	20

X^0	1	74	73
X^1	1	75	74
X^2	1	74	71
X^3	1	1	1

X^0	0	7	2
X^1	0	6	4
X^2	2	8	4
X^3	1	7	4

X^0	1	1	1
X^1	1	1	1
X^2	0	0	0
X^3	0	9	5

X^0	1	36	16
X^1	2	44	25
X^2	1	33	30
X^3	0	19	15

X^0	5	5	5
X^1	3	3	3
X^2	0	0	0
X^3	1	1	1

X^0	2	4	2
X^1	1	5	2
X^2	2	6	3
X^3	1	5	2

X^0	0	1	0
X^1	0	0	0
X^2	0	1	0
X^3	0	0	0

X^0	1	13	12
X^1	0	17	16
X^2	0	17	15
X^3	0	8	7

X^0	3	3	3
X^1	3	3	3
X^2	1	1	1
X^3	0	0	0

X^0	2	119	60
X^1	0	119	58
X^2	0	108	105
X^3	4	61	56

X^0	0	10	6
X^1	2	10	7
X^2	0	4	1
X^3	0	7	0

X^0	2	2	2
X^1	2	2	2
X^2	2	5	2
X^3	1	4	1

X^0	3	216	212
X^1	6	219	215
X^2	3	219	215
X^3	2	218	213

X^0	5	11	5
X^1	3	10	3
X^2	2	9	6
X^3	3	3	3

X^0	1	3	1
X^1	5	5	5
X^2	1	2	1
X^3	1	1	1

X^0	2	2	2
X^1	0	0	0
X^2	0	0	0
X^3	1	1	1

X^0	1	19	11
X^1	0	20	12
X^2	4	17	16
X^3	0	7	6

X^0	0	5	3
X^1	0	2	2
X^2	2	4	4
X^3	0	0	0

X^0	2	2	2
X^1	1	1	1
X^2	2	2	2
X^3	1	1	1

X^0	3	3	3
X^1	3	3	3
X^2	0	0	0
X^3	1	1	1

X^0	3	251	234
X^1	2	249	231
X^2	1	229	208
X^3	1	2	1

X^0	13	23	14
X^1	10	10	10
X^2	9	9	9
X^3	4	4	4

X^0	0	3	1
X^1	0	1	1
X^2	0	0	0
X^3	0	1	1

X^0	1	3	1
X^1	1	3	1
X^2	1	2	1
X^3	0	3	1

X^0	2	19	15
X^1	2	16	13
X^2	4	16	12
X^3	2	4	2

X^0	1	3	1
X^1	1	2	1
X^2	1	3	1
X^3	1	1	1

X^0	2	3	2
X^1	2	4	2
X^2	4	8	6
X^3	3	8	6

X^0	4	5	4
X^1	4	5	4
X^2	4	7	4
X^3	4	4	4

X^0	1	48	22
X^1	5	55	31
X^2	3	29	29
X^3	1	24	24

X^0	2	2	2
X^1	2	2	2
X^2	4	5	4
X^3	0	2	0

X^0	1	38	18
X^1	1	43	23
X^2	0	31	29
X^3	1	18	15

X^0	2	51	28
X^1	2	53	29
X^2	0	33	31
X^3	2	17	14

X^0	4	8	4
X^1	3	7	3
X^2	3	7	3
X^3	3	4	3

X^0	2	17	9
X^1	2	15	4
X^2	2	13	5
X^3	0	13	5

X^0	3	4	3
X^1	3	3	3
X^2	0	0	0
X^3	4	4	4

X^0	2	8	5
X^1	2	7	4
X^2	2	7	4
X^3	2	6	3

X^0	1	21	9
X^1	0	21	10
X^2	0	13	11
X^3	0	11	9

X^0	3	7	3
X^1	3	6	3
X^2	1	5	3
X^3	3	3	3

X^0	2	6	2
X^1	2	5	2
X^2	0	1	0
X^3	0	0	0

X^0	3	7	3
X^1	2	6	3
X^2	2	5	3
X^3	2	7	5

X^0	2	3	2
X^1	1	2	1
X^2	1	2	1
X^3	0	1	0

X^0	1	20	12
X^1	0	16	13
X^2	0	9	7
X^3	0	0	0

X^0	1	53	51
X^1	2	52	50
X^2	1	21	18
X^3	0	0	0

X^0	1	1	1
X^1	1	5	4
X^2	1	4	3
X^3	1	1	1

X^0	1	15	6
X^1	1	21	13
X^2	1	15	11
X^3	0	10	1

X^0	2	5	2
X^1	2	5	2
X^2	4	8	4
X^3	0	9	7

X^0	6	10	8
X^1	0	2	0
X^2	2	4	2
X^3	0	3	0

X^0	2	68	43
X^1	3	67	43
X^2	2	47	42
X^3	1	27	22

X^0	3	14	10
X^1	3	11	8
X^2	2	4	4
X^3	3	11	8

X^0	3	14	5
X^1	1	14	5
X^2	0	10	3
X^3	0	0	0

X^0	3	9	5
X^1	3	9	5
X^2	3	9	5
X^3	1	10	7

X^0	4	18	14
X^1	0	8	6
X^2	0	1	0
X^3	0	8	1

X^0	4	4	4
X^1	3	3	3
X^2	1	1	1
X^3	1	1	1

X^0	3	3	3
X^1	3	5	3
X^2	3	3	3
X^3	0	5	2

X^0	3	6	3
X^1	2	5	2
X^2	0	1	0
X^3	0	0	0

X^0	4	4	4
X^1	2	2	2
X^2	0	0	0
X^3	0	0	0

X^0	5	8	5
X^1	2	5	2
X^2	1	5	1
X^3	2	3	2

X^0	0	15	7
X^1	0	14	5
X^2	0	13	7
X^3	0	0	0

X^0	4	4	4
X^1	1	1	1
X^2	5	5	5
X^3	0	0	0

X^0	2	62	60
X^1	2	31	26
X^2	2	31	27
X^3	1	41	38

X^0	4	27	15
X^1	1	20	13
X^2	2	14	7
X^3	1	6	1

X^0	1	12	4
X^1	3	9	5
X^2	1	2	1
X^3	4	10	7

X^0	3	58	31
X^1	4	60	34
X^2	0	38	31
X^3	0	22	13

X^0	1	1	1
X^1	1	2	1
X^2	5	5	5
X^3	0	0	0

X^0	1	1	1
X^1	1	1	1
X^2	1	1	1
X^3	1	1	1

X^0	1	12	10
X^1	0	12	10
X^2	0	12	11
X^3	0	3	2

X^0	0	6	2
X^1	2	8	4
X^2	0	1	0
X^3	1	8	4

X^0	2	8	7
X^1	1	5	4
X^2	3	8	5
X^3	0	0	0

X^0	2	25	23
X^1	2	24	20
X^2	2	24	21
X^3	4	26	23

X^0	1	9	7
X^1	0	9	7
X^2	1	9	6
X^3	0	2	0

X^0	2	17	10
X^1	1	15	7
X^2	1	12	8
X^3	0	8	3

X^0	4	39	35
X^1	4	43	33
X^2	2	42	38
X^3	0	48	43

X^0	1	6	1
X^1	1	4	1
X^2	0	0	0
X^3	1	4	1

X^0	2	3	2
X^1	1	1	1
X^2	1	3	1
X^3	0	0	0

X^0	14	16	14
X^1	1	4	1
X^2	1	1	1
X^3	0	4	2

X^0	0	1	0
X^1	0	2	1
X^2	0	3	2
X^3	0	0	0

X^0	2	2	2
X^1	2	2	2
X^2	2	2	2
X^3	1	4	1

X^0	1	17	12
X^1	1	15	10
X^2	1	18	13
X^3	1	13	8

X^0	1	2	1
X^1	5	5	5
X^2	1	1	1
X^3	0	0	0

X^0	3	10	5
X^1	1	12	7
X^2	0	10	8
X^3	1	6	2

X^0	2	35	22
X^1	0	35	22
X^2	1	26	23
X^3	0	13	9

X^0	1	6	2
X^1	1	3	1
X^2	2	4	2
X^3	1	2	1

X^0	1	12	7
X^1	1	12	7
X^2	0	0	0
X^3	0	14	13

X^0	1	7	3
X^1	1	8	3
X^2	1	8	2
X^3	1	6	1

X^0	1	7	5
X^1	1	9	7
X^2	0	9	6
X^3	0	7	5

X^0	4	6	4
X^1	4	4	4
X^2	4	4	4
X^3	0	0	0

X^0	5	20	13
X^1	1	15	9
X^2	1	5	1
X^3	0	14	10

X^0	0	2	1
X^1	0	3	3
X^2	0	2	2
X^3	0	4	4

X^0	1	1	1
X^1	0	0	0
X^2	0	0	0
X^3	1	1	1

X^0	4	5	4
X^1	4	4	4
X^2	4	4	4
X^3	1	4	1

X^0	1	69	33
X^1	1	73	33
X^2	1	43	36
X^3	0	36	33

X^0	1	119	118
X^1	1	131	130
X^2	1	100	99
X^3	0	31	28

X^0	7	16	7
X^1	2	14	7
X^2	2	12	5
X^3	2	5	2

X^0	0	0	0
X^1	0	0	0
X^2	0	0	0
X^3	0	0	0

X^0	1	1	1
X^1	1	1	1
X^2	4	4	4
X^3	1	1	1

X^0	5	5	5
X^1	1	1	1
X^2	2	2	2
X^3	2	2	2

X^0	1	116	59
X^1	1	109	56
X^2	1	53	51
X^3	0	58	56

X^0	2	3	2
X^1	2	2	2
X^2	2	2	2
X^3	1	1	1

X^0	1	2	1
X^1	0	2	0
X^2	1	2	1
X^3	0	0	0

X^0	2	2	2
X^1	3	4	3
X^2	1	2	1
X^3	0	1	0

X^0	3	3	3
X^1	1	1	1
X^2	3	3	3
X^3	7	7	7

X^0	0	42	26
X^1	0	42	26
X^2	0	44	28
X^3	0	27	11

X^0	1	6	4
X^1	5	9	6
X^2	2	7	4
X^3	0	3	1

X^0	1	1	1
X^1	1	1	1
X^2	1	1	1
X^3	1	1	1

X^0	2	2	2
X^1	2	4	3
X^2	0	0	0
X^3	0	0	0

X^0	1	85	83
X^1	2	47	45
X^2	0	95	93
X^3	1	87	86

X^0	3	3	3
X^1	2	2	2
X^2	0	0	0
X^3	0	1	0

X^0	4	47	43
X^1	4	47	40
X^2	1	47	46
X^3	0	45	44

X^0	1	1	1
X^1	3	4	3
X^2	1	11	10
X^3	3	8	6

X^0	1	1	1
X^1	1	1	1
X^2	1	1	1
X^3	0	0	0

X^0	0	1	0
X^1	0	0	0
X^2	0	0	0
X^3	1	1	1

X^0	3	7	4
X^1	3	6	3
X^2	3	11	8
X^3	3	3	3

X^0	1	35	20
X^1	2	33	15
X^2	0	22	8
X^3	0	12	0

X^0	5	5	5
X^1	4	4	4
X^2	4	4	4
X^3	3	3	3

X^0	1	8	1
X^1	1	8	4
X^2	1	8	4
X^3	0	9	5

X^0	2	13	5
X^1	3	9	3
X^2	4	10	5
X^3	0	5	0

X^0	2	18	11
X^1	2	18	10
X^2	2	15	8
X^3	0	18	9

X^0	3	5	3
X^1	1	4	1
X^2	9	12	9
X^3	0	9	4

X^0	2	50	24
X^1	2	45	21
X^2	2	21	16
X^3	0	24	18

X^0	1	1	1
X^1	1	1	1
X^2	1	2	1
X^3	0	0	0

X^0	2	2	2
X^1	1	1	1
X^2	1	1	1
X^3	1	1	1

X^0	3	3	3
X^1	2	5	2
X^2	2	7	4
X^3	1	1	1

X^0	2	37	31
X^1	2	40	33
X^2	2	32	20
X^3	2	40	34

X^0	1	1	1
X^1	1	1	1
X^2	1	1	1
X^3	0	0	0

X^0	1	14	13
X^1	2	15	12
X^2	4	29	28
X^3	0	13	11

X^0	5	19	10
X^1	2	17	9
X^2	2	19	9
X^3	0	14	6

X^0	3	34	31
X^1	3	36	32
X^2	3	37	33
X^3	1	37	34

X^0	2	8	7
X^1	0	1	1
X^2	0	0	0
X^3	0	1	1

X^0	3	13	11
X^1	1	6	2
X^2	1	7	5
X^3	1	11	8

X^0	2	2	2
X^1	2	2	2
X^2	1	1	1
X^3	1	1	1

X^0	3	9	3
X^1	5	6	5
X^2	1	5	2
X^3	2	5	2

X^0	1	16	13
X^1	0	13	11
X^2	0	7	6
X^3	0	1	1

X^0	2	26	14
X^1	2	27	10
X^2	1	21	13
X^3	0	13	7

X^0	0	13	3
X^1	0	17	6
X^2	2	15	9
X^3	0	8	3

X^0	6	9	6
X^1	4	8	4
X^2	0	6	0
X^3	0	0	0

X^0	1	7	4
X^1	1	1	1
X^2	1	1	1
X^3	0	3	0

X^0	2	7	2
X^1	2	4	2
X^2	2	2	2
X^3	2	2	2

X^0	3	3	3
X^1	2	2	2
X^2	2	2	2
X^3	0	0	0

X^0	10	12	10
X^1	2	7	2
X^2	3	7	3
X^3	0	3	1

X^0	1	17	15
X^1	6	22	20
X^2	0	14	11
X^3	0	4	0

X^0	0	4	0
X^1	4	7	4
X^2	0	3	0
X^3	2	5	2

X^0	2	36	25
X^1	3	34	22
X^2	0	21	21
X^3	0	10	9

X^0	2	8	4
X^1	4	12	8
X^2	1	4	1
X^3	0	5	3

X^0	2	6	4
X^1	2	5	2
X^2	2	3	2
X^3	2	5	2

X^0	3	9	8
X^1	1	10	9
X^2	3	12	3
X^3	1	5	4

X^0	2	5	2
X^1	2	3	2
X^2	1	22	18
X^3	0	0	0

X^0	0	322	199
X^1	0	321	198
X^2	0	205	200
X^3	0	119	114

X^0	1	1	1
X^1	1	1	1
X^2	1	1	1
X^3	1	1	1

X^0	1	3	1
X^1	1	2	1
X^2	1	1	1
X^3	0	2	0

X^0	0	4	2
X^1	2	4	2
X^2	0	2	0
X^3	0	0	0

X^0	3	75	68
X^1	5	74	70
X^2	0	68	64
X^3	2	68	62

X^0	2	2	2
X^1	3	3	3
X^2	2	2	2
X^3	0	0	0

X^0	2	7	6
X^1	4	7	6
X^2	0	5	4
X^3	0	0	0

X^0	1	3	2
X^1	1	3	2
X^2	1	1	1
X^3	1	1	1

X^0	2	3	2
X^1	1	6	4
X^2	1	3	1
X^3	0	2	0

X^0	0	62	59
X^1	0	58	57
X^2	2	60	52
X^3	0	0	0

X^0	4	5	4
X^1	2	3	2
X^2	1	3	1
X^3	4	5	4

X^0	1	54	51
X^1	1	54	51
X^2	1	54	51
X^3	1	18	15

X^0	2	38	35
X^1	2	35	33
X^2	1	36	34
X^3	0	37	36

X^0	1	4	2
X^1	1	3	1
X^2	1	1	1
X^3	0	1	0

X^0	1	1	1
X^1	2	2	2
X^2	0	0	0
X^3	0	0	0

X^0	4	11	5
X^1	1	13	7
X^2	2	14	10
X^3	0	7	3

X^0	5	7	5
X^1	5	5	5
X^2	6	6	6
X^3	2	2	2

X^0	3	13	8
X^1	2	13	8
X^2	3	13	7
X^3	0	8	2

X^0	3	3	3
X^1	1	1	1
X^2	1	1	1
X^3	0	0	0

X^0	2	2	2
X^1	1	1	1
X^2	0	0	0
X^3	0	0	0

X^0	2	79	40
X^1	1	79	40
X^2	1	39	37
X^3	3	43	42

X^0	3	55	42
X^1	3	53	40
X^2	3	35	28
X^3	3	27	19

X^0	8	10	8
X^1	1	1	1
X^2	0	2	0
X^3	0	0	0

X^0	3	5	3
X^1	5	10	5
X^2	1	5	1
X^3	1	3	1

X^0	2	43	25
X^1	2	44	25
X^2	1	24	22
X^3	2	25	20

X^0	1	1	1
X^1	3	4	3
X^2	0	1	0
X^3	1	2	1

X^0	2	20	12
X^1	2	19	13
X^2	0	12	9
X^3	1	8	4

X^0	0	13	10
X^1	1	20	14
X^2	0	14	12
X^3	2	9	7

X^0	6	8	6
X^1	0	5	0
X^2	0	3	2
X^3	0	6	1

X^0	2	4	2
X^1	2	3	2
X^2	2	2	2
X^3	0	1	0

X^0	2	7	3
X^1	3	9	4
X^2	2	6	2
X^3	0	5	2

X^0	2	8	5
X^1	0	5	1
X^2	3	9	6
X^3	1	7	6

X^0	1	1	1
X^1	5	5	5
X^2	5	5	5
X^3	0	0	0

X^0	1	3	1
X^1	1	3	1
X^2	3	4	3
X^3	0	5	1

X^0	4	40	30
X^1	1	36	23
X^2	1	27	26
X^3	0	10	9

X^0	1	44	21
X^1	4	48	24
X^2	1	28	20
X^3	1	23	16

X^0	3	122	114
X^1	2	123	118
X^2	0	122	119
X^3	0	126	123

X^0	2	2	2
X^1	5	6	5
X^2	2	2	2
X^3	1	1	1

X^0	2	19	14
X^1	2	18	15
X^2	2	15	12
X^3	2	2	2

X^0	1	6	3
X^1	0	3	0
X^2	0	3	0
X^3	0	3	0

X^0	5	11	7
X^1	4	6	4
X^2	1	3	1
X^3	2	8	2

X^0	1	3	1
X^1	0	3	0
X^2	0	5	4
X^3	8	13	9

X^0	1	1	1
X^1	2	3	2
X^2	2	2	2
X^3	0	3	0

X^0	1	5	1
X^1	1	1	1
X^2	1	1	1
X^3	0	7	4

X^0	4	73	39
X^1	0	69	33
X^2	3	43	41
X^3	0	35	33

X^0	0	2	0
X^1	1	1	1
X^2	0	1	0
X^3	1	1	1

X^0	2	2	2
X^1	1	1	1
X^2	2	2	2
X^3	0	0	0

X^0	1	21	17
X^1	3	20	15
X^2	0	12	3
X^3	0	1	0

X^0	3	7	4
X^1	1	2	1
X^2	1	1	1
X^3	1	1	1

X^0	2	8	2
X^1	1	7	3
X^2	2	9	6
X^3	0	6	4

X^0	2	2	2
X^1	2	4	2
X^2	2	2	2
X^3	2	2	2

X^0	2	2	2
X^1	1	1	1
X^2	1	1	1
X^3	2	2	2

X^0	1	14	2
X^1	1	13	2
X^2	2	10	6
X^3	0	8	4

X^0	4	5	4
X^1	3	4	3
X^2	1	3	1
X^3	3	3	3

X^0	2	2	2
X^1	2	2	2
X^2	4	4	4
X^3	0	0	0

X^0	2	14	11
X^1	2	8	3
X^2	2	4	2
X^3	0	9	4

X^0	1	1	1
X^1	2	2	2
X^2	0	1	0
X^3	0	0	0

X^0	1	122	118
X^1	3	124	119
X^2	0	119	113
X^3	0	2	0

X^0	2	4	2
X^1	1	4	1
X^2	0	3	0
X^3	0	3	1

X^0	5	6	5
X^1	1	3	1
X^2	0	1	0
X^3	0	2	1

X^0	0	9	3
X^1	0	9	5
X^2	6	12	8
X^3	2	7	2

X^0	1	3	2
X^1	1	1	1
X^2	0	4	3
X^3	1	3	1

X^0	1	115	114
X^1	2	120	119
X^2	0	116	114
X^3	0	116	115

X^0	2	6	5
X^1	0	5	4
X^2	1	4	2
X^3	0	1	0

X^0	5	24	17
X^1	5	29	17
X^2	5	19	17
X^3	1	14	12

X^0	2	10	3
X^1	2	13	2
X^2	0	8	4
X^3	5	11	9

X^0	2	26	23
X^1	2	17	14
X^2	3	3	3
X^3	0	13	7

X^0	3	16	8
X^1	0	10	7
X^2	1	5	1
X^3	1	1	1

X^0	1	2	1
X^1	1	2	1
X^2	1	3	1
X^3	1	2	1

X^0	5	13	6
X^1	2	10	4
X^2	4	10	4
X^3	0	6	0

X^0	2	2	2
X^1	5	5	5
X^2	1	1	1
X^3	0	0	0

X^0	2	8	6
X^1	2	8	5
X^2	2	2	2
X^3	2	6	5

X^0	1	2	1
X^1	2	2	2
X^2	4	9	6
X^3	0	5	3

X^0	1	1	1
X^1	1	1	1
X^2	1	1	1
X^3	1	1	1

X^0	1	1	1
X^1	1	3	2
X^2	0	5	4
X^3	0	0	0

X^0	4	4	4
X^1	3	3	3
X^2	1	1	1
X^3	0	0	0

X^0	2	3	2
X^1	2	2	2
X^2	1	1	1
X^3	1	1	1

X^0	3	3	3
X^1	4	4	4
X^2	2	2	2
X^3	1	1	1

X^0	6	20	13
X^1	2	16	12
X^2	1	7	1
X^3	0	0	0

X^0	3	5	3
X^1	7	9	7
X^2	0	0	0
X^3	1	3	1

X^0	3	3	3
X^1	3	3	3
X^2	3	3	3
X^3	0	0	0

X^0	1	27	25
X^1	2	28	25
X^2	1	27	25
X^3	1	27	26

X^0	11	16	11
X^1	1	6	1
X^2	1	5	1
X^3	1	4	1

X^0	10	10	10
X^1	3	4	3
X^2	3	3	3
X^3	9	9	9

X^0	2	6	4
X^1	2	2	2
X^2	2	2	2
X^3	1	2	1

X^0	2	6	2
X^1	1	3	1
X^2	1	2	1
X^3	0	3	0

X^0	4	19	9
X^1	4	17	9
X^2	3	18	10
X^3	5	16	6

X^0	3	3	3
X^1	0	1	0
X^2	1	1	1
X^3	1	1	1

X^0	0	0	0
X^1	0	0	0
X^2	0	0	0
X^3	3	3	3

X^0	1	20	11
X^1	0	22	15
X^2	2	16	13
X^3	2	9	5

X^0	1	8	6
X^1	1	16	10
X^2	1	18	11
X^3	2	10	2

X^0	3	3	3
X^1	2	4	3
X^2	0	1	0
X^3	1	1	1

X^0	2	18	17
X^1	0	13	12
X^2	0	13	11
X^3	1	11	10

X^0	4	6	4
X^1	2	2	2
X^2	0	0	0
X^3	0	0	0

X^0	0	7	3
X^1	0	5	0
X^2	0	5	2
X^3	0	2	0

X^0	0	0	0
X^1	2	2	2
X^2	1	1	1
X^3	1	1	1

X^0	2	2	2
X^1	1	2	1
X^2	3	4	3
X^3	1	3	1

X^0	2	3	2
X^1	2	3	2
X^2	2	2	2
X^3	2	2	2

X^0	2	26	23
X^1	1	29	25
X^2	2	33	32
X^3	1	21	20

X^0	1	17	2
X^1	1	20	6
X^2	0	12	5
X^3	4	13	10

X^0	2	4	2
X^1	1	2	1
X^2	1	2	1
X^3	0	1	0

X^0	4	10	4
X^1	2	10	5
X^2	1	10	5
X^3	0	14	10

X^0	4	5	4
X^1	5	9	5
X^2	0	5	1
X^3	0	2	0

X^0	2	2	2
X^1	2	2	2
X^2	1	1	1
X^3	0	0	0

X^0	2	5	2
X^1	2	4	2
X^2	2	2	2
X^3	3	3	3

X^0	1	2	1
X^1	2	3	2
X^2	1	1	1
X^3	1	1	1

X^0	2	9	4
X^1	1	9	3
X^2	0	12	7
X^3	1	9	2

X^0	2	17	8
X^1	1	10	9
X^2	1	1	1
X^3	1	1	1

X^0	3	11	8
X^1	3	13	10
X^2	5	14	11
X^3	3	6	3

X^0	1	2	1
X^1	5	5	5
X^2	1	3	2
X^3	1	6	2

X^0	6	44	31
X^1	6	49	37
X^2	6	33	31
X^3	0	20	17

X^0	1	1	1
X^1	0	1	0
X^2	1	1	1
X^3	0	3	2

X^0	3	10	3
X^1	3	8	3
X^2	3	4	3
X^3	2	9	6

X^0	0	19	8
X^1	0	21	10
X^2	0	16	8
X^3	4	16	9

X^0	1	15	11
X^1	1	12	7
X^2	0	9	4
X^3	0	0	0

X^0	1	2	1
X^1	1	3	2
X^2	0	4	3
X^3	0	2	0

X^0	4	17	11
X^1	1	14	8
X^2	1	8	1
X^3	2	13	4

X^0	2	2	2
X^1	2	2	2
X^2	0	0	0
X^3	2	2	2

X^0	1	10	8
X^1	1	9	7
X^2	0	12	9
X^3	0	1	0

X^0	4	9	6
X^1	3	7	5
X^2	1	2	1
X^3	2	8	5

X^0	1	1	1
X^1	1	1	1
X^2	1	1	1
X^3	0	0	0

X^0	3	3	3
X^1	3	3	3
X^2	4	4	4
X^3	0	0	0

X^0	1	28	24
X^1	1	30	24
X^2	1	25	13
X^3	4	32	28

X^0	3	8	5
X^1	5	10	5
X^2	2	7	2
X^3	2	7	2

X^0	2	29	25
X^1	2	31	28
X^2	3	31	25
X^3	1	37	34

X^0	4	4	4
X^1	4	4	4
X^2	8	12	9
X^3	1	1	1

X^0	2	3	2
X^1	2	6	4
X^2	2	5	3
X^3	2	2	2

X^0	2	48	46
X^1	2	41	39
X^2	2	47	43
X^3	1	50	45

X^0	1	8	4
X^1	0	11	5
X^2	2	10	2
X^3	0	7	3

X^0	1	3	1
X^1	0	5	1
X^2	0	3	1
X^3	1	3	2

X^0	5	5	5
X^1	4	4	4
X^2	0	3	0
X^3	0	4	0

X^0	0	25	19
X^1	0	22	18
X^2	0	22	20
X^3	0	11	6

X^0	0	647	642
X^1	3	651	647
X^2	2	648	500
X^3	0	645	500

X^0	3	3	3
X^1	0	0	0
X^2	0	0	0
X^3	1	1	1

X^0	0	0	0
X^1	0	0	0
X^2	2	2	2
X^3	0	0	0

X^0	0	2	1
X^1	0	2	1
X^2	0	0	0
X^3	0	0	0

X^0	2	33	19
X^1	0	36	17
X^2	0	22	21
X^3	0	15	13

X^0	2	4	2
X^1	2	5	2
X^2	2	3	2
X^3	0	5	2

X^0	1	1	1
X^1	0	0	0
X^2	0	0	0
X^3	0	0	0

X^0	4	12	8
X^1	1	4	1
X^2	1	4	1
X^3	3	10	6

X^0	1	12	8
X^1	7	19	14
X^2	0	10	6
X^3	0	11	7

X^0	5	11	9
X^1	0	5	3
X^2	0	4	1
X^3	2	5	3

X^0	3	3	3
X^1	2	2	2
X^2	3	3	3
X^3	0	0	0

X^0	4	54	47
X^1	4	50	38
X^2	4	27	18
X^3	4	4	4

X^0	7	116	84
X^1	1	103	75
X^2	1	70	65
X^3	0	34	33

X^0	1	38	37
X^1	1	38	37
X^2	1	31	30
X^3	1	39	37

X^0	1	2	1
X^1	5	6	5
X^2	1	1	1
X^3	1	2	1

X^0	3	3	3
X^1	1	3	1
X^2	3	3	3
X^3	5	7	5

X^0	4	6	4
X^1	3	3	3
X^2	3	3	3
X^3	5	6	5

X^0	3	5	3
X^1	3	5	3
X^2	3	5	3
X^3	3	3	3

X^0	2	19	17
X^1	4	17	13
X^2	0	20	19
X^3	0	13	13

X^0	2	167	90
X^1	2	176	95
X^2	2	87	87
X^3	0	88	82

X^0	2	13	8
X^1	3	11	7
X^2	2	7	3
X^3	2	6	4

X^0	7	7	7
X^1	3	3	3
X^2	0	0	0
X^3	3	3	3

X^0	2	2	2
X^1	1	1	1
X^2	1	1	1
X^3	0	0	0

X^0	1	2	1
X^1	1	3	1
X^2	1	2	1
X^3	4	6	4

X^0	1	1	1
X^1	1	1	1
X^2	1	1	1
X^3	0	0	0

X^0	1	1	1
X^1	1	1	1
X^2	1	1	1
X^3	1	1	1

X^0	1	8	4
X^1	2	7	4
X^2	5	8	5
X^3	1	2	1

X^0	2	2	2
X^1	0	2	0
X^2	0	2	1
X^3	0	1	0

X^0	5	326	225
X^1	2	324	219
X^2	2	215	212
X^3	1	113	107

X^0	2	7	6
X^1	1	5	3
X^2	0	4	2
X^3	1	5	2

X^0	3	3	3
X^1	3	4	3
X^2	3	7	3
X^3	3	3	3

X^0	3	3	3
X^1	1	3	1
X^2	2	3	2
X^3	0	1	0

X^0	4	25	20
X^1	4	23	19
X^2	4	34	30
X^3	5	27	19

X^0	0	0	0
X^1	0	0	0
X^2	0	0	0
X^3	0	0	0

X^0	0	0	0
X^1	0	0	0
X^2	0	0	0
X^3	0	0	0

X^0	2	2	2
X^1	2	2	2
X^2	2	2	2
X^3	0	0	0

X^0	3	61	50
X^1	3	64	61
X^2	3	64	61
X^3	1	55	49

X^0	1	1	1
X^1	0	0	0
X^2	0	0	0
X^3	2	10	6

X^0	1	1	1
X^1	1	1	1
X^2	1	1	1
X^3	0	0	0

X^0	2	4	2
X^1	3	7	3
X^2	2	2	2
X^3	2	2	2

X^0	1	1	1
X^1	1	1	1
X^2	1	1	1
X^3	2	2	2

X^0	3	13	10
X^1	3	13	10
X^2	0	10	6
X^3	0	6	2

X^0	4	6	4
X^1	1	2	1
X^2	0	1	0
X^3	1	1	1

X^0	3	4	3
X^1	1	2	1
X^2	0	1	0
X^3	2	3	2

X^0	3	3	3
X^1	2	3	2
X^2	1	2	1
X^3	0	1	0

X^0	1	31	17
X^1	3	35	18
X^2	0	19	17
X^3	2	17	15

X^0	2	11	9
X^1	1	3	1
X^2	1	1	1
X^3	3	8	6

X^0	4	7	5
X^1	2	6	2
X^2	0	3	2
X^3	0	2	1

X^0	3	22	21
X^1	1	19	18
X^2	1	21	19
X^3	0	19	16

X^0	2	4	2
X^1	2	3	2
X^2	1	1	1
X^3	1	1	1

X^0	0	18	13
X^1	5	29	28
X^2	3	22	19
X^3	1	14	13

X^0	4	21	17
X^1	2	19	14
X^2	1	9	3
X^3	2	16	12

X^0	9	10	9
X^1	2	17	16
X^2	2	27	25
X^3	1	10	9

X^0	2	82	78
X^1	2	72	66
X^2	2	80	76
X^3	2	2	2

X^0	3	24	14
X^1	2	20	9
X^2	2	10	6
X^3	0	11	5

X^0	1	92	55
X^1	1	93	56
X^2	4	69	65
X^3	7	42	35

X^0	3	15	11
X^1	3	11	8
X^2	3	16	10
X^3	3	3	3

X^0	1	26	21
X^1	1	23	18
X^2	0	18	12
X^3	1	14	9

X^0	2	2	2
X^1	2	2	2
X^2	1	1	1
X^3	0	0	0

X^0	3	7	3
X^1	3	9	5
X^2	3	6	3
X^3	0	6	3

X^0	0	1	0
X^1	1	2	1
X^2	0	0	0
X^3	3	3	3

X^0	3	136	69
X^1	3	141	68
X^2	3	78	74
X^3	1	67	64

X^0	6	6	6
X^1	1	1	1
X^2	0	0	0
X^3	3	3	3

X^0	1	3	1
X^1	0	1	0
X^2	0	0	0
X^3	1	1	1

X^0	2	2	2
X^1	1	1	1
X^2	7	7	7
X^3	1	1	1

X^0	2	2	2
X^1	2	2	2
X^2	2	4	2
X^3	2	2	2

X^0	2	6	2
X^1	5	5	5
X^2	3	8	3
X^3	2	7	2

X^0	0	23	19
X^1	0	23	19
X^2	0	23	16
X^3	1	24	22

X^0	3	11	7
X^1	1	9	3
X^2	1	6	3
X^3	4	9	7

X^0	0	15	9
X^1	0	17	11
X^2	0	15	10
X^3	0	10	5

X^0	1	131	83
X^1	2	132	86
X^2	1	88	87
X^3	1	45	44

X^0	1	29	11
X^1	1	36	20
X^2	0	23	17
X^3	1	15	12

X^0	3	116	112
X^1	3	113	107
X^2	3	115	110
X^3	1	109	104

X^0	1	3	1
X^1	1	2	1
X^2	1	4	3
X^3	0	2	1

X^0	1	2	1
X^1	1	2	1
X^2	1	3	2
X^3	0	0	0

X^0	1	13	9
X^1	2	15	8
X^2	5	18	16
X^3	0	9	5

X^0	2	8	5
X^1	1	5	2
X^2	1	6	5
X^3	4	10	9

X^0	2	15	11
X^1	2	17	15
X^2	1	13	12
X^3	2	17	15

X^0	3	24	20
X^1	2	18	15
X^2	0	16	7
X^3	0	16	13

X^0	0	1	0
X^1	0	1	0
X^2	1	13	12
X^3	0	24	23

X^0	1	3	1
X^1	4	8	4
X^2	1	2	1
X^3	2	4	2

X^0	2	3	2
X^1	2	3	2
X^2	0	1	0
X^3	0	0	0

X^0	4	4	4
X^1	2	2	2
X^2	2	2	2
X^3	2	6	4

X^0	5	29	16
X^1	1	29	16
X^2	0	18	17
X^3	4	16	16

X^0	1	54	50
X^1	1	54	47
X^2	1	7	1
X^3	2	28	21

X^0	3	10	7
X^1	0	11	10
X^2	0	6	1
X^3	0	7	5

X^0	1	1	1
X^1	1	1	1
X^2	1	1	1
X^3	1	1	1

X^0	3	4	3
X^1	1	4	1
X^2	1	3	1
X^3	1	1	1

X^0	4	12	8
X^1	1	11	8
X^2	0	4	0
X^3	0	1	0

X^0	2	4	2
X^1	2	4	2
X^2	2	4	2
X^3	1	5	3

X^0	5	9	5
X^1	1	4	1
X^2	1	1	1
X^3	1	1	1

X^0	1	19	11
X^1	1	19	13
X^2	2	18	11
X^3	0	11	3

X^0	1	28	13
X^1	1	31	14
X^2	1	18	15
X^3	0	15	10

X^0	1	9	8
X^1	1	1	1
X^2	6	6	6
X^3	2	9	8

X^0	3	8	4
X^1	3	3	3
X^2	3	3	3
X^3	3	3	3

X^0	1	4	3
X^1	0	4	3
X^2	0	0	0
X^3	3	7	5

X^0	2	3	2
X^1	1	3	1
X^2	3	4	3
X^3	1	4	1

X^0	1	19	13
X^1	1	19	16
X^2	1	24	19
X^3	0	19	15

X^0	0	1	0
X^1	0	1	0
X^2	1	1	1
X^3	0	4	2

X^0	3	4	3
X^1	4	5	4
X^2	1	2	1
X^3	1	3	1

X^0	2	23	10
X^1	0	21	10
X^2	0	16	9
X^3	0	12	6

X^0	1	1	1
X^1	1	1	1
X^2	1	1	1
X^3	0	0	0

X^0	2	20	4
X^1	2	17	2
X^2	2	19	7
X^3	4	16	6

X^0	2	17	12
X^1	1	9	4
X^2	0	8	1
X^3	1	4	1

X^0	2	4	2
X^1	3	10	7
X^2	0	4	2
X^3	0	4	0

X^0	4	4	4
X^1	1	2	1
X^2	0	2	1
X^3	0	0	0

X^0	2	3	2
X^1	1	4	3
X^2	0	8	7
X^3	3	17	13

X^0	5	28	26
X^1	0	26	25
X^2	0	19	16
X^3	0	12	11

X^0	2	274	271
X^1	2	270	268
X^2	2	263	257
X^3	1	263	261

X^0	0	2	0
X^1	1	4	2
X^2	3	5	3
X^3	1	2	1

X^0	4	947	500
X^1	5	939	500
X^2	5	936	500
X^3	3	937	500

X^0	2	2	2
X^1	1	1	1
X^2	1	1	1
X^3	0	0	0

X^0	1	36	33
X^1	0	36	33
X^2	1	37	31
X^3	1	21	18

X^0	7	7	7
X^1	0	6	0
X^2	5	5	5
X^3	0	5	1

X^0	1	1	1
X^1	2	4	3
X^2	0	0	0
X^3	0	0	0

X^0	2	215	209
X^1	1	194	188
X^2	1	190	188
X^3	0	165	162

X^0	2	2	2
X^1	2	2	2
X^2	2	2	2
X^3	2	2	2

X^0	2	7	5
X^1	2	5	4
X^2	0	7	6
X^3	0	5	0

X^0	5	17	12
X^1	5	17	12
X^2	5	14	11
X^3	5	7	5

X^0	1	74	72
X^1	0	70	68
X^2	0	67	65
X^3	1	71	67

X^0	2	4	2
X^1	2	3	2
X^2	2	2	2
X^3	0	2	0

X^0	3	37	29
X^1	3	27	20
X^2	2	36	29
X^3	0	1	0

X^0	5	5	5
X^1	4	4	4
X^2	4	4	4
X^3	1	1	1

X^0	1	1	1
X^1	0	0	0
X^2	1	1	1
X^3	2	2	2

X^0	1	7	4
X^1	2	12	8
X^2	1	6	1
X^3	1	7	4

X^0	3	3	3
X^1	2	2	2
X^2	2	2	2
X^3	2	2	2

X^0	2	2	2
X^1	2	2	2
X^2	2	2	2
X^3	1	1	1

X^0	1	21	18
X^1	1	21	18
X^2	0	23	16
X^3	1	26	19

X^0	3	4	3
X^1	2	3	2
X^2	2	2	2
X^3	2	2	2

X^0	1	51	47
X^1	0	53	49
X^2	0	23	20
X^3	0	0	0

X^0	1	3	1
X^1	6	7	6
X^2	3	3	3
X^3	3	6	3

X^0	1	6	6
X^1	1	6	6
X^2	0	6	6
X^3	0	0	0

X^0	3	11	8
X^1	1	10	7
X^2	1	10	5
X^3	1	9	4

X^0	3	18	11
X^1	3	14	8
X^2	0	8	4
X^3	0	0	0

X^0	4	9	5
X^1	1	1	1
X^2	1	1	1
X^3	1	1	1

X^0	4	38	22
X^1	2	38	22
X^2	0	26	17
X^3	2	18	12

X^0	1	1	1
X^1	1	1	1
X^2	3	3	3
X^3	0	0	0

X^0	0	1	0
X^1	0	1	0
X^2	3	6	5
X^3	0	3	0

X^0	1	20	11
X^1	0	17	9
X^2	0	13	7
X^3	2	11	6

X^0	2	57	50
X^1	2	57	50
X^2	2	50	50
X^3	1	49	48

X^0	3	15	14
X^1	4	13	6
X^2	6	9	7
X^3	1	1	1

X^0	1	4	4
X^1	2	5	3
X^2	1	4	4
X^3	4	7	7

X^0	4	30	15
X^1	2	29	11
X^2	2	22	19
X^3	2	13	10

X^0	6	21	6
X^1	4	21	5
X^2	4	14	6
X^3	4	4	4

X^0	2	3	2
X^1	1	3	1
X^2	1	3	1
X^3	2	4	2

X^0	1	19	17
X^1	0	18	15
X^2	0	20	18
X^3	0	13	10

X^0	2	4	2
X^1	2	2	2
X^2	2	2	2
X^3	0	1	0

X^0	3	3	3
X^1	3	3	3
X^2	2	8	2
X^3	2	2	2

X^0	4	4	4
X^1	3	3	3
X^2	2	2	2
X^3	3	3	3

X^0	3	20	10
X^1	3	17	7
X^2	1	12	2
X^3	1	10	1

X^0	2	2	2
X^1	0	0	0
X^2	0	0	0
X^3	0	0	0

X^0	2	13	9
X^1	1	8	1
X^2	3	12	9
X^3	0	9	6

X^0	5	7	5
X^1	4	4	4
X^2	4	4	4
X^3	0	4	0

X^0	4	7	4
X^1	4	9	4
X^2	4	10	4
X^3	0	10	6

X^0	0	17	7
X^1	0	16	7
X^2	4	16	13
X^3	1	7	6

X^0	3	5	4
X^1	1	1	1
X^2	1	1	1
X^3	1	1	1

X^0	1	89	87
X^1	1	89	87
X^2	1	88	84
X^3	1	1	1

X^0	4	4	4
X^1	0	1	0
X^2	2	5	3
X^3	0	1	0

X^0	2	5	2
X^1	2	3	2
X^2	1	2	1
X^3	2	3	2

X^0	3	3	3
X^1	3	3	3
X^2	2	2	2
X^3	2	2	2

X^0	0	3	0
X^1	0	3	0
X^2	0	3	0
X^3	0	3	0

X^0	2	10	8
X^1	2	9	7
X^2	2	2	2
X^3	2	8	6

X^0	4	23	18
X^1	1	13	12
X^2	1	10	8
X^3	1	1	1

X^0	1	1	1
X^1	1	1	1
X^2	0	0	0
X^3	1	4	3

X^0	3	11	7
X^1	1	7	3
X^2	1	6	2
X^3	1	5	1

X^0	1	1	1
X^1	3	5	4
X^2	2	2	2
X^3	0	0	0

X^0	1	3	3
X^1	0	1	0
X^2	1	1	1
X^3	0	0	0

X^0	1	4	3
X^1	2	6	3
X^2	1	4	1
X^3	0	2	1

X^0	2	6	2
X^1	2	2	2
X^2	2	2	2
X^3	0	0	0

X^0	1	42	24
X^1	1	28	18
X^2	1	21	15
X^3	0	7	7

X^0	0	5	2
X^1	0	2	0
X^2	1	1	1
X^3	0	5	1

X^0	1	5	2
X^1	9	12	9
X^2	1	4	1
X^3	3	3	3

X^0	3	5	3
X^1	2	7	4
X^2	1	5	2
X^3	0	1	0

X^0	1	19	13
X^1	1	20	12
X^2	1	14	10
X^3	1	10	5

X^0	4	26	17
X^1	4	28	19
X^2	2	22	18
X^3	0	14	8

X^0	1	7	4
X^1	0	3	1
X^2	2	6	2
X^3	0	2	0

X^0	1	4	1
X^1	1	3	1
X^2	4	7	4
X^3	1	1	1

X^0	3	33	28
X^1	3	29	25
X^2	3	28	22
X^3	3	3	3

X^0	1	15	5
X^1	0	20	7
X^2	0	15	10
X^3	0	8	4

X^0	2	5	2
X^1	3	9	7
X^2	1	2	1
X^3	1	1	1

X^0	2	6	2
X^1	2	6	2
X^2	1	3	1
X^3	1	2	1

X^0	1	13	9
X^1	1	19	16
X^2	1	33	30
X^3	1	13	9

X^0	1	90	89
X^1	1	95	93
X^2	1	95	93
X^3	1	101	98

X^0	4	4	4
X^1	3	4	3
X^2	2	4	2
X^3	4	4	4

X^0	5	25	20
X^1	5	20	15
X^2	5	20	13
X^3	0	5	0

X^0	1	3	1
X^1	1	5	1
X^2	3	5	3
X^3	1	3	1

X^0	2	6	2
X^1	4	6	4
X^2	8	8	8
X^3	0	4	1

X^0	5	26	15
X^1	1	28	16
X^2	4	19	17
X^3	0	9	7

X^0	1	6	1
X^1	3	8	3
X^2	1	7	5
X^3	3	6	4

X^0	3	13	10
X^1	1	10	4
X^2	1	9	5
X^3	0	6	2

X^0	3	19	15
X^1	3	20	15
X^2	1	15	13
X^3	1	4	1

X^0	1	72	71
X^1	1	72	71
X^2	1	77	75
X^3	1	75	74

X^0	3	5	3
X^1	2	4	2
X^2	3	6	3
X^3	0	3	0

X^0	3	3	3
X^1	3	3	3
X^2	3	3	3
X^3	3	3	3

X^0	0	20	9
X^1	0	14	9
X^2	0	11	8
X^3	0	5	1

X^0	0	255	252
X^1	0	255	253
X^2	0	255	253
X^3	0	253	251

X^0	2	143	96
X^1	2	151	97
X^2	1	100	97
X^3	2	53	50

X^0	1	19	17
X^1	1	17	11
X^2	0	13	9
X^3	0	16	13

X^0	1	1	1
X^1	1	1	1
X^2	0	0	0
X^3	1	1	1

X^0	2	21	11
X^1	2	21	8
X^2	2	12	9
X^3	0	10	8

X^0	2	2	2
X^1	2	2	2
X^2	0	1	0
X^3	1	3	1

X^0	8	13	8
X^1	4	8	4
X^2	1	5	1
X^3	1	5	1

X^0	1	1	1
X^1	0	0	0
X^2	0	0	0
X^3	0	0	0

X^0	4	4	4
X^1	0	0	0
X^2	1	2	2
X^3	6	6	6

X^0	4	33	18
X^1	1	25	14
X^2	2	19	14
X^3	0	11	6

X^0	0	20	17
X^1	1	27	24
X^2	3	31	28
X^3	0	20	16

X^0	3	9	5
X^1	3	9	7
X^2	1	10	8
X^3	3	12	10

X^0	1	6	4
X^1	2	8	2
X^2	1	6	1
X^3	0	0	0

X^0	3	9	5
X^1	3	10	7
X^2	1	7	5
X^3	0	4	0

X^0	3	27	13
X^1	0	25	13
X^2	0	15	12
X^3	0	0	0

X^0	2	36	20
X^1	1	35	20
X^2	2	35	20
X^3	1	24	9

X^0	2	12	7
X^1	1	6	1
X^2	1	9	3
X^3	0	9	1

X^0	1	9	2
X^1	0	12	3
X^2	2	9	6
X^3	0	0	0

X^0	5	11	6
X^1	1	4	4
X^2	0	0	0
X^3	5	7	7

X^0	6	13	9
X^1	2	11	7
X^2	2	12	8
X^3	1	10	5

X^0	2	2	2
X^1	2	2	2
X^2	2	2	2
X^3	0	0	0

X^0	2	557	273
X^1	1	554	271
X^2	1	283	278
X^3	1	281	277

X^0	4	5	4
X^1	2	8	2
X^2	1	5	1
X^3	0	4	0

X^0	1	1	1
X^1	1	1	1
X^2	1	1	1
X^3	0	0	0

X^0	1	1	1
X^1	3	3	3
X^2	1	1	1
X^3	1	1	1

X^0	5	12	11
X^1	1	7	6
X^2	0	3	1
X^3	1	6	4

X^0	2	11	9
X^1	2	10	8
X^2	1	5	1
X^3	0	0	0

X^0	1	28	15
X^1	2	33	19
X^2	0	21	15
X^3	3	18	10

X^0	3	3	3
X^1	2	5	2
X^2	1	3	1
X^3	0	0	0

X^0	2	2	2
X^1	2	2	2
X^2	3	3	3
X^3	1	1	1

X^0	1	6	4
X^1	3	8	4
X^2	1	6	4
X^3	3	7	5

X^0	9	11	9
X^1	10	12	10
X^2	2	7	2
X^3	0	3	0

X^0	8	29	27
X^1	8	29	26
X^2	0	18	15
X^3	0	16	14

X^0	6	6	6
X^1	8	9	8
X^2	7	7	7
X^3	4	5	4

X^0	2	12	9
X^1	2	10	7
X^2	0	9	7
X^3	1	9	7

X^0	0	35	20
X^1	0	35	20
X^2	0	23	20
X^3	0	15	11

X^0	2	6	4
X^1	4	10	7
X^2	2	6	5
X^3	1	3	1

X^0	1	1	1
X^1	3	3	3
X^2	0	0	0
X^3	0	1	0

X^0	2	3	2
X^1	2	3	2
X^2	1	2	1
X^3	1	1	1

X^0	3	7	3
X^1	3	13	7
X^2	3	7	3
X^3	3	4	3

X^0	0	4	0
X^1	6	6	6
X^2	0	0	0
X^3	0	0	0

X^0	1	26	17
X^1	1	16	15
X^2	1	8	5
X^3	1	1	1

X^0	0	61	39
X^1	3	64	43
X^2	0	41	40
X^3	0	21	20

X^0	1	4	2
X^1	3	6	4
X^2	1	3	1
X^3	0	2	0

X^0	1	596	301
X^1	2	595	299
X^2	2	297	293
X^3	3	303	299

X^0	1	3	1
X^1	2	3	2
X^2	1	1	1
X^3	0	0	0

X^0	0	8	6
X^1	1	8	6
X^2	0	6	4
X^3	4	9	7

X^0	2	46	45
X^1	2	47	45
X^2	1	47	46
X^3	3	45	43

X^0	2	24	24
X^1	2	44	25
X^2	0	23	22
X^3	1	18	17

X^0	4	15	7
X^1	4	13	7
X^2	3	19	13
X^3	0	12	3

X^0	3	9	6
X^1	4	10	7
X^2	3	5	3
X^3	3	3	3

X^0	5	5	5
X^1	3	3	3
X^2	2	2	2
X^3	0	0	0

X^0	6	12	6
X^1	4	7	4
X^2	1	4	1
X^3	1	3	1

X^0	1	10	6
X^1	1	11	7
X^2	2	12	7
X^3	0	7	3

X^0	1	2	1
X^1	2	4	2
X^2	1	2	1
X^3	0	1	0

X^0	1	9	6
X^1	0	9	6
X^2	0	9	6
X^3	5	14	11

X^0	0	3	0
X^1	2	3	2
X^2	0	3	0
X^3	1	14	11

X^0	4	4	4
X^1	3	3	3
X^2	1	3	1
X^3	1	4	1

X^0	1	1	1
X^1	1	1	1
X^2	10	10	10
X^3	2	2	2

X^0	4	9	4
X^1	6	8	6
X^2	4	7	4
X^3	0	6	0

X^0	6	10	6
X^1	1	3	1
X^2	1	2	1
X^3	5	7	5

X^0	2	10	8
X^1	2	11	5
X^2	2	4	2
X^3	1	11	9

X^0	0	6	3
X^1	0	3	0
X^2	1	1	1
X^3	0	0	0

X^0	0	3	1
X^1	0	6	4
X^2	0	5	3
X^3	0	4	1

X^0	1	10	7
X^1	1	2	1
X^2	1	1	1
X^3	0	2	0

X^0	4	211	106
X^1	2	210	102
X^2	1	107	103
X^3	2	105	103

X^0	3	9	3
X^1	3	9	5
X^2	3	9	5
X^3	1	7	3

X^0	2	25	15
X^1	1	25	8
X^2	1	17	11
X^3	8	23	18

X^0	1	3	1
X^1	0	3	0
X^2	0	2	0
X^3	5	6	5

X^0	3	6	3
X^1	1	3	1
X^2	1	3	1
X^3	0	3	1

X^0	3	3	3
X^1	3	3	3
X^2	3	3	3
X^3	3	7	3

X^0	3	13	3
X^1	3	10	3
X^2	3	7	3
X^3	3	3	3

X^0	2	10	5
X^1	3	10	4
X^2	2	8	4
X^3	0	3	0

X^0	3	39	27
X^1	1	36	24
X^2	1	24	12
X^3	1	14	1

X^0	1	4	1
X^1	1	2	1
X^2	1	2	1
X^3	0	0	0

X^0	2	16	12
X^1	1	11	6
X^2	1	1	1
X^3	0	0	0

X^0	3	4	3
X^1	3	3	3
X^2	1	2	1
X^3	2	5	2

X^0	1	6	5
X^1	0	5	3
X^2	1	4	3
X^3	0	0	0

X^0	1	6	3
X^1	1	5	2
X^2	1	5	1
X^3	0	4	0

X^0	2	180	178
X^1	2	180	178
X^2	2	180	178
X^3	0	176	174

X^0	4	4	4
X^1	2	2	2
X^2	1	1	1
X^3	2	2	2

X^0	1	29	26
X^1	1	1	1
X^2	1	25	23
X^3	1	20	16

X^0	1	1	1
X^1	3	3	3
X^2	1	1	1
X^3	0	0	0

X^0	1	14	11
X^1	3	12	10
X^2	0	11	8
X^3	3	8	5

X^0	3	3	3
X^1	2	2	2
X^2	2	2	2
X^3	1	1	1

X^0	0	37	35
X^1	0	34	32
X^2	0	33	29
X^3	0	29	23

X^0	3	8	6
X^1	5	7	7
X^2	0	0	0
X^3	1	6	5

X^0	4	35	15
X^1	3	35	15
X^2	3	18	15
X^3	4	22	19

X^0	2	10	6
X^1	1	10	6
X^2	0	4	0
X^3	0	2	0

X^0	1	1	1
X^1	2	2	2
X^2	0	0	0
X^3	0	0	0

X^0	4	17	9
X^1	1	4	1
X^2	1	2	1
X^3	0	12	5

X^0	4	18	14
X^1	4	18	14
X^2	4	12	5
X^3	1	17	13

X^0	1	1	1
X^1	1	1	1
X^2	1	1	1
X^3	1	1	1

X^0	1	3	2
X^1	1	3	2
X^2	1	4	3
X^3	3	5	3

X^0	2	8	3
X^1	3	10	6
X^2	2	7	3
X^3	0	6	1

X^0	1	28	25
X^1	0	25	21
X^2	0	29	26
X^3	3	29	26

X^0	2	2	2
X^1	2	2	2
X^2	4	4	4
X^3	1	1	1

X^0	2	6	3
X^1	1	2	1
X^2	1	1	1
X^3	0	2	0

X^0	1	2	1
X^1	0	0	0
X^2	2	2	2
X^3	0	0	0

X^0	0	41	40
X^1	1	24	22
X^2	0	22	21
X^3	0	21	19

X^0	3	4	3
X^1	2	2	2
X^2	2	2	2
X^3	0	0	0

X^0	2	14	8
X^1	0	11	5
X^2	0	6	6
X^3	0	2	0

X^0	3	6	5
X^1	1	4	1
X^2	0	4	2
X^3	0	3	1

X^0	1	1	1
X^1	1	1	1
X^2	1	1	1
X^3	0	0	0

X^0	1	5	2
X^1	0	4	2
X^2	1	8	5
X^3	2	5	2

X^0	6	26	17
X^1	3	23	13
X^2	1	15	4
X^3	1	18	5

X^0	2	40	18
X^1	1	40	19
X^2	1	47	44
X^3	7	31	28

X^0	6	19	12
X^1	1	18	11
X^2	1	15	1
X^3	0	12	5

X^0	1	405	269
X^1	4	413	277
X^2	1	275	274
X^3	0	136	132

X^0	1	4	1
X^1	4	6	4
X^2	1	3	2
X^3	5	5	5

X^0	1	14	9
X^1	1	15	11
X^2	1	9	5
X^3	3	17	13

X^0	1	1	1
X^1	1	1	1
X^2	0	0	0
X^3	0	0	0

X^0	2	2	2
X^1	0	0	0
X^2	0	0	0
X^3	0	0	0

X^0	1	1	1
X^1	1	1	1
X^2	1	2	1
X^3	0	0	0

X^0	2	30	24
X^1	3	33	20
X^2	7	30	20
X^3	0	18	14

X^0	1	1	1
X^1	2	2	2
X^2	2	2	2
X^3	1	1	1

X^0	3	318	313
X^1	2	317	312
X^2	2	312	308
X^3	0	315	315

X^0	1	1	1
X^1	1	1	1
X^2	1	1	1
X^3	1	1	1

X^0	1	1	1
X^1	2	3	2
X^2	1	1	1
X^3	1	1	1

X^0	2	44	41
X^1	2	45	40
X^2	2	46	41
X^3	2	46	43

X^0	1	21	19
X^1	1	24	19
X^2	1	23	21
X^3	6	24	22

X^0	2	2	2
X^1	2	2	2
X^2	2	2	2
X^3	3	6	3

X^0	1	91	46
X^1	0	92	49
X^2	0	51	49
X^3	0	43	39

X^0	3	3	3
X^1	3	3	3
X^2	3	4	3
X^3	3	3	3

X^0	8	13	8
X^1	2	7	2
X^2	2	7	2
X^3	1	6	1

X^0	1	1	1
X^1	1	1	1
X^2	1	3	2
X^3	1	1	1

X^0	0	3	1
X^1	0	2	0
X^2	0	0	0
X^3	0	0	0

X^0	2	2	2
X^1	0	0	0
X^2	0	0	0
X^3	1	2	2

X^0	3	3	3
X^1	2	2	2
X^2	2	2	2
X^3	2	2	2

X^0	2	2	2
X^1	1	1	1
X^2	1	1	1
X^3	1	1	1

X^0	3	5	3
X^1	3	3	3
X^2	4	4	4
X^3	1	4	1

X^0	2	4	2
X^1	4	5	4
X^2	3	6	3
X^3	1	6	1

X^0	6	14	6
X^1	3	16	9
X^2	5	20	16
X^3	1	17	13

X^0	3	6	3
X^1	1	4	1
X^2	0	0	0
X^3	3	3	3

X^0	0	7	4
X^1	0	9	6
X^2	0	6	5
X^3	8	13	13

X^0	9	18	9
X^1	1	9	1
X^2	1	1	1
X^3	0	1	0

X^0	0	10	5
X^1	0	10	5
X^2	0	10	8
X^3	0	9	7

X^0	2	3	2
X^1	3	4	3
X^2	3	3	3
X^3	0	0	0

X^0	4	9	8
X^1	1	2	1
X^2	5	9	8
X^3	0	0	0

X^0	1	1	1
X^1	0	0	0
X^2	1	1	1
X^3	1	1	1

X^0	2	13	7
X^1	1	13	7
X^2	1	8	7
X^3	1	6	1

X^0	5	13	7
X^1	2	9	3
X^2	0	6	1
X^3	2	9	4

X^0	3	4	3
X^1	3	3	3
X^2	0	0	0
X^3	0	3	0

X^0	1	16	14
X^1	6	20	18
X^2	0	9	6
X^3	0	5	0

X^0	3	5	3
X^1	4	5	4
X^2	1	2	2
X^3	0	0	0

Average
X^0	2.26200000000000	25.4200000000000	17.9750000000000
X^1	1.85700000000000	24.7520000000000	17.1130000000000
X^2	1.49600000000000	19.2470000000000	16.1990000000000
X^3	1.06700000000000	14.9410000000000	12.0250000000000

Deviation
X^0	1.75081580984409	74.6783074259185	54.3896715838586
X^1	1.56350599615096	74.7755340736527	51.8024153008332
X^2	1.60374062740831	59.2666347197139	49.3091816906345
X^3	1.42425805246100	53.5093965486437	42.0811403719053

Ratio of success: 1.00000000000000

----

