	Opt.	CR	FP
X^0	2	16	6
X^1	1	17	7
X^2	1	17	10
X^3	8	24	16
X^4	1	12	9
X^5	2	15	8
X^6	0	1	0

X^0	3	28	13
X^1	2	18	9
X^2	2	17	2
X^3	2	18	11
X^4	2	9	2
X^5	2	7	2
X^6	3	8	3

X^0	5	22	7
X^1	7	20	7
X^2	3	20	5
X^3	8	24	9
X^4	3	14	3
X^5	2	17	3
X^6	0	18	3

X^0	3	11	5
X^1	3	7	3
X^2	3	3	3
X^3	4	6	4
X^4	1	7	3
X^5	1	2	1
X^6	0	0	0

X^0	2	41	21
X^1	2	41	20
X^2	2	38	19
X^3	2	34	18
X^4	2	38	21
X^5	0	21	14
X^6	0	20	10

X^0	2	144	75
X^1	2	144	74
X^2	2	143	73
X^3	2	137	68
X^4	2	125	60
X^5	1	127	121
X^6	3	82	67

X^0	2	24	10
X^1	2	24	13
X^2	2	21	13
X^3	2	18	8
X^4	1	16	3
X^5	0	11	2
X^6	0	14	6

X^0	2	1077	705
X^1	1	1074	703
X^2	1	1068	703
X^3	1	889	524
X^4	1	563	344
X^5	1	371	343
X^6	0	224	188

X^0	2	7	2
X^1	4	9	4
X^2	2	5	2
X^3	2	4	2
X^4	2	2	2
X^5	5	6	5
X^6	2	6	2

X^0	2	11	6
X^1	2	9	5
X^2	2	6	2
X^3	4	8	4
X^4	1	5	1
X^5	1	1	1
X^6	5	12	6

X^0	4	27	17
X^1	4	20	10
X^2	4	22	11
X^3	4	18	7
X^4	2	20	10
X^5	2	4	2
X^6	0	19	7

X^0	3	28	14
X^1	3	35	15
X^2	3	25	13
X^3	4	26	14
X^4	3	19	12
X^5	0	21	11
X^6	0	23	10

X^0	5	44	23
X^1	11	50	30
X^2	1	40	24
X^3	6	42	12
X^4	1	22	1
X^5	4	4	4
X^6	0	39	17

X^0	6	256	128
X^1	1	258	125
X^2	4	255	131
X^3	0	244	125
X^4	0	239	121
X^5	3	124	118
X^6	3	135	123

X^0	4	30	17
X^1	4	30	18
X^2	5	25	20
X^3	4	23	18
X^4	1	14	4
X^5	2	7	2
X^6	1	3	1

X^0	3	65	55
X^1	3	64	52
X^2	3	60	46
X^3	3	61	48
X^4	1	58	53
X^5	0	53	49
X^6	0	57	47

X^0	3	52	36
X^1	3	47	34
X^2	3	47	26
X^3	3	14	11
X^4	2	3	2
X^5	2	2	2
X^6	3	45	41

X^0	3	274	133
X^1	1	274	135
X^2	2	270	137
X^3	3	264	132
X^4	1	250	125
X^5	1	137	128
X^6	1	3	1

X^0	4	97	49
X^1	4	97	49
X^2	4	96	46
X^3	4	94	44
X^4	4	81	47
X^5	0	47	37
X^6	0	53	43

X^0	2	42	17
X^1	1	45	20
X^2	1	41	17
X^3	3	41	19
X^4	1	33	17
X^5	0	27	14
X^6	0	22	2

X^0	1	38	26
X^1	2	43	31
X^2	1	38	26
X^3	1	39	28
X^4	1	31	24
X^5	1	35	31
X^6	0	36	30

X^0	4	152	85
X^1	3	156	87
X^2	5	155	85
X^3	4	146	76
X^4	1	130	63
X^5	0	67	63
X^6	0	93	62

X^0	3	11	5
X^1	3	13	5
X^2	1	14	4
X^3	1	19	11
X^4	1	8	7
X^5	9	22	21
X^6	2	4	2

X^0	0	39	19
X^1	0	43	23
X^2	1	42	22
X^3	1	37	17
X^4	1	34	15
X^5	2	24	3
X^6	0	8	0

X^0	2	26	15
X^1	2	27	13
X^2	1	27	11
X^3	2	30	15
X^4	1	29	18
X^5	3	24	17
X^6	1	15	5

X^0	4	19	10
X^1	2	19	6
X^2	2	18	9
X^3	2	11	5
X^4	2	10	2
X^5	2	9	4
X^6	0	7	1

X^0	4	100	63
X^1	7	102	63
X^2	2	99	58
X^3	0	74	39
X^4	0	76	39
X^5	0	57	21
X^6	0	76	39

X^0	1	33	19
X^1	2	35	22
X^2	2	37	22
X^3	2	37	21
X^4	2	33	21
X^5	2	27	20
X^6	2	23	7

X^0	2	11	3
X^1	2	13	3
X^2	2	12	5
X^3	2	11	2
X^4	2	10	4
X^5	3	11	4
X^6	0	4	0

X^0	1	13	8
X^1	3	16	10
X^2	1	12	7
X^3	1	13	7
X^4	2	13	7
X^5	2	12	7
X^6	1	20	14

X^0	2	11	7
X^1	2	9	6
X^2	2	8	2
X^3	2	10	2
X^4	2	7	2
X^5	2	2	2
X^6	0	8	3

X^0	1	1086	548
X^1	6	1086	545
X^2	6	1081	544
X^3	6	1076	532
X^4	6	1046	545
X^5	0	539	528
X^6	6	525	507

X^0	1	23	14
X^1	1	20	10
X^2	1	15	6
X^3	1	18	9
X^4	1	20	7
X^5	1	14	8
X^6	0	12	6

X^0	2	24	12
X^1	2	27	15
X^2	3	24	14
X^3	3	20	11
X^4	3	15	8
X^5	3	15	5
X^6	3	3	3

X^0	3	55	28
X^1	2	52	28
X^2	1	47	26
X^3	1	47	22
X^4	1	47	21
X^5	1	33	22
X^6	0	40	17

X^0	1	33	15
X^1	4	37	19
X^2	1	31	11
X^3	1	32	15
X^4	0	27	17
X^5	0	16	15
X^6	0	27	17

X^0	4	275	139
X^1	1	273	136
X^2	2	272	133
X^3	5	268	135
X^4	1	259	133
X^5	2	126	123
X^6	6	144	138

X^0	2	1031	521
X^1	2	1032	522
X^2	4	1033	523
X^3	1	1026	515
X^4	1	1022	513
X^5	3	523	518
X^6	0	519	516

X^0	3	12	5
X^1	3	11	3
X^2	2	10	5
X^3	4	13	7
X^4	2	10	2
X^5	2	9	2
X^6	1	10	1

X^0	2	65	58
X^1	3	65	58
X^2	2	63	55
X^3	1	61	55
X^4	2	61	54
X^5	1	54	54
X^6	3	62	55

X^0	4	24	14
X^1	3	20	15
X^2	3	20	15
X^3	3	20	8
X^4	3	3	3
X^5	3	3	3
X^6	0	23	10

X^0	1	7	3
X^1	1	7	3
X^2	8	16	10
X^3	1	8	2
X^4	5	10	8
X^5	0	4	2
X^6	0	2	0

X^0	1	36	17
X^1	1	32	16
X^2	3	30	16
X^3	4	23	12
X^4	4	25	12
X^5	4	14	4
X^6	1	24	9

X^0	3	60	26
X^1	2	62	28
X^2	1	55	25
X^3	1	50	28
X^4	1	46	23
X^5	1	21	20
X^6	0	37	25

X^0	3	20	6
X^1	4	20	4
X^2	2	16	4
X^3	4	15	10
X^4	2	14	5
X^5	3	9	3
X^6	2	14	9

X^0	3	45	19
X^1	3	44	19
X^2	3	33	17
X^3	1	21	3
X^4	1	23	10
X^5	0	0	0
X^6	1	23	9

X^0	3	34	15
X^1	3	31	14
X^2	0	24	11
X^3	2	23	9
X^4	1	20	5
X^5	0	18	4
X^6	0	14	2

X^0	2	192	97
X^1	2	191	97
X^2	5	196	99
X^3	2	191	94
X^4	1	189	96
X^5	1	101	92
X^6	0	6	0

X^0	2	17	10
X^1	1	16	8
X^2	1	18	6
X^3	3	21	10
X^4	0	12	6
X^5	0	5	2
X^6	2	9	7

X^0	1	59	32
X^1	1	58	31
X^2	1	57	30
X^3	1	59	33
X^4	1	45	17
X^5	1	26	15
X^6	0	44	29

X^0	2	52	24
X^1	3	53	26
X^2	1	49	23
X^3	1	50	27
X^4	0	49	24
X^5	0	32	27
X^6	1	31	20

X^0	1	21	12
X^1	1	21	14
X^2	1	21	14
X^3	1	19	8
X^4	1	14	9
X^5	1	5	1
X^6	0	15	8

X^0	2	14	3
X^1	6	19	9
X^2	3	14	7
X^3	3	13	5
X^4	1	9	1
X^5	3	3	3
X^6	0	12	2

X^0	3	79	53
X^1	3	73	54
X^2	3	71	54
X^3	3	71	58
X^4	3	62	51
X^5	1	69	47
X^6	1	1	1

X^0	3	76	37
X^1	3	75	35
X^2	3	77	38
X^3	3	74	37
X^4	3	69	34
X^5	3	39	38
X^6	5	47	39

X^0	1	28	18
X^1	1	29	15
X^2	0	31	20
X^3	0	27	16
X^4	1	24	16
X^5	1	17	16
X^6	0	17	8

X^0	5	277	100
X^1	5	275	98
X^2	5	272	95
X^3	5	183	98
X^4	5	226	90
X^5	5	136	74
X^6	1	182	104

X^0	3	26	15
X^1	2	26	20
X^2	2	14	8
X^3	1	18	13
X^4	1	15	9
X^5	1	12	9
X^6	1	17	10

X^0	1	57	36
X^1	1	54	33
X^2	1	41	20
X^3	1	22	19
X^4	1	21	18
X^5	1	1	1
X^6	0	32	30

X^0	2	52	29
X^1	2	51	28
X^2	2	52	28
X^3	2	52	28
X^4	2	46	25
X^5	1	32	20
X^6	0	4	0

X^0	8	25	16
X^1	8	25	17
X^2	8	18	10
X^3	8	18	10
X^4	6	17	6
X^5	3	8	3
X^6	0	17	2

X^0	4	175	98
X^1	1	174	90
X^2	1	180	89
X^3	1	180	92
X^4	2	181	95
X^5	1	95	91
X^6	0	109	88

X^0	1	127	67
X^1	3	129	64
X^2	1	127	63
X^3	0	114	60
X^4	1	135	71
X^5	0	70	66
X^6	3	71	66

X^0	1	19	10
X^1	2	22	11
X^2	2	23	12
X^3	1	26	12
X^4	3	29	16
X^5	2	15	14
X^6	0	16	13

X^0	8	59	31
X^1	8	56	26
X^2	8	46	25
X^3	8	40	22
X^4	8	29	9
X^5	8	36	28
X^6	0	27	19

X^0	2	165	82
X^1	2	163	82
X^2	1	164	81
X^3	2	167	81
X^4	2	163	80
X^5	1	83	82
X^6	2	91	82

X^0	2	62	30
X^1	2	64	30
X^2	2	64	30
X^3	4	63	31
X^4	2	56	23
X^5	2	38	16
X^6	1	48	21

X^0	3	45	28
X^1	2	40	29
X^2	2	39	27
X^3	2	39	26
X^4	2	38	28
X^5	4	37	7
X^6	2	16	2

X^0	2	261	123
X^1	3	262	118
X^2	5	264	123
X^3	4	246	120
X^4	1	244	114
X^5	1	122	119
X^6	0	137	118

X^0	4	483	321
X^1	3	482	319
X^2	2	478	320
X^3	2	480	319
X^4	2	473	316
X^5	2	319	318
X^6	3	324	163

X^0	4	40	19
X^1	3	39	19
X^2	3	39	19
X^3	3	39	27
X^4	3	45	25
X^5	0	31	26
X^6	1	25	22

X^0	5	48	24
X^1	2	48	19
X^2	2	47	22
X^3	1	42	17
X^4	1	35	18
X^5	1	30	15
X^6	1	37	11

X^0	2	36	17
X^1	2	40	21
X^2	2	36	15
X^3	2	25	14
X^4	2	18	7
X^5	2	22	8
X^6	0	28	14

X^0	4	58	28
X^1	4	59	30
X^2	1	58	28
X^3	6	57	31
X^4	2	52	28
X^5	2	31	28
X^6	0	31	20

X^0	3	205	112
X^1	3	205	107
X^2	3	203	113
X^3	3	193	103
X^4	3	179	89
X^5	3	90	80
X^6	3	117	107

X^0	5	146	57
X^1	5	142	53
X^2	5	143	60
X^3	5	103	53
X^4	4	117	79
X^5	1	112	46
X^6	1	74	3

X^0	9	42	19
X^1	3	44	21
X^2	1	40	18
X^3	0	43	22
X^4	1	31	20
X^5	0	27	20
X^6	1	32	21

X^0	1	80	37
X^1	0	77	33
X^2	2	69	35
X^3	5	44	37
X^4	10	47	42
X^5	0	14	4
X^6	0	4	0

X^0	3	22	6
X^1	2	19	4
X^2	2	17	4
X^3	1	17	2
X^4	1	15	2
X^5	2	15	4
X^6	0	14	3

X^0	5	17	7
X^1	5	19	9
X^2	5	18	7
X^3	5	14	5
X^4	5	14	5
X^5	2	15	4
X^6	0	15	5

X^0	5	20	14
X^1	4	24	8
X^2	4	20	7
X^3	2	13	2
X^4	0	8	2
X^5	0	0	0
X^6	0	8	2

X^0	2	378	367
X^1	2	379	366
X^2	1	378	361
X^3	1	378	363
X^4	1	374	357
X^5	0	371	235
X^6	0	130	0

X^0	4	32	11
X^1	5	32	16
X^2	4	28	10
X^3	4	26	12
X^4	3	25	12
X^5	6	25	12
X^6	1	17	1

X^0	3	59	53
X^1	3	59	54
X^2	3	59	54
X^3	3	62	57
X^4	3	84	79
X^5	3	144	139
X^6	0	116	112

X^0	1	95	52
X^1	3	94	56
X^2	1	88	50
X^3	2	82	43
X^4	1	75	36
X^5	1	38	35
X^6	0	40	37

X^0	5	10	6
X^1	2	7	3
X^2	2	5	2
X^3	2	4	2
X^4	2	4	2
X^5	4	7	5
X^6	0	4	1

X^0	7	60	29
X^1	5	60	30
X^2	7	51	20
X^3	1	37	13
X^4	1	42	13
X^5	1	34	11
X^6	7	39	14

X^0	1	14	8
X^1	4	18	11
X^2	1	13	6
X^3	1	7	1
X^4	2	9	3
X^5	1	2	1
X^6	2	9	3

X^0	5	343	169
X^1	4	343	169
X^2	4	336	167
X^3	4	322	166
X^4	3	341	167
X^5	3	175	171
X^6	0	169	166

X^0	6	19	10
X^1	1	11	4
X^2	5	11	5
X^3	6	14	7
X^4	1	10	5
X^5	1	8	3
X^6	2	12	6

X^0	1	57	24
X^1	5	59	27
X^2	1	56	23
X^3	7	61	30
X^4	1	55	22
X^5	1	43	26
X^6	1	31	7

X^0	7	41	26
X^1	3	42	24
X^2	5	42	25
X^3	4	37	24
X^4	0	34	19
X^5	5	36	13
X^6	0	22	0

X^0	3	56	26
X^1	2	50	22
X^2	2	48	21
X^3	0	48	19
X^4	0	43	20
X^5	0	30	28
X^6	0	30	23

X^0	0	223	112
X^1	1	224	113
X^2	0	221	111
X^3	4	223	114
X^4	0	205	107
X^5	0	114	111
X^6	0	115	111

X^0	5	26	23
X^1	1	19	3
X^2	1	17	16
X^3	1	16	13
X^4	0	16	14
X^5	2	16	14
X^6	5	29	25

X^0	1	20	13
X^1	1	18	12
X^2	1	16	7
X^3	1	23	17
X^4	1	26	24
X^5	4	18	16
X^6	3	17	13

X^0	4	34	11
X^1	3	33	9
X^2	1	30	9
X^3	1	29	4
X^4	2	29	13
X^5	0	20	11
X^6	1	22	8

X^0	1	34	15
X^1	1	35	15
X^2	2	34	13
X^3	2	30	11
X^4	1	27	12
X^5	2	23	12
X^6	2	26	8

X^0	1	74	12
X^1	1	69	14
X^2	4	69	15
X^3	4	68	35
X^4	1	64	18
X^5	2	59	33
X^6	4	77	39

X^0	1	30	9
X^1	2	31	11
X^2	1	28	2
X^3	1	26	11
X^4	1	23	6
X^5	1	3	1
X^6	0	28	12

X^0	0	52	37
X^1	1	54	37
X^2	2	52	34
X^3	2	49	13
X^4	0	52	34
X^5	1	17	11
X^6	1	41	34

X^0	1	13	6
X^1	3	10	3
X^2	3	7	3
X^3	2	9	8
X^4	1	11	5
X^5	1	7	2
X^6	1	11	5

X^0	3	993	655
X^1	3	993	659
X^2	3	993	660
X^3	4	993	658
X^4	2	989	658
X^5	2	662	662
X^6	3	665	336

X^0	6	459	227
X^1	2	458	227
X^2	3	434	227
X^3	6	313	207
X^4	3	105	80
X^5	2	131	105
X^6	4	233	206

X^0	3	72	37
X^1	4	70	37
X^2	4	70	37
X^3	5	71	39
X^4	4	67	36
X^5	1	38	33
X^6	1	32	25

X^0	1	65	34
X^1	3	66	36
X^2	3	64	34
X^3	3	42	30
X^4	1	52	28
X^5	1	30	18
X^6	3	36	24

X^0	1	81	41
X^1	2	79	39
X^2	1	74	41
X^3	3	69	40
X^4	3	63	31
X^5	3	51	36
X^6	0	52	19

X^0	3	20	16
X^1	3	21	16
X^2	3	23	17
X^3	3	19	13
X^4	3	15	8
X^5	1	9	4
X^6	1	4	1

X^0	1	63	46
X^1	1	61	46
X^2	1	58	52
X^3	1	48	45
X^4	1	51	44
X^5	1	22	18
X^6	0	50	44

X^0	2	1270	837
X^1	3	1270	838
X^2	4	1268	839
X^3	4	1268	844
X^4	0	1256	837
X^5	0	840	832
X^6	1	844	420

X^0	2	25	12
X^1	2	24	11
X^2	5	28	13
X^3	3	22	12
X^4	2	23	8
X^5	3	18	11
X^6	1	17	9

X^0	2	41	15
X^1	1	30	15
X^2	1	32	13
X^3	0	33	13
X^4	0	33	9
X^5	0	24	14
X^6	2	21	8

X^0	3	52	27
X^1	2	51	26
X^2	1	50	25
X^3	1	28	22
X^4	1	4	1
X^5	1	2	1
X^6	1	26	21

X^0	4	98	43
X^1	7	103	47
X^2	4	100	44
X^3	3	88	45
X^4	0	77	39
X^5	0	40	28
X^6	1	59	38

X^0	3	91	49
X^1	3	91	49
X^2	5	93	50
X^3	2	65	46
X^4	1	64	22
X^5	1	53	44
X^6	0	52	37

X^0	1	19	10
X^1	7	25	16
X^2	1	21	9
X^3	1	20	8
X^4	1	19	13
X^5	0	13	6
X^6	0	17	7

X^0	1	47	17
X^1	2	51	21
X^2	1	52	21
X^3	2	46	20
X^4	1	42	15
X^5	1	37	13
X^6	1	36	7

X^0	1	47	22
X^1	1	49	23
X^2	1	48	22
X^3	1	39	14
X^4	1	27	8
X^5	1	19	5
X^6	0	21	8

X^0	2	4	3
X^1	1	3	1
X^2	3	6	4
X^3	1	1	1
X^4	0	2	0
X^5	0	0	0
X^6	0	2	2

X^0	1	64	27
X^1	1	60	30
X^2	1	60	28
X^3	1	49	28
X^4	7	39	23
X^5	1	13	1
X^6	1	32	20

X^0	3	10	5
X^1	1	3	1
X^2	1	2	1
X^3	1	1	1
X^4	1	3	1
X^5	1	1	1
X^6	1	3	1

X^0	7	46	27
X^1	3	38	19
X^2	3	38	19
X^3	3	40	21
X^4	7	26	20
X^5	2	5	2
X^6	1	20	15

X^0	3	16	6
X^1	3	16	6
X^2	3	17	8
X^3	3	17	7
X^4	3	14	5
X^5	3	10	4
X^6	1	19	5

X^0	3	11	9
X^1	6	13	10
X^2	1	9	5
X^3	1	11	2
X^4	0	9	3
X^5	0	5	3
X^6	0	8	4

X^0	11	23	11
X^1	11	20	11
X^2	11	18	11
X^3	17	27	17
X^4	11	20	11
X^5	12	23	12
X^6	11	17	11

X^0	2	37	14
X^1	3	36	17
X^2	3	34	14
X^3	3	33	14
X^4	2	24	7
X^5	1	16	12
X^6	0	20	14

X^0	2	5	2
X^1	5	8	6
X^2	2	5	2
X^3	2	5	2
X^4	2	5	2
X^5	1	4	1
X^6	1	2	1

X^0	4	24	13
X^1	4	21	10
X^2	3	18	11
X^3	1	15	9
X^4	2	17	11
X^5	1	8	4
X^6	0	17	11

X^0	4	22	12
X^1	1	20	11
X^2	0	20	11
X^3	3	21	8
X^4	0	17	7
X^5	2	17	12
X^6	3	20	8

X^0	5	932	479
X^1	4	929	471
X^2	2	924	472
X^3	2	925	473
X^4	2	921	472
X^5	2	471	468
X^6	0	462	446

X^0	2	15	6
X^1	2	11	2
X^2	1	11	1
X^3	1	10	1
X^4	1	8	1
X^5	2	11	4
X^6	0	8	0

X^0	3	17	13
X^1	3	14	7
X^2	3	14	6
X^3	3	7	3
X^4	3	10	3
X^5	3	3	3
X^6	0	3	0

X^0	1	79	45
X^1	2	79	48
X^2	5	82	51
X^3	1	47	41
X^4	1	41	1
X^5	1	46	44
X^6	1	48	41

X^0	3	41	26
X^1	3	26	13
X^2	1	26	13
X^3	3	23	8
X^4	4	21	13
X^5	2	20	9
X^6	4	33	21

X^0	2	14	10
X^1	6	17	8
X^2	2	11	7
X^3	2	10	7
X^4	2	2	2
X^5	2	2	2
X^6	0	2	0

X^0	1	12	5
X^1	6	16	10
X^2	1	10	4
X^3	1	10	3
X^4	0	7	5
X^5	1	9	4
X^6	1	5	3

X^0	3	104	53
X^1	3	109	54
X^2	4	107	55
X^3	2	103	47
X^4	0	103	76
X^5	0	57	55
X^6	1	66	40

X^0	3	10	5
X^1	2	6	4
X^2	2	2	2
X^3	2	2	2
X^4	2	2	2
X^5	0	0	0
X^6	1	5	3

X^0	6	251	123
X^1	6	248	123
X^2	6	243	120
X^3	8	244	120
X^4	6	230	116
X^5	6	114	105
X^6	0	115	106

X^0	3	18	8
X^1	2	16	8
X^2	2	16	7
X^3	0	9	4
X^4	1	3	1
X^5	0	0	0
X^6	3	10	8

X^0	2	25	12
X^1	0	22	7
X^2	5	28	15
X^3	0	22	9
X^4	1	19	12
X^5	1	14	5
X^6	1	3	1

X^0	3	5	3
X^1	1	5	1
X^2	4	7	4
X^3	1	5	1
X^4	1	8	3
X^5	0	5	4
X^6	0	5	4

X^0	1	114	52
X^1	4	110	54
X^2	2	110	48
X^3	1	66	53
X^4	2	63	49
X^5	2	2	2
X^6	1	63	50

X^0	2	119	61
X^1	2	123	65
X^2	2	119	61
X^3	2	112	54
X^4	3	120	61
X^5	3	66	57
X^6	1	63	53

X^0	3	67	38
X^1	1	66	38
X^2	1	65	37
X^3	4	71	43
X^4	1	58	29
X^5	2	39	36
X^6	1	2	1

X^0	3	13	3
X^1	1	9	3
X^2	3	10	3
X^3	2	10	2
X^4	1	10	1
X^5	2	9	4
X^6	0	7	2

X^0	0	14	7
X^1	0	13	6
X^2	3	18	10
X^3	2	17	9
X^4	0	14	3
X^5	0	15	8
X^6	0	11	4

X^0	2	117	110
X^1	2	117	109
X^2	2	116	108
X^3	1	114	101
X^4	1	111	102
X^5	2	107	105
X^6	3	117	105

X^0	1	9	1
X^1	1	11	5
X^2	1	11	8
X^3	1	14	10
X^4	1	11	9
X^5	3	13	11
X^6	1	3	1

X^0	1	18	7
X^1	7	24	11
X^2	2	19	8
X^3	3	19	6
X^4	2	19	7
X^5	1	18	14
X^6	3	15	9

X^0	2	60	28
X^1	2	58	27
X^2	2	58	29
X^3	2	54	25
X^4	9	40	34
X^5	8	38	33
X^6	1	11	3

X^0	3	13	3
X^1	3	13	9
X^2	4	11	7
X^3	3	5	3
X^4	3	8	3
X^5	3	3	3
X^6	1	13	2

X^0	3	364	183
X^1	3	365	184
X^2	3	363	184
X^3	3	355	186
X^4	3	357	184
X^5	4	183	180
X^6	1	222	184

X^0	4	51	28
X^1	2	43	20
X^2	1	41	18
X^3	0	34	15
X^4	0	29	13
X^5	0	4	0
X^6	0	24	7

X^0	3	58	34
X^1	2	51	32
X^2	2	51	30
X^3	2	52	33
X^4	1	33	29
X^5	0	30	26
X^6	2	50	36

X^0	0	29	16
X^1	0	29	16
X^2	0	28	15
X^3	0	28	15
X^4	0	21	5
X^5	0	13	0
X^6	0	0	0

X^0	1	16	5
X^1	1	11	2
X^2	1	9	1
X^3	2	11	3
X^4	1	9	1
X^5	1	8	1
X^6	0	12	1

X^0	4	48	18
X^1	4	40	19
X^2	2	38	21
X^3	2	30	18
X^4	2	13	2
X^5	11	23	19
X^6	2	32	18

X^0	2	21	19
X^1	5	24	22
X^2	2	19	14
X^3	2	18	16
X^4	1	20	9
X^5	1	1	1
X^6	1	21	11

X^0	1	178	159
X^1	1	173	154
X^2	1	170	154
X^3	1	163	146
X^4	1	259	258
X^5	1	160	159
X^6	2	170	158

X^0	1	23	7
X^1	1	21	7
X^2	1	20	10
X^3	1	17	6
X^4	1	14	1
X^5	0	6	0
X^6	0	0	0

X^0	3	613	403
X^1	3	613	402
X^2	1	611	400
X^3	1	609	402
X^4	1	606	399
X^5	0	403	400
X^6	0	403	198

X^0	2	53	38
X^1	2	52	37
X^2	2	52	38
X^3	2	51	31
X^4	2	51	30
X^5	2	41	38
X^6	3	45	30

X^0	2	222	110
X^1	2	222	109
X^2	3	221	110
X^3	3	219	110
X^4	7	219	114
X^5	1	105	104
X^6	4	120	111

X^0	3	57	27
X^1	3	55	25
X^2	2	53	27
X^3	2	55	28
X^4	2	47	23
X^5	1	26	22
X^6	0	34	25

X^0	3	65	33
X^1	3	65	33
X^2	3	62	32
X^3	3	58	32
X^4	3	48	32
X^5	3	40	18
X^6	3	16	3

X^0	1	27	14
X^1	1	27	17
X^2	1	25	15
X^3	2	23	19
X^4	0	17	7
X^5	0	0	0
X^6	3	21	13

X^0	1	65	33
X^1	1	65	33
X^2	0	62	30
X^3	0	60	31
X^4	0	54	44
X^5	0	38	37
X^6	0	12	9

X^0	2	77	36
X^1	7	81	41
X^2	1	73	33
X^3	1	40	35
X^4	1	50	17
X^5	1	33	30
X^6	2	47	32

X^0	3	106	53
X^1	2	106	51
X^2	2	107	53
X^3	1	104	57
X^4	2	100	53
X^5	1	53	51
X^6	1	59	48

X^0	4	24	14
X^1	1	21	11
X^2	4	20	10
X^3	3	18	10
X^4	0	8	2
X^5	4	4	4
X^6	3	21	15

X^0	1	7	1
X^1	1	7	2
X^2	3	10	5
X^3	1	7	3
X^4	1	5	1
X^5	1	1	1
X^6	7	16	12

X^0	1	20	9
X^1	5	26	10
X^2	2	19	10
X^3	3	17	7
X^4	1	14	5
X^5	3	16	6
X^6	2	14	3

X^0	2	16	7
X^1	0	12	5
X^2	2	13	6
X^3	0	10	4
X^4	0	6	1
X^5	0	2	0
X^6	0	6	0

X^0	1	24	7
X^1	1	25	9
X^2	1	22	5
X^3	1	19	8
X^4	1	19	8
X^5	1	13	1
X^6	1	12	1

X^0	4	11	6
X^1	4	10	7
X^2	4	10	7
X^3	3	9	5
X^4	3	3	3
X^5	3	3	3
X^6	0	1	0

X^0	1	18	6
X^1	1	15	3
X^2	1	17	1
X^3	1	15	3
X^4	1	12	1
X^5	1	15	2
X^6	1	2	1

X^0	4	781	387
X^1	3	774	383
X^2	3	766	381
X^3	3	758	374
X^4	4	744	369
X^5	3	374	358
X^6	1	392	368

X^0	2	63	21
X^1	2	66	22
X^2	2	66	24
X^3	2	46	24
X^4	1	54	26
X^5	1	44	30
X^6	2	44	24

X^0	6	14	8
X^1	6	13	6
X^2	6	13	6
X^3	1	14	1
X^4	3	13	11
X^5	1	10	8
X^6	0	2	0

X^0	2	215	113
X^1	1	215	113
X^2	1	213	106
X^3	1	217	115
X^4	1	215	128
X^5	1	129	128
X^6	1	112	86

X^0	3	29	16
X^1	5	29	16
X^2	5	23	13
X^3	5	19	5
X^4	5	21	13
X^5	5	14	6
X^6	5	5	5

X^0	3	31	14
X^1	2	29	12
X^2	0	26	9
X^3	0	21	6
X^4	0	19	4
X^5	1	20	5
X^6	0	17	0

X^0	2	3	2
X^1	3	4	3
X^2	1	2	1
X^3	0	1	0
X^4	1	2	1
X^5	1	1	1
X^6	0	0	0

X^0	4	112	51
X^1	4	112	53
X^2	4	110	54
X^3	4	107	52
X^4	0	105	54
X^5	1	55	49
X^6	0	57	49

X^0	2	22	12
X^1	2	18	12
X^2	4	15	7
X^3	2	10	4
X^4	2	13	2
X^5	4	15	6
X^6	0	13	3

X^0	3	14	3
X^1	2	18	7
X^2	2	18	4
X^3	2	19	8
X^4	2	13	9
X^5	4	15	11
X^6	0	8	0

X^0	4	20	9
X^1	3	14	3
X^2	3	11	3
X^3	3	14	3
X^4	3	9	3
X^5	3	13	5
X^6	3	17	9

X^0	1	160	86
X^1	1	160	86
X^2	2	160	87
X^3	0	154	86
X^4	0	146	79
X^5	2	76	75
X^6	1	80	66

X^0	4	74	38
X^1	2	70	34
X^2	2	70	35
X^3	2	69	34
X^4	2	63	28
X^5	2	37	35
X^6	0	44	34

X^0	5	5	5
X^1	5	9	5
X^2	5	5	5
X^3	5	5	5
X^4	5	5	5
X^5	5	5	5
X^6	0	11	4

X^0	2	30	17
X^1	2	32	19
X^2	5	28	17
X^3	5	23	11
X^4	5	27	8
X^5	5	5	5
X^6	0	9	0

X^0	2	100	58
X^1	1	97	58
X^2	1	92	53
X^3	2	75	33
X^4	3	55	16
X^5	0	39	12
X^6	0	60	33

X^0	2	1323	658
X^1	1	1322	665
X^2	3	1323	666
X^3	1	1314	657
X^4	3	1309	655
X^5	1	676	672
X^6	0	676	664

X^0	2	40	19
X^1	2	41	19
X^2	2	37	19
X^3	2	34	19
X^4	0	30	14
X^5	1	25	20
X^6	1	23	10

X^0	3	71	54
X^1	5	70	55
X^2	1	63	52
X^3	3	63	54
X^4	1	64	49
X^5	1	49	46
X^6	1	48	34

X^0	1	21	8
X^1	1	21	8
X^2	0	21	11
X^3	1	23	17
X^4	1	21	15
X^5	0	21	2
X^6	0	0	0

X^0	3	72	57
X^1	2	71	56
X^2	2	71	54
X^3	7	69	62
X^4	2	51	44
X^5	2	49	40
X^6	0	51	35

X^0	1	33	12
X^1	1	28	11
X^2	1	23	12
X^3	1	10	3
X^4	1	2	1
X^5	1	1	1
X^6	0	2	0

X^0	2	223	109
X^1	1	223	107
X^2	7	228	114
X^3	2	221	105
X^4	1	215	107
X^5	2	117	106
X^6	4	116	104

X^0	3	18	10
X^1	4	18	11
X^2	2	16	7
X^3	2	18	10
X^4	4	19	11
X^5	2	17	10
X^6	2	3	2

X^0	4	28	13
X^1	4	28	13
X^2	2	28	9
X^3	2	25	9
X^4	1	25	8
X^5	2	21	12
X^6	0	4	0

X^0	8	27	12
X^1	4	26	9
X^2	1	22	8
X^3	3	20	7
X^4	0	17	7
X^5	0	12	3
X^6	0	16	5

X^0	3	69	27
X^1	3	66	26
X^2	1	61	23
X^3	1	45	19
X^4	0	47	14
X^5	1	33	16
X^6	0	47	18

X^0	1	10	4
X^1	5	13	5
X^2	4	11	7
X^3	2	10	5
X^4	3	9	5
X^5	0	8	5
X^6	3	9	4

X^0	1	35	17
X^1	2	38	20
X^2	1	31	18
X^3	1	31	13
X^4	1	18	9
X^5	1	19	13
X^6	0	0	0

X^0	5	16	8
X^1	5	14	9
X^2	2	11	7
X^3	1	9	2
X^4	1	2	1
X^5	1	1	1
X^6	0	7	0

X^0	1	19	9
X^1	2	17	10
X^2	2	17	9
X^3	0	13	4
X^4	2	10	2
X^5	5	10	5
X^6	2	12	4

X^0	1	16	6
X^1	2	17	5
X^2	1	17	5
X^3	0	16	4
X^4	0	12	4
X^5	0	11	3
X^6	0	12	3

X^0	3	11	6
X^1	5	12	6
X^2	5	10	5
X^3	3	7	3
X^4	1	5	2
X^5	0	5	1
X^6	2	6	3

X^0	2	21	9
X^1	3	21	9
X^2	1	17	7
X^3	0	15	6
X^4	4	15	7
X^5	1	10	3
X^6	0	10	0

X^0	3	98	72
X^1	3	96	72
X^2	3	93	70
X^3	3	88	61
X^4	3	81	78
X^5	3	84	79
X^6	1	84	67

X^0	4	330	178
X^1	4	332	176
X^2	4	332	177
X^3	4	332	177
X^4	3	324	178
X^5	0	152	146
X^6	1	188	174

X^0	2	38	30
X^1	2	38	25
X^2	2	42	29
X^3	4	43	29
X^4	2	29	17
X^5	0	18	15
X^6	1	28	20

X^0	4	165	78
X^1	3	158	78
X^2	1	151	70
X^3	1	137	63
X^4	1	129	61
X^5	1	75	59
X^6	0	76	56

X^0	2	60	28
X^1	2	59	33
X^2	2	55	31
X^3	2	39	35
X^4	3	46	30
X^5	2	4	2
X^6	3	44	28

X^0	2	6	3
X^1	1	6	1
X^2	2	7	6
X^3	7	10	9
X^4	1	1	1
X^5	1	2	1
X^6	0	2	1

X^0	1	192	88
X^1	3	196	91
X^2	1	190	89
X^3	1	181	87
X^4	1	170	86
X^5	1	93	82
X^6	2	107	82

X^0	3	150	73
X^1	4	152	74
X^2	4	152	73
X^3	3	151	75
X^4	4	150	76
X^5	2	78	75
X^6	4	77	71

X^0	3	23	12
X^1	3	23	11
X^2	3	21	9
X^3	1	23	9
X^4	2	18	12
X^5	1	12	5
X^6	1	1	1

X^0	3	45	34
X^1	3	46	34
X^2	3	44	34
X^3	3	42	34
X^4	3	44	24
X^5	3	32	3
X^6	3	3	3

X^0	2	13	5
X^1	2	10	3
X^2	2	9	4
X^3	3	11	5
X^4	2	8	4
X^5	2	3	2
X^6	2	2	2

X^0	1	173	90
X^1	1	168	83
X^2	5	171	88
X^3	1	150	82
X^4	0	134	68
X^5	1	66	62
X^6	0	105	65

X^0	0	1080	537
X^1	3	1080	537
X^2	3	1075	537
X^3	3	1071	534
X^4	3	1053	520
X^5	2	545	533
X^6	0	563	530

X^0	2	22	17
X^1	1	24	15
X^2	1	24	15
X^3	2	22	14
X^4	1	12	5
X^5	1	7	3
X^6	0	7	4

X^0	7	30	14
X^1	2	30	13
X^2	1	29	13
X^3	3	18	15
X^4	1	28	13
X^5	3	18	16
X^6	1	16	14

X^0	2	15	5
X^1	1	13	6
X^2	1	14	5
X^3	2	15	6
X^4	1	16	7
X^5	1	13	8
X^6	0	10	5

X^0	4	37	19
X^1	4	39	22
X^2	2	34	17
X^3	1	32	15
X^4	1	31	11
X^5	4	27	20
X^6	0	18	10

X^0	2	433	211
X^1	2	427	210
X^2	2	418	205
X^3	2	421	211
X^4	1	405	208
X^5	1	212	205
X^6	1	208	192

X^0	3	5	3
X^1	3	5	3
X^2	3	4	3
X^3	3	4	3
X^4	3	7	4
X^5	9	13	9
X^6	0	1	0

X^0	1	23	13
X^1	4	27	18
X^2	1	24	14
X^3	1	20	5
X^4	1	14	6
X^5	4	22	13
X^6	0	20	6

X^0	4	69	43
X^1	3	65	45
X^2	3	66	47
X^3	3	64	41
X^4	4	56	32
X^5	3	29	22
X^6	4	52	23

X^0	2	75	39
X^1	2	74	33
X^2	2	70	34
X^3	2	68	31
X^4	2	67	31
X^5	2	37	30
X^6	0	38	32

X^0	2	89	44
X^1	2	89	43
X^2	1	86	40
X^3	1	76	35
X^4	2	55	27
X^5	3	47	37
X^6	0	31	17

X^0	2	24	14
X^1	2	20	13
X^2	1	15	5
X^3	1	11	1
X^4	1	11	5
X^5	1	6	1
X^6	0	14	9

X^0	7	35	16
X^1	7	38	14
X^2	7	35	8
X^3	7	37	23
X^4	7	27	15
X^5	2	23	14
X^6	0	26	9

X^0	8	21	8
X^1	8	20	8
X^2	8	18	8
X^3	8	23	11
X^4	8	17	8
X^5	4	21	9
X^6	0	15	1

X^0	3	9	3
X^1	1	7	3
X^2	1	5	2
X^3	3	7	3
X^4	2	8	3
X^5	2	5	3
X^6	1	7	3

X^0	3	31	16
X^1	3	29	15
X^2	6	30	19
X^3	4	21	16
X^4	3	16	8
X^5	0	1	0
X^6	0	15	8

X^0	2	8	4
X^1	2	8	2
X^2	2	9	4
X^3	2	4	2
X^4	2	2	2
X^5	1	1	1
X^6	1	2	1

X^0	1	15	4
X^1	1	16	10
X^2	2	15	10
X^3	1	10	5
X^4	0	9	1
X^5	1	6	1
X^6	1	5	1

X^0	6	153	90
X^1	4	150	87
X^2	4	146	83
X^3	4	123	80
X^4	4	82	59
X^5	2	87	58
X^6	1	58	13

X^0	3	6	3
X^1	5	8	5
X^2	1	5	1
X^3	1	6	4
X^4	1	6	4
X^5	1	2	1
X^6	0	0	0

X^0	2	22	15
X^1	1	16	3
X^2	1	15	6
X^3	1	24	14
X^4	1	24	21
X^5	2	18	18
X^6	1	6	3

X^0	4	50	29
X^1	4	50	30
X^2	4	53	33
X^3	4	49	33
X^4	1	42	30
X^5	0	38	29
X^6	5	39	18

X^0	4	105	56
X^1	2	104	56
X^2	2	103	56
X^3	3	105	56
X^4	2	99	49
X^5	0	55	52
X^6	0	60	48

X^0	4	130	125
X^1	4	112	108
X^2	4	129	119
X^3	4	60	52
X^4	2	2	2
X^5	2	102	95
X^6	0	0	0

X^0	6	124	59
X^1	6	122	59
X^2	6	122	63
X^3	6	124	63
X^4	6	125	90
X^5	6	70	62
X^6	2	76	62

X^0	2	5	3
X^1	2	5	2
X^2	2	5	3
X^3	3	6	3
X^4	2	5	3
X^5	2	2	2
X^6	1	1	1

X^0	3	15	12
X^1	1	8	6
X^2	1	5	1
X^3	1	8	6
X^4	1	1	1
X^5	1	1	1
X^6	1	1	1

X^0	3	32	25
X^1	1	35	28
X^2	1	26	19
X^3	3	22	12
X^4	2	27	18
X^5	1	1	1
X^6	1	33	25

X^0	4	92	43
X^1	6	96	47
X^2	2	89	47
X^3	1	78	43
X^4	2	73	46
X^5	2	46	46
X^6	1	46	26

X^0	1	32	21
X^1	1	35	24
X^2	1	33	23
X^3	4	34	28
X^4	2	31	21
X^5	1	18	13
X^6	2	31	20

X^0	2	18	12
X^1	2	17	13
X^2	1	9	5
X^3	1	16	12
X^4	1	11	6
X^5	1	11	5
X^6	1	1	1

X^0	3	10	5
X^1	1	10	4
X^2	1	7	3
X^3	1	5	1
X^4	3	6	3
X^5	4	4	4
X^6	1	8	4

X^0	3	10	8
X^1	2	8	4
X^2	5	10	8
X^3	3	4	3
X^4	3	11	4
X^5	4	8	4
X^6	3	6	4

X^0	6	15	9
X^1	4	8	4
X^2	4	7	4
X^3	2	8	3
X^4	4	4	4
X^5	2	2	2
X^6	10	15	14

X^0	3	59	43
X^1	4	63	49
X^2	1	58	40
X^3	1	53	48
X^4	1	55	33
X^5	1	15	9
X^6	0	55	37

X^0	1	57	48
X^1	4	60	51
X^2	2	57	52
X^3	0	51	46
X^4	0	53	48
X^5	0	47	42
X^6	3	53	49

X^0	3	16	7
X^1	3	11	4
X^2	2	8	2
X^3	1	10	4
X^4	2	10	3
X^5	4	10	6
X^6	1	6	1

X^0	2	226	205
X^1	2	227	204
X^2	2	224	199
X^3	1	214	209
X^4	1	195	188
X^5	0	193	190
X^6	1	193	187

X^0	2	27	16
X^1	2	28	16
X^2	2	27	16
X^3	2	27	15
X^4	5	29	18
X^5	0	26	8
X^6	0	0	0

X^0	3	727	361
X^1	3	711	351
X^2	3	667	344
X^3	6	620	316
X^4	6	581	319
X^5	4	319	312
X^6	2	359	292

X^0	2	27	9
X^1	2	32	10
X^2	2	34	11
X^3	2	29	15
X^4	2	26	14
X^5	2	20	16
X^6	0	18	10

X^0	3	73	32
X^1	3	73	31
X^2	3	73	31
X^3	3	68	30
X^4	3	63	29
X^5	3	37	29
X^6	1	40	25

X^0	3	1241	619
X^1	3	1238	618
X^2	1	1232	616
X^3	0	1227	610
X^4	0	1222	607
X^5	1	622	617
X^6	0	618	610

X^0	4	40	14
X^1	1	42	13
X^2	3	36	17
X^3	0	31	18
X^4	2	27	13
X^5	2	22	3
X^6	0	17	0

X^0	3	11	6
X^1	2	9	4
X^2	4	9	5
X^3	3	6	3
X^4	4	5	4
X^5	3	3	3
X^6	0	4	0

X^0	1	353	346
X^1	3	356	349
X^2	1	351	347
X^3	1	346	341
X^4	1	287	282
X^5	1	351	348
X^6	2	352	347

X^0	1	15	6
X^1	0	16	6
X^2	1	16	5
X^3	5	19	8
X^4	0	13	6
X^5	0	10	4
X^6	0	7	0

X^0	3	11	6
X^1	2	8	2
X^2	2	6	2
X^3	2	6	2
X^4	0	6	1
X^5	0	4	1
X^6	3	10	7

X^0	2	69	35
X^1	2	68	33
X^2	2	70	34
X^3	2	67	32
X^4	2	67	31
X^5	2	37	35
X^6	0	38	24

X^0	2	90	74
X^1	1	100	73
X^2	1	102	77
X^3	0	84	77
X^4	0	70	60
X^5	1	63	56
X^6	0	78	62

X^0	6	67	38
X^1	4	66	36
X^2	4	65	30
X^3	4	62	29
X^4	5	65	30
X^5	1	33	27
X^6	0	36	26

X^0	4	522	289
X^1	4	534	289
X^2	4	530	289
X^3	4	524	288
X^4	4	509	290
X^5	2	306	304
X^6	1	325	219

X^0	7	53	20
X^1	7	51	19
X^2	7	52	18
X^3	7	51	19
X^4	3	54	28
X^5	2	31	27
X^6	2	29	21

X^0	5	20	16
X^1	3	14	10
X^2	3	11	8
X^3	3	10	7
X^4	3	3	3
X^5	2	3	2
X^6	1	7	3

X^0	3	30	11
X^1	3	23	10
X^2	4	24	9
X^3	3	21	8
X^4	1	19	3
X^5	0	12	0
X^6	1	19	1

X^0	2	19	4
X^1	2	14	7
X^2	2	13	10
X^3	2	6	2
X^4	0	7	5
X^5	0	7	6
X^6	3	14	11

X^0	3	113	104
X^1	0	109	95
X^2	3	107	105
X^3	0	91	80
X^4	0	76	45
X^5	0	60	58
X^6	1	76	49

X^0	2	12	7
X^1	4	14	10
X^2	2	11	10
X^3	1	11	9
X^4	1	11	9
X^5	1	1	1
X^6	4	14	13

X^0	1	5	1
X^1	1	5	1
X^2	2	6	2
X^3	1	1	1
X^4	1	1	1
X^5	1	1	1
X^6	1	1	1

X^0	5	28	18
X^1	5	27	17
X^2	5	27	16
X^3	3	33	18
X^4	5	24	18
X^5	0	16	9
X^6	0	10	5

X^0	1	357	180
X^1	2	358	182
X^2	2	355	175
X^3	1	356	180
X^4	1	356	176
X^5	2	355	354
X^6	0	182	180

X^0	3	24	7
X^1	3	22	9
X^2	3	21	7
X^3	3	20	5
X^4	3	18	4
X^5	3	20	7
X^6	0	18	4

X^0	2	31	19
X^1	1	31	13
X^2	1	35	19
X^3	1	34	18
X^4	2	31	19
X^5	0	19	16
X^6	2	25	10

X^0	4	73	32
X^1	4	68	28
X^2	4	62	29
X^3	4	55	22
X^4	4	39	13
X^5	4	30	4
X^6	1	26	1

X^0	1	241	119
X^1	4	245	123
X^2	1	242	120
X^3	1	241	120
X^4	6	244	126
X^5	0	126	121
X^6	0	126	113

X^0	3	81	53
X^1	1	76	49
X^2	0	73	46
X^3	0	70	45
X^4	0	64	45
X^5	1	47	40
X^6	0	41	17

X^0	2	43	26
X^1	2	42	26
X^2	3	43	27
X^3	2	38	21
X^4	2	26	24
X^5	2	20	12
X^6	2	2	2

X^0	1	147	71
X^1	1	145	71
X^2	3	146	71
X^3	0	119	64
X^4	6	101	49
X^5	0	51	20
X^6	2	77	41

X^0	3	54	17
X^1	2	50	18
X^2	4	48	19
X^3	3	41	21
X^4	2	30	16
X^5	2	18	4
X^6	0	30	14

X^0	1	1196	594
X^1	1	1192	596
X^2	1	1188	592
X^3	1	1173	590
X^4	0	1077	594
X^5	0	600	593
X^6	3	602	591

X^0	4	109	59
X^1	4	111	59
X^2	4	108	59
X^3	4	112	55
X^4	4	101	50
X^5	3	59	55
X^6	1	55	48

X^0	4	45	25
X^1	2	37	15
X^2	2	37	16
X^3	2	37	19
X^4	3	23	21
X^5	2	28	21
X^6	2	2	2

X^0	5	60	42
X^1	6	81	45
X^2	1	71	41
X^3	1	59	33
X^4	1	39	30
X^5	0	34	20
X^6	1	46	20

X^0	1	59	38
X^1	1	61	39
X^2	2	62	38
X^3	2	62	39
X^4	3	56	33
X^5	0	30	24
X^6	0	38	32

X^0	3	66	32
X^1	3	51	22
X^2	3	36	16
X^3	2	21	2
X^4	2	2	2
X^5	2	42	20
X^6	2	2	2

X^0	3	66	39
X^1	3	57	39
X^2	2	53	39
X^3	2	48	40
X^4	1	53	40
X^5	0	48	38
X^6	0	56	30

X^0	5	101	52
X^1	2	101	51
X^2	2	96	48
X^3	2	92	43
X^4	0	82	41
X^5	0	40	36
X^6	2	55	46

X^0	1	4	1
X^1	1	4	2
X^2	2	5	3
X^3	3	5	3
X^4	2	2	2
X^5	2	4	2
X^6	0	4	1

X^0	4	32	27
X^1	6	33	30
X^2	4	27	18
X^3	4	4	4
X^4	6	29	21
X^5	1	3	1
X^6	1	29	21

X^0	4	42	21
X^1	1	41	20
X^2	2	39	19
X^3	2	38	21
X^4	5	27	15
X^5	1	21	9
X^6	4	8	4

X^0	5	24	13
X^1	3	20	5
X^2	0	18	8
X^3	2	17	9
X^4	2	18	12
X^5	0	10	2
X^6	0	14	7

X^0	1	8	7
X^1	1	5	1
X^2	1	5	2
X^3	1	3	2
X^4	1	3	2
X^5	1	1	1
X^6	0	3	2

X^0	1	26	11
X^1	1	26	10
X^2	1	25	10
X^3	2	24	13
X^4	4	31	6
X^5	2	21	15
X^6	1	16	6

X^0	4	22	11
X^1	3	21	10
X^2	5	23	12
X^3	2	19	8
X^4	1	17	7
X^5	1	12	9
X^6	1	1	1

X^0	2	572	440
X^1	4	574	441
X^2	2	572	443
X^3	2	532	440
X^4	0	532	480
X^5	0	484	478
X^6	0	526	473

X^0	1	68	63
X^1	4	71	63
X^2	1	68	63
X^3	2	66	61
X^4	2	53	40
X^5	1	68	63
X^6	2	67	61

X^0	6	20	8
X^1	4	18	4
X^2	2	16	4
X^3	1	13	5
X^4	3	12	3
X^5	0	11	5
X^6	0	11	1

X^0	1	42	20
X^1	3	46	23
X^2	4	46	24
X^3	2	44	20
X^4	1	41	20
X^5	1	24	18
X^6	0	21	16

X^0	3	9	5
X^1	1	7	4
X^2	2	8	4
X^3	1	7	2
X^4	1	7	3
X^5	1	7	4
X^6	1	5	2

X^0	3	16	4
X^1	1	11	5
X^2	3	8	3
X^3	3	3	3
X^4	3	6	3
X^5	2	8	2
X^6	0	3	0

X^0	7	29	14
X^1	7	30	20
X^2	2	26	17
X^3	2	25	17
X^4	4	26	18
X^5	2	20	18
X^6	2	25	16

X^0	3	3	3
X^1	3	3	3
X^2	3	3	3
X^3	2	2	2
X^4	3	3	3
X^5	2	2	2
X^6	3	3	3

X^0	4	108	69
X^1	4	102	64
X^2	5	102	59
X^3	5	102	62
X^4	4	103	61
X^5	5	107	37
X^6	3	69	3

X^0	3	24	11
X^1	1	22	9
X^2	1	21	11
X^3	1	17	9
X^4	3	14	8
X^5	0	5	0
X^6	2	14	7

X^0	6	154	75
X^1	4	151	73
X^2	3	150	74
X^3	3	143	70
X^4	4	138	65
X^5	4	72	66
X^6	0	73	64

X^0	2	35	16
X^1	2	36	17
X^2	2	34	14
X^3	2	27	16
X^4	2	26	15
X^5	1	22	20
X^6	2	16	7

X^0	1	30	14
X^1	2	28	14
X^2	1	14	11
X^3	1	10	3
X^4	0	17	14
X^5	0	6	3
X^6	0	18	12

X^0	3	15	8
X^1	2	15	6
X^2	1	14	8
X^3	1	12	5
X^4	0	12	7
X^5	0	7	3
X^6	0	8	3

X^0	1	19	2
X^1	1	17	8
X^2	1	16	3
X^3	3	20	15
X^4	0	18	8
X^5	0	1	0
X^6	0	18	5

X^0	2	19	8
X^1	1	18	8
X^2	2	17	6
X^3	2	13	8
X^4	2	14	5
X^5	0	10	0
X^6	1	10	4

X^0	4	23	12
X^1	4	8	6
X^2	2	2	2
X^3	4	8	6
X^4	2	2	2
X^5	1	2	1
X^6	4	8	4

X^0	1	4	1
X^1	1	5	1
X^2	1	4	1
X^3	1	4	1
X^4	1	1	1
X^5	1	1	1
X^6	0	4	0

X^0	2	10	7
X^1	1	10	8
X^2	2	10	4
X^3	4	12	10
X^4	1	11	9
X^5	1	8	6
X^6	0	11	6

X^0	2	56	25
X^1	2	56	27
X^2	2	59	30
X^3	2	61	32
X^4	2	51	23
X^5	2	32	21
X^6	2	44	24

X^0	3	93	88
X^1	2	94	87
X^2	4	94	85
X^3	3	93	87
X^4	0	89	83
X^5	0	89	83
X^6	3	93	87

X^0	6	11	6
X^1	2	5	2
X^2	3	6	3
X^3	8	12	8
X^4	3	7	5
X^5	10	13	10
X^6	0	2	0

X^0	1	547	272
X^1	1	540	268
X^2	1	532	260
X^3	0	519	257
X^4	0	500	253
X^5	1	260	259
X^6	0	278	262

X^0	2	28	11
X^1	4	28	11
X^2	3	26	13
X^3	6	28	17
X^4	2	22	12
X^5	2	21	11
X^6	1	23	8

X^0	3	109	56
X^1	3	104	51
X^2	2	105	50
X^3	2	102	48
X^4	2	105	52
X^5	2	53	47
X^6	1	56	50

X^0	3	74	26
X^1	2	75	26
X^2	2	73	26
X^3	3	58	25
X^4	4	69	29
X^5	3	53	28
X^6	0	52	18

X^0	3	15	10
X^1	3	12	5
X^2	3	6	3
X^3	3	7	4
X^4	3	9	3
X^5	3	3	3
X^6	1	12	4

X^0	2	36	16
X^1	2	35	15
X^2	2	29	13
X^3	3	18	9
X^4	2	7	6
X^5	2	7	6
X^6	2	5	2

X^0	3	29	13
X^1	3	33	13
X^2	3	30	11
X^3	3	27	9
X^4	3	23	7
X^5	0	24	9
X^6	1	25	7

X^0	1	25	10
X^1	1	24	10
X^2	1	25	10
X^3	2	26	12
X^4	3	26	14
X^5	1	18	12
X^6	0	10	0

X^0	4	28	13
X^1	4	28	13
X^2	1	25	11
X^3	3	17	3
X^4	3	27	13
X^5	0	0	0
X^6	0	18	3

X^0	2	44	23
X^1	2	40	19
X^2	1	38	19
X^3	1	39	22
X^4	3	34	18
X^5	1	16	9
X^6	0	19	10

X^0	1	21	9
X^1	0	22	10
X^2	1	23	11
X^3	1	21	10
X^4	0	16	8
X^5	0	10	10
X^6	0	12	6

X^0	1	92	52
X^1	1	92	52
X^2	2	94	49
X^3	2	93	49
X^4	0	100	55
X^5	3	53	51
X^6	0	53	50

X^0	3	22	12
X^1	2	21	11
X^2	3	22	12
X^3	2	20	11
X^4	1	17	7
X^5	1	9	7
X^6	1	11	9

X^0	1	162	80
X^1	3	164	82
X^2	2	153	74
X^3	1	137	74
X^4	5	129	50
X^5	0	79	69
X^6	1	87	74

X^0	3	113	59
X^1	2	111	57
X^2	2	109	55
X^3	2	92	44
X^4	2	73	41
X^5	2	56	41
X^6	0	62	26

X^0	9	29	11
X^1	14	33	18
X^2	7	26	15
X^3	8	20	10
X^4	7	15	7
X^5	0	4	0
X^6	0	0	0

X^0	3	222	107
X^1	2	225	111
X^2	2	225	110
X^3	2	218	108
X^4	2	216	107
X^5	2	108	97
X^6	1	116	107

X^0	3	20	10
X^1	2	19	10
X^2	2	15	4
X^3	2	7	2
X^4	1	4	1
X^5	3	3	3
X^6	1	17	10

X^0	2	89	79
X^1	5	95	81
X^2	2	92	78
X^3	2	92	80
X^4	2	87	80
X^5	2	79	72
X^6	0	89	82

X^0	6	30	19
X^1	6	32	17
X^2	6	42	18
X^3	3	38	18
X^4	6	37	16
X^5	1	25	23
X^6	2	31	18

X^0	1	59	40
X^1	2	61	42
X^2	1	52	37
X^3	1	52	39
X^4	1	38	34
X^5	1	27	25
X^6	1	38	34

X^0	4	51	21
X^1	6	54	22
X^2	4	53	17
X^3	3	45	15
X^4	4	50	18
X^5	4	36	6
X^6	4	28	4

X^0	2	1420	943
X^1	12	1432	956
X^2	2	1421	943
X^3	2	1414	946
X^4	2	1405	944
X^5	2	934	933
X^6	0	471	461

X^0	2	65	30
X^1	2	64	30
X^2	2	60	30
X^3	1	52	27
X^4	1	50	26
X^5	1	24	20
X^6	0	35	24

X^0	5	9	7
X^1	5	10	9
X^2	5	11	9
X^3	5	8	6
X^4	4	10	8
X^5	5	6	5
X^6	0	0	0

X^0	8	224	112
X^1	6	221	108
X^2	7	224	114
X^3	6	218	109
X^4	7	212	106
X^5	1	105	101
X^6	7	108	106

X^0	1	1173	612
X^1	2	1158	597
X^2	2	1147	586
X^3	2	1082	542
X^4	2	1021	541
X^5	1	548	527
X^6	0	609	519

X^0	4	15	7
X^1	1	13	6
X^2	2	13	5
X^3	1	11	6
X^4	1	10	3
X^5	1	8	1
X^6	0	6	0

X^0	1	12	5
X^1	1	12	6
X^2	1	11	6
X^3	1	10	6
X^4	1	8	3
X^5	0	3	0
X^6	1	8	2

X^0	2	29	12
X^1	2	26	11
X^2	2	24	11
X^3	8	28	12
X^4	6	23	12
X^5	1	22	4
X^6	0	11	0

X^0	1	93	39
X^1	3	99	52
X^2	1	99	52
X^3	4	96	48
X^4	0	76	42
X^5	1	62	45
X^6	6	64	37

X^0	3	31	14
X^1	3	31	14
X^2	3	33	16
X^3	3	20	15
X^4	0	16	11
X^5	0	3	0
X^6	0	0	0

X^0	4	30	10
X^1	2	24	15
X^2	2	18	5
X^3	4	20	14
X^4	2	12	5
X^5	2	3	2
X^6	1	19	11

X^0	3	80	36
X^1	1	78	37
X^2	1	60	33
X^3	1	41	16
X^4	1	40	13
X^5	1	29	7
X^6	1	43	17

X^0	5	36	22
X^1	5	35	26
X^2	5	31	23
X^3	5	31	21
X^4	5	24	19
X^5	5	20	14
X^6	2	24	19

X^0	1	41	20
X^1	1	43	19
X^2	0	39	18
X^3	1	37	15
X^4	0	26	9
X^5	1	16	10
X^6	0	25	14

X^0	1	28	14
X^1	1	24	11
X^2	1	22	5
X^3	1	14	4
X^4	4	24	13
X^5	0	0	0
X^6	1	22	11

X^0	2	23	13
X^1	1	22	10
X^2	1	21	12
X^3	1	18	9
X^4	1	17	10
X^5	1	14	10
X^6	0	14	4

X^0	4	90	45
X^1	4	87	43
X^2	4	90	45
X^3	4	93	46
X^4	4	84	43
X^5	4	51	44
X^6	3	71	39

X^0	3	466	460
X^1	3	464	457
X^2	3	463	457
X^3	3	461	455
X^4	3	461	450
X^5	1	454	450
X^6	3	456	442

X^0	1	18	9
X^1	8	21	14
X^2	4	14	7
X^3	4	13	8
X^4	3	11	4
X^5	0	0	0
X^6	0	9	2

X^0	2	416	194
X^1	1	421	198
X^2	2	423	200
X^3	2	393	194
X^4	2	355	193
X^5	2	197	193
X^6	0	204	156

X^0	3	26	17
X^1	2	21	16
X^2	0	18	6
X^3	3	26	22
X^4	0	11	9
X^5	0	21	10
X^6	0	0	0

X^0	2	53	25
X^1	3	60	33
X^2	2	60	29
X^3	2	57	23
X^4	2	57	25
X^5	2	39	36
X^6	2	34	29

X^0	3	436	218
X^1	3	433	214
X^2	3	422	213
X^3	3	403	202
X^4	5	357	189
X^5	0	166	150
X^6	0	217	194

X^0	2	315	159
X^1	2	317	160
X^2	2	316	158
X^3	2	322	161
X^4	5	318	166
X^5	5	165	163
X^6	1	155	153

X^0	3	21	9
X^1	3	21	5
X^2	1	23	11
X^3	1	19	9
X^4	2	19	10
X^5	0	16	12
X^6	2	14	3

X^0	5	63	58
X^1	2	56	51
X^2	2	54	49
X^3	2	42	36
X^4	2	50	45
X^5	0	45	41
X^6	0	42	23

X^0	1	24	8
X^1	1	24	9
X^2	1	23	9
X^3	2	24	7
X^4	2	27	14
X^5	1	25	12
X^6	0	25	7

X^0	3	20	3
X^1	3	19	5
X^2	1	18	6
X^3	2	17	7
X^4	1	16	1
X^5	1	16	5
X^6	0	13	0

X^0	5	23	13
X^1	1	21	10
X^2	1	17	10
X^3	1	16	8
X^4	1	13	10
X^5	1	15	12
X^6	0	16	10

X^0	4	24	17
X^1	2	21	14
X^2	2	23	17
X^3	1	21	13
X^4	0	18	13
X^5	0	13	6
X^6	1	17	10

X^0	3	87	52
X^1	3	84	49
X^2	3	82	49
X^3	3	67	33
X^4	3	66	35
X^5	3	35	32
X^6	1	38	31

X^0	3	73	52
X^1	3	77	52
X^2	3	79	53
X^3	10	86	59
X^4	3	50	26
X^5	3	29	26
X^6	0	28	20

X^0	3	44	24
X^1	2	46	28
X^2	2	47	29
X^3	4	45	24
X^4	2	34	25
X^5	6	34	27
X^6	5	35	18

X^0	1	32	20
X^1	3	36	23
X^2	1	32	21
X^3	1	32	20
X^4	1	33	21
X^5	3	33	21
X^6	0	18	3

X^0	0	59	28
X^1	1	59	30
X^2	3	56	32
X^3	3	52	32
X^4	0	46	26
X^5	0	30	27
X^6	0	32	14

X^0	4	33	18
X^1	2	32	14
X^2	3	31	16
X^3	4	28	17
X^4	1	25	13
X^5	1	16	13
X^6	0	14	7

X^0	3	34	16
X^1	3	29	16
X^2	2	20	8
X^3	2	10	3
X^4	2	3	2
X^5	2	8	2
X^6	0	15	8

X^0	1	1302	668
X^1	1	1311	674
X^2	3	1277	644
X^3	3	1236	611
X^4	3	1208	593
X^5	3	624	585
X^6	0	652	594

X^0	2	52	21
X^1	2	53	20
X^2	2	48	19
X^3	1	46	20
X^4	0	40	19
X^5	0	26	21
X^6	0	38	22

X^0	3	3	3
X^1	7	8	7
X^2	2	2	2
X^3	2	2	2
X^4	0	1	0
X^5	0	0	0
X^6	0	1	0

X^0	4	8	4
X^1	4	7	4
X^2	4	4	4
X^3	4	5	4
X^4	3	6	3
X^5	1	7	3
X^6	1	1	1

X^0	3	40	19
X^1	3	39	16
X^2	2	36	15
X^3	2	34	9
X^4	2	33	12
X^5	0	19	12
X^6	2	19	14

X^0	1	5	2
X^1	0	4	0
X^2	0	3	0
X^3	0	0	0
X^4	1	7	5
X^5	1	1	1
X^6	2	5	3

X^0	6	48	31
X^1	6	49	31
X^2	6	47	25
X^3	6	47	24
X^4	0	34	22
X^5	0	25	4
X^6	0	2	0

X^0	5	50	33
X^1	5	50	33
X^2	2	42	28
X^3	2	41	26
X^4	2	39	20
X^5	2	26	20
X^6	5	44	32

X^0	1	8	6
X^1	1	4	3
X^2	1	3	1
X^3	0	0	0
X^4	1	1	1
X^5	0	0	0
X^6	2	6	2

X^0	5	232	222
X^1	2	226	221
X^2	2	222	215
X^3	2	223	219
X^4	2	220	215
X^5	2	220	218
X^6	0	230	222

X^0	1	27	11
X^1	2	31	13
X^2	1	28	12
X^3	1	25	9
X^4	0	18	7
X^5	0	16	7
X^6	2	18	5

X^0	2	124	75
X^1	3	124	75
X^2	0	113	69
X^3	0	93	70
X^4	0	75	70
X^5	1	71	66
X^6	0	89	64

X^0	5	14	7
X^1	5	9	5
X^2	5	7	5
X^3	5	7	5
X^4	5	7	5
X^5	5	5	5
X^6	5	5	5

X^0	2	23	7
X^1	1	23	4
X^2	2	21	8
X^3	2	20	6
X^4	0	19	6
X^5	0	17	5
X^6	0	19	2

X^0	2	20	9
X^1	5	23	7
X^2	3	23	8
X^3	1	23	9
X^4	0	22	17
X^5	7	21	16
X^6	1	17	12

X^0	2	8	2
X^1	3	11	3
X^2	2	7	2
X^3	2	4	2
X^4	2	5	2
X^5	3	5	3
X^6	0	4	1

X^0	4	126	59
X^1	2	120	51
X^2	1	116	54
X^3	0	109	50
X^4	1	104	48
X^5	1	57	45
X^6	0	70	43

X^0	7	680	354
X^1	2	676	349
X^2	2	678	354
X^3	2	648	323
X^4	1	638	319
X^5	1	324	279
X^6	0	359	318

X^0	1	80	77
X^1	1	79	77
X^2	1	80	78
X^3	1	78	76
X^4	1	78	76
X^5	1	78	70
X^6	1	1	1

X^0	2	30	20
X^1	4	33	24
X^2	2	34	20
X^3	2	32	15
X^4	2	29	14
X^5	2	18	14
X^6	0	20	11

X^0	3	61	47
X^1	4	60	48
X^2	3	56	43
X^3	2	48	47
X^4	1	44	38
X^5	1	31	30
X^6	1	36	27

X^0	4	292	102
X^1	1	291	102
X^2	1	285	94
X^3	2	220	97
X^4	1	267	93
X^5	5	193	107
X^6	2	231	99

X^0	2	18	6
X^1	1	14	4
X^2	1	13	5
X^3	1	13	5
X^4	1	9	5
X^5	0	8	5
X^6	1	7	2

X^0	4	10	7
X^1	2	9	8
X^2	3	7	3
X^3	2	8	7
X^4	2	8	4
X^5	2	2	2
X^6	1	8	4

X^0	7	18	8
X^1	7	16	7
X^2	7	12	7
X^3	7	12	7
X^4	1	9	5
X^5	1	3	1
X^6	0	8	6

X^0	1	12	4
X^1	1	8	2
X^2	1	7	2
X^3	1	8	1
X^4	1	10	5
X^5	1	6	1
X^6	1	3	1

X^0	5	30	18
X^1	5	32	15
X^2	5	28	17
X^3	5	28	12
X^4	2	25	14
X^5	4	25	13
X^6	0	17	3

X^0	1	21	16
X^1	1	12	6
X^2	1	7	1
X^3	2	7	2
X^4	1	6	1
X^5	2	2	2
X^6	1	13	6

X^0	2	9	5
X^1	1	5	2
X^2	5	8	5
X^3	1	4	1
X^4	1	5	2
X^5	1	1	1
X^6	0	5	1

X^0	3	52	31
X^1	4	57	37
X^2	3	48	31
X^3	3	18	12
X^4	3	32	20
X^5	3	12	9
X^6	1	32	30

X^0	3	12	8
X^1	4	10	6
X^2	0	5	0
X^3	2	8	3
X^4	1	6	2
X^5	1	3	1
X^6	0	8	4

X^0	2	65	33
X^1	4	70	36
X^2	2	66	30
X^3	2	66	31
X^4	2	64	33
X^5	2	31	29
X^6	0	34	31

X^0	1	31	20
X^1	1	38	17
X^2	4	36	24
X^3	1	31	20
X^4	1	25	13
X^5	1	18	13
X^6	1	19	4

X^0	3	123	44
X^1	3	122	45
X^2	2	115	43
X^3	2	83	40
X^4	1	83	40
X^5	1	66	40
X^6	0	74	37

X^0	3	1231	611
X^1	3	1224	612
X^2	3	1235	618
X^3	2	1226	611
X^4	2	1149	611
X^5	2	615	611
X^6	2	633	615

X^0	3	33	20
X^1	3	34	21
X^2	3	34	21
X^3	0	41	28
X^4	3	26	19
X^5	0	22	16
X^6	3	17	7

X^0	2	45	28
X^1	3	44	29
X^2	2	36	27
X^3	2	29	23
X^4	3	36	29
X^5	2	24	22
X^6	1	35	21

X^0	3	17	14
X^1	1	17	14
X^2	1	14	11
X^3	1	7	4
X^4	0	1	0
X^5	1	6	4
X^6	0	8	6

X^0	0	354	186
X^1	0	354	187
X^2	1	317	167
X^3	0	239	116
X^4	2	201	120
X^5	0	113	68
X^6	5	200	118

X^0	3	61	29
X^1	9	68	37
X^2	3	62	31
X^3	1	56	28
X^4	2	58	38
X^5	2	53	21
X^6	1	36	2

X^0	3	54	25
X^1	3	47	18
X^2	4	40	31
X^3	2	24	13
X^4	5	27	18
X^5	2	17	12
X^6	0	16	4

X^0	1	288	156
X^1	3	288	153
X^2	1	288	153
X^3	1	280	140
X^4	1	286	150
X^5	1	135	131
X^6	0	159	151

X^0	4	44	25
X^1	6	40	24
X^2	1	36	17
X^3	1	35	16
X^4	0	30	14
X^5	2	27	15
X^6	0	4	0

X^0	2	68	54
X^1	2	75	55
X^2	2	79	62
X^3	2	83	71
X^4	1	76	63
X^5	4	84	83
X^6	0	66	40

X^0	2	7	2
X^1	1	7	1
X^2	7	12	7
X^3	7	38	31
X^4	2	99	90
X^5	7	7	7
X^6	0	98	95

X^0	1	18	10
X^1	0	18	9
X^2	1	13	6
X^3	4	18	14
X^4	0	19	5
X^5	1	9	2
X^6	11	30	20

X^0	5	28	17
X^1	2	21	10
X^2	2	25	11
X^3	2	19	10
X^4	2	22	13
X^5	2	15	13
X^6	1	16	12

X^0	2	23	12
X^1	2	23	12
X^2	1	23	12
X^3	2	23	11
X^4	1	13	10
X^5	3	3	3
X^6	1	14	12

X^0	4	806	393
X^1	2	783	393
X^2	2	782	393
X^3	2	760	393
X^4	2	786	397
X^5	2	400	397
X^6	0	414	385

X^0	1	34	16
X^1	2	38	20
X^2	1	34	17
X^3	2	32	21
X^4	1	21	15
X^5	1	22	15
X^6	0	17	0

X^0	1	153	74
X^1	1	150	73
X^2	1	146	72
X^3	1	93	73
X^4	0	149	76
X^5	1	83	79
X^6	8	85	81

X^0	1	13	5
X^1	0	10	2
X^2	1	10	1
X^3	0	7	0
X^4	2	10	3
X^5	1	10	1
X^6	1	10	1

X^0	3	30	18
X^1	4	29	19
X^2	1	24	17
X^3	7	27	19
X^4	5	22	5
X^5	2	20	16
X^6	0	25	14

X^0	2	6	4
X^1	1	4	2
X^2	2	6	2
X^3	1	4	1
X^4	1	3	1
X^5	1	3	1
X^6	1	1	1

X^0	1	84	48
X^1	1	84	48
X^2	0	76	41
X^3	0	75	40
X^4	2	67	38
X^5	1	36	36
X^6	0	34	27

X^0	1	47	18
X^1	1	50	21
X^2	2	42	19
X^3	3	38	17
X^4	1	23	3
X^5	1	22	1
X^6	0	31	10

X^0	2	58	38
X^1	3	69	46
X^2	2	61	38
X^3	1	48	33
X^4	1	40	18
X^5	1	17	8
X^6	1	50	29

X^0	2	36	15
X^1	1	30	12
X^2	3	32	15
X^3	3	28	15
X^4	6	27	14
X^5	3	20	9
X^6	0	16	3

X^0	2	40	20
X^1	3	45	21
X^2	3	48	24
X^3	2	47	21
X^4	2	48	26
X^5	2	33	31
X^6	1	22	20

X^0	8	80	47
X^1	2	76	41
X^2	2	75	39
X^3	2	73	36
X^4	1	73	36
X^5	0	35	30
X^6	0	42	36

X^0	1	162	81
X^1	5	169	88
X^2	1	163	81
X^3	1	158	77
X^4	1	133	75
X^5	2	79	75
X^6	1	83	75

X^0	7	10	7
X^1	4	6	4
X^2	2	4	2
X^3	1	4	1
X^4	1	4	1
X^5	1	1	1
X^6	0	4	0

X^0	3	27	12
X^1	2	30	16
X^2	3	30	16
X^3	3	30	10
X^4	2	28	19
X^5	2	26	21
X^6	3	18	14

X^0	2	18	2
X^1	2	21	8
X^2	1	17	2
X^3	1	16	8
X^4	0	15	11
X^5	2	13	7
X^6	0	7	0

X^0	2	27	15
X^1	3	33	12
X^2	1	27	16
X^3	1	27	20
X^4	1	23	22
X^5	2	23	14
X^6	0	4	0

X^0	1	10	8
X^1	0	9	4
X^2	1	8	7
X^3	0	5	2
X^4	0	0	0
X^5	0	1	1
X^6	0	7	4

X^0	0	16	6
X^1	0	16	8
X^2	0	17	8
X^3	3	20	12
X^4	1	16	10
X^5	1	15	11
X^6	0	13	4

X^0	4	48	36
X^1	0	49	34
X^2	0	44	36
X^3	3	42	41
X^4	2	38	34
X^5	0	28	27
X^6	1	41	28

X^0	2	27	17
X^1	1	29	14
X^2	1	28	13
X^3	1	21	13
X^4	1	20	13
X^5	0	22	11
X^6	0	15	2

X^0	2	127	68
X^1	1	124	67
X^2	1	120	67
X^3	4	125	69
X^4	1	97	67
X^5	4	92	65
X^6	0	73	24

X^0	2	38	17
X^1	1	37	18
X^2	1	34	16
X^3	1	32	18
X^4	1	31	16
X^5	4	37	22
X^6	1	31	9

X^0	4	50	27
X^1	1	43	21
X^2	3	45	23
X^3	1	37	19
X^4	4	38	21
X^5	1	18	9
X^6	0	4	0

X^0	3	66	55
X^1	1	64	55
X^2	0	61	55
X^3	3	60	51
X^4	0	52	33
X^5	0	37	33
X^6	0	52	30

X^0	6	22	17
X^1	2	22	16
X^2	3	20	14
X^3	5	19	16
X^4	2	17	16
X^5	1	13	11
X^6	1	1	1

X^0	5	28	22
X^1	1	21	19
X^2	0	13	8
X^3	3	14	11
X^4	0	2	0
X^5	1	10	7
X^6	0	20	18

X^0	2	39	19
X^1	4	36	16
X^2	1	34	13
X^3	4	36	18
X^4	3	34	14
X^5	0	26	15
X^6	7	31	11

X^0	2	28	21
X^1	2	27	15
X^2	6	29	23
X^3	1	24	18
X^4	4	24	17
X^5	3	27	11
X^6	0	12	0

X^0	3	30	12
X^1	3	31	11
X^2	1	27	9
X^3	1	23	6
X^4	1	18	6
X^5	3	14	7
X^6	7	24	12

X^0	2	24	11
X^1	1	21	8
X^2	1	18	5
X^3	4	19	9
X^4	1	19	7
X^5	4	15	12
X^6	0	15	6

X^0	2	355	175
X^1	2	352	173
X^2	1	346	171
X^3	0	342	167
X^4	0	340	169
X^5	0	173	169
X^6	0	176	166

X^0	3	120	72
X^1	3	120	73
X^2	3	120	72
X^3	2	117	81
X^4	2	76	72
X^5	1	56	42
X^6	1	16	1

X^0	2	49	30
X^1	2	46	31
X^2	4	48	32
X^3	3	46	32
X^4	3	36	24
X^5	3	32	24
X^6	0	26	8

X^0	3	5	3
X^1	3	6	3
X^2	3	4	3
X^3	3	3	3
X^4	3	4	3
X^5	3	3	3
X^6	0	2	0

X^0	1	216	110
X^1	1	215	109
X^2	1	215	109
X^3	1	213	107
X^4	0	204	97
X^5	0	106	92
X^6	0	112	98

X^0	1	54	23
X^1	2	54	25
X^2	4	50	24
X^3	1	45	22
X^4	6	50	17
X^5	0	34	14
X^6	1	42	18

X^0	8	37	18
X^1	3	26	11
X^2	3	24	5
X^3	3	21	10
X^4	3	16	3
X^5	3	3	3
X^6	1	22	9

X^0	5	17	7
X^1	6	14	9
X^2	1	12	5
X^3	3	10	3
X^4	1	10	4
X^5	1	7	2
X^6	2	8	3

X^0	2	35	25
X^1	2	34	26
X^2	2	33	27
X^3	1	30	23
X^4	3	32	30
X^5	1	27	26
X^6	0	30	26

X^0	4	38	18
X^1	3	37	16
X^2	2	35	13
X^3	2	35	13
X^4	3	36	17
X^5	1	22	16
X^6	0	20	13

X^0	1	25	12
X^1	1	23	12
X^2	1	21	11
X^3	1	14	8
X^4	2	15	8
X^5	0	10	4
X^6	1	14	5

X^0	3	16	5
X^1	3	16	9
X^2	3	17	8
X^3	2	17	6
X^4	1	16	6
X^5	0	12	5
X^6	0	4	0

X^0	2	31	14
X^1	2	29	14
X^2	2	26	9
X^3	2	23	2
X^4	2	12	2
X^5	1	12	8
X^6	2	23	10

X^0	1	49	26
X^1	2	50	27
X^2	2	41	28
X^3	0	30	16
X^4	0	21	6
X^5	1	19	10
X^6	2	26	19

X^0	6	82	39
X^1	6	76	34
X^2	6	71	32
X^3	6	39	33
X^4	5	56	34
X^5	1	19	9
X^6	0	42	29

X^0	2	19	7
X^1	3	19	7
X^2	2	16	10
X^3	2	14	10
X^4	2	17	10
X^5	3	13	5
X^6	1	14	7

X^0	3	31	19
X^1	3	34	19
X^2	5	41	17
X^3	3	38	20
X^4	3	17	14
X^5	3	20	16
X^6	0	23	19

X^0	2	260	126
X^1	6	264	133
X^2	2	254	127
X^3	2	248	123
X^4	3	244	120
X^5	3	127	120
X^6	1	125	116

X^0	2	11	4
X^1	2	16	9
X^2	1	13	5
X^3	2	16	11
X^4	1	8	6
X^5	2	10	8
X^6	0	0	0

X^0	0	21	9
X^1	1	20	9
X^2	4	23	12
X^3	0	18	7
X^4	0	16	4
X^5	1	15	7
X^6	1	13	4

X^0	2	32	21
X^1	2	32	21
X^2	3	34	22
X^3	2	31	18
X^4	2	31	7
X^5	0	23	18
X^6	1	24	18

X^0	2	5	2
X^1	3	8	3
X^2	2	6	3
X^3	2	5	2
X^4	2	2	2
X^5	2	2	2
X^6	1	4	1

X^0	3	8	3
X^1	1	9	3
X^2	2	12	6
X^3	0	9	4
X^4	3	8	6
X^5	1	5	1
X^6	2	10	7

X^0	2	22	15
X^1	5	24	17
X^2	3	18	10
X^3	3	11	4
X^4	1	13	6
X^5	1	4	1
X^6	5	19	8

X^0	1	64	24
X^1	1	63	28
X^2	1	47	28
X^3	3	62	27
X^4	2	48	29
X^5	1	47	22
X^6	0	12	0

X^0	4	11	5
X^1	3	10	7
X^2	3	9	6
X^3	3	8	3
X^4	3	9	5
X^5	0	8	4
X^6	0	0	0

X^0	5	46	22
X^1	5	45	21
X^2	4	42	26
X^3	3	36	20
X^4	0	31	17
X^5	5	31	23
X^6	1	29	18

X^0	7	136	72
X^1	2	132	69
X^2	2	131	68
X^3	1	118	61
X^4	1	102	48
X^5	0	55	35
X^6	1	67	46

X^0	1	30	12
X^1	5	33	16
X^2	1	23	11
X^3	2	22	12
X^4	1	17	8
X^5	1	17	6
X^6	1	15	1

X^0	4	50	13
X^1	4	47	15
X^2	4	44	12
X^3	4	35	9
X^4	4	36	14
X^5	0	35	9
X^6	0	39	8

X^0	2	8	2
X^1	2	7	2
X^2	2	8	2
X^3	4	7	4
X^4	2	8	3
X^5	4	5	4
X^6	3	11	3

X^0	4	58	30
X^1	6	58	30
X^2	1	53	27
X^3	1	52	27
X^4	1	49	27
X^5	1	26	23
X^6	0	12	8

X^0	2	155	76
X^1	2	153	75
X^2	2	147	75
X^3	2	148	80
X^4	2	133	64
X^5	1	73	64
X^6	2	72	59

X^0	3	5	3
X^1	3	5	3
X^2	2	4	2
X^3	2	4	2
X^4	1	4	1
X^5	1	3	1
X^6	0	4	0

X^0	1	20	13
X^1	1	20	12
X^2	0	20	15
X^3	6	24	19
X^4	1	18	13
X^5	1	13	4
X^6	0	0	0

X^0	2	46	24
X^1	2	46	26
X^2	3	53	33
X^3	1	42	22
X^4	2	36	17
X^5	1	19	2
X^6	2	33	17

X^0	2	109	54
X^1	2	112	59
X^2	3	115	62
X^3	1	108	53
X^4	2	107	56
X^5	0	53	48
X^6	0	3	0

X^0	2	39	14
X^1	3	42	15
X^2	2	33	10
X^3	2	28	10
X^4	2	25	12
X^5	2	26	14
X^6	1	24	7

X^0	2	155	82
X^1	2	158	85
X^2	2	158	85
X^3	2	140	77
X^4	2	115	73
X^5	2	84	67
X^6	0	82	43

X^0	4	50	22
X^1	3	48	19
X^2	3	47	17
X^3	3	41	15
X^4	3	41	23
X^5	3	23	19
X^6	1	29	11

X^0	3	33	24
X^1	3	38	27
X^2	3	34	24
X^3	3	33	22
X^4	2	28	19
X^5	3	20	18
X^6	2	18	9

X^0	6	36	13
X^1	6	28	9
X^2	6	36	19
X^3	6	28	9
X^4	6	31	20
X^5	6	18	12
X^6	1	22	8

X^0	2	29	10
X^1	2	27	10
X^2	2	28	13
X^3	2	24	13
X^4	5	32	12
X^5	2	18	11
X^6	0	17	9

X^0	2	34	17
X^1	2	32	17
X^2	2	31	17
X^3	2	25	18
X^4	2	14	6
X^5	2	2	2
X^6	0	17	10

X^0	4	13	4
X^1	1	12	5
X^2	2	14	5
X^3	5	16	8
X^4	2	12	4
X^5	0	12	5
X^6	0	0	0

X^0	1	68	63
X^1	1	67	62
X^2	1	66	66
X^3	2	65	64
X^4	0	51	50
X^5	0	51	50
X^6	0	0	0

X^0	2	27	11
X^1	1	25	10
X^2	2	26	12
X^3	1	18	8
X^4	2	16	8
X^5	1	6	1
X^6	0	3	0

X^0	3	31	18
X^1	8	41	26
X^2	3	34	18
X^3	2	26	16
X^4	2	15	12
X^5	2	9	3
X^6	1	11	6

X^0	2	47	23
X^1	3	46	23
X^2	1	43	22
X^3	1	42	22
X^4	3	42	23
X^5	0	20	18
X^6	0	24	13

X^0	6	18	15
X^1	3	10	6
X^2	5	15	11
X^3	3	10	6
X^4	3	7	3
X^5	3	3	3
X^6	0	7	2

X^0	6	67	35
X^1	4	69	37
X^2	1	63	37
X^3	1	54	37
X^4	2	44	26
X^5	2	40	26
X^6	1	31	9

X^0	4	40	33
X^1	6	39	34
X^2	6	37	29
X^3	5	36	31
X^4	2	34	30
X^5	5	32	9
X^6	2	3	2

X^0	2	131	54
X^1	2	131	56
X^2	2	116	48
X^3	3	100	36
X^4	2	85	18
X^5	2	75	20
X^6	1	66	13

X^0	3	89	38
X^1	3	85	40
X^2	4	84	37
X^3	1	68	37
X^4	2	56	25
X^5	2	38	26
X^6	1	39	18

X^0	2	18	4
X^1	2	12	3
X^2	4	18	9
X^3	1	12	2
X^4	4	12	4
X^5	1	2	1
X^6	2	13	4

X^0	1	290	146
X^1	1	290	146
X^2	2	291	145
X^3	0	279	139
X^4	0	270	137
X^5	2	139	128
X^6	2	138	127

X^0	3	37	13
X^1	2	37	16
X^2	3	37	17
X^3	1	29	9
X^4	3	33	17
X^5	1	25	13
X^6	0	26	6

X^0	3	16	4
X^1	1	14	3
X^2	1	15	8
X^3	1	14	6
X^4	0	11	1
X^5	1	1	1
X^6	2	16	7

X^0	3	79	42
X^1	3	79	40
X^2	3	83	43
X^3	3	84	44
X^4	4	82	44
X^5	1	41	36
X^6	0	48	34

X^0	3	341	153
X^1	3	344	157
X^2	3	342	155
X^3	3	293	141
X^4	3	299	155
X^5	0	144	141
X^6	3	199	150

X^0	2	449	221
X^1	2	450	222
X^2	2	441	227
X^3	2	443	229
X^4	2	440	225
X^5	2	231	225
X^6	0	233	209

X^0	1	24	11
X^1	6	22	15
X^2	3	14	3
X^3	1	6	2
X^4	0	7	0
X^5	1	11	6
X^6	0	0	0

X^0	5	19	14
X^1	4	15	11
X^2	2	15	8
X^3	2	9	5
X^4	2	3	2
X^5	0	9	1
X^6	0	0	0

X^0	2	53	25
X^1	2	54	29
X^2	2	50	28
X^3	2	48	24
X^4	2	37	30
X^5	1	26	24
X^6	1	8	2

X^0	3	49	24
X^1	2	49	24
X^2	4	52	26
X^3	0	46	24
X^4	5	48	27
X^5	2	27	24
X^6	0	25	17

X^0	3	22	15
X^1	3	22	12
X^2	3	24	11
X^3	3	11	3
X^4	2	9	2
X^5	2	7	2
X^6	3	11	3

X^0	2	101	58
X^1	2	101	58
X^2	1	100	55
X^3	1	99	56
X^4	1	99	56
X^5	1	59	56
X^6	0	53	49

X^0	3	37	8
X^1	2	39	14
X^2	1	35	16
X^3	1	29	12
X^4	1	25	11
X^5	3	17	13
X^6	0	23	11

X^0	6	22	8
X^1	3	16	4
X^2	3	15	3
X^3	3	15	3
X^4	2	15	2
X^5	0	14	2
X^6	0	13	2

X^0	6	1608	797
X^1	7	1615	805
X^2	1	1601	806
X^3	2	1584	791
X^4	1	1584	786
X^5	2	795	776
X^6	0	811	790

X^0	2	41	21
X^1	2	43	21
X^2	2	40	25
X^3	1	38	30
X^4	2	30	21
X^5	1	33	21
X^6	1	13	1

X^0	8	32	16
X^1	5	28	14
X^2	2	26	15
X^3	1	25	16
X^4	6	27	19
X^5	3	19	16
X^6	7	19	12

X^0	5	13	6
X^1	2	8	6
X^2	3	16	11
X^3	1	12	9
X^4	3	13	11
X^5	2	8	3
X^6	6	14	9

X^0	3	40	18
X^1	1	38	17
X^2	2	33	20
X^3	2	33	20
X^4	1	32	19
X^5	1	28	19
X^6	0	28	10

X^0	2	18	3
X^1	2	18	5
X^2	2	16	8
X^3	2	16	9
X^4	1	11	1
X^5	1	11	6
X^6	0	12	6

X^0	3	95	62
X^1	3	92	61
X^2	3	94	61
X^3	1	68	59
X^4	1	57	38
X^5	1	26	23
X^6	0	49	30

X^0	2	15	5
X^1	2	13	8
X^2	2	9	4
X^3	1	8	7
X^4	1	13	4
X^5	1	1	1
X^6	2	14	8

X^0	3	285	184
X^1	3	285	184
X^2	3	276	175
X^3	3	258	159
X^4	3	219	122
X^5	1	149	102
X^6	1	3	1

X^0	1	35	15
X^1	6	42	21
X^2	1	36	16
X^3	1	33	17
X^4	9	34	25
X^5	5	20	12
X^6	1	21	8

X^0	2	12	8
X^1	1	13	9
X^2	2	12	8
X^3	2	7	2
X^4	3	6	3
X^5	1	8	6
X^6	0	0	0

X^0	2	135	122
X^1	2	133	120
X^2	2	127	120
X^3	2	125	120
X^4	2	125	118
X^5	2	155	151
X^6	0	151	147

X^0	3	27	10
X^1	3	27	10
X^2	3	25	10
X^3	3	24	10
X^4	3	19	10
X^5	3	20	11
X^6	1	20	5

X^0	2	17	8
X^1	2	14	5
X^2	2	14	6
X^3	3	16	9
X^4	2	12	4
X^5	2	7	4
X^6	1	11	7

X^0	3	5	3
X^1	3	3	3
X^2	3	3	3
X^3	3	3	3
X^4	2	5	2
X^5	0	0	0
X^6	2	5	2

X^0	2	78	39
X^1	0	73	30
X^2	5	78	38
X^3	6	77	39
X^4	4	73	35
X^5	0	37	27
X^6	3	45	34

X^0	1	21	5
X^1	1	24	5
X^2	1	17	7
X^3	1	16	5
X^4	1	3	1
X^5	0	10	4
X^6	0	15	4

X^0	3	129	60
X^1	5	132	66
X^2	4	133	67
X^3	3	128	63
X^4	3	115	62
X^5	3	65	62
X^6	4	59	50

X^0	1	328	290
X^1	2	327	292
X^2	1	323	289
X^3	1	315	290
X^4	1	283	282
X^5	0	280	279
X^6	1	291	287

X^0	2	110	55
X^1	3	114	59
X^2	2	106	51
X^3	2	88	45
X^4	1	74	34
X^5	1	56	37
X^6	0	57	37

X^0	2	32	14
X^1	7	41	20
X^2	2	32	15
X^3	2	31	13
X^4	2	29	10
X^5	4	27	9
X^6	0	14	0

X^0	1	25	14
X^1	1	24	14
X^2	1	21	9
X^3	2	28	12
X^4	0	18	12
X^5	1	21	18
X^6	4	22	13

X^0	1	166	81
X^1	1	171	88
X^2	1	173	87
X^3	2	167	87
X^4	0	175	89
X^5	2	89	88
X^6	0	97	83

X^0	2	108	53
X^1	4	109	53
X^2	5	106	55
X^3	2	97	49
X^4	2	90	48
X^5	2	56	45
X^6	2	13	2

X^0	7	241	146
X^1	7	241	150
X^2	7	231	152
X^3	7	230	152
X^4	2	291	148
X^5	1	160	148
X^6	2	166	129

X^0	2	47	21
X^1	3	48	23
X^2	2	45	21
X^3	4	43	23
X^4	3	43	23
X^5	4	23	18
X^6	0	30	21

X^0	1	23	14
X^1	2	23	13
X^2	1	18	14
X^3	1	19	13
X^4	1	18	17
X^5	1	18	17
X^6	0	20	16

X^0	3	107	49
X^1	4	108	53
X^2	1	105	54
X^3	2	105	55
X^4	2	105	53
X^5	0	54	53
X^6	2	52	51

X^0	1	65	19
X^1	1	69	16
X^2	2	70	27
X^3	1	57	23
X^4	1	46	21
X^5	0	50	31
X^6	0	33	6

X^0	4	39	11
X^1	3	42	20
X^2	6	37	19
X^3	6	30	13
X^4	2	26	11
X^5	0	21	8
X^6	0	16	2

X^0	1	528	263
X^1	1	528	262
X^2	2	528	264
X^3	1	527	262
X^4	1	524	262
X^5	0	270	266
X^6	0	264	260

X^0	1	313	150
X^1	3	321	158
X^2	6	321	161
X^3	1	309	153
X^4	3	310	154
X^5	0	155	146
X^6	5	132	117

X^0	5	52	24
X^1	4	51	20
X^2	4	48	22
X^3	4	41	20
X^4	4	32	13
X^5	4	30	13
X^6	2	36	15

X^0	5	10	6
X^1	4	5	4
X^2	3	8	3
X^3	2	6	2
X^4	2	4	2
X^5	2	2	2
X^6	1	4	1

X^0	2	2	2
X^1	2	2	2
X^2	2	2	2
X^3	2	2	2
X^4	1	2	1
X^5	1	1	1
X^6	0	1	0

X^0	2	71	39
X^1	2	69	40
X^2	2	69	40
X^3	0	53	43
X^4	1	36	31
X^5	0	24	9
X^6	0	12	0

X^0	2	20	13
X^1	2	18	12
X^2	1	20	13
X^3	2	21	14
X^4	1	14	7
X^5	1	8	3
X^6	0	11	6

X^0	3	13	4
X^1	3	7	3
X^2	3	5	3
X^3	0	4	0
X^4	0	1	0
X^5	1	1	1
X^6	0	7	2

X^0	1	5	2
X^1	1	3	1
X^2	1	1	1
X^3	1	2	1
X^4	1	1	1
X^5	1	1	1
X^6	1	5	4

X^0	1	21	6
X^1	3	16	6
X^2	2	18	8
X^3	1	16	6
X^4	2	21	11
X^5	0	16	10
X^6	0	10	3

X^0	1	57	27
X^1	2	60	30
X^2	2	61	31
X^3	1	55	22
X^4	1	49	28
X^5	0	25	22
X^6	1	28	20

X^0	4	18	8
X^1	4	19	9
X^2	4	18	4
X^3	1	7	1
X^4	2	32	23
X^5	1	1	1
X^6	1	28	16

X^0	4	13	6
X^1	8	16	9
X^2	1	12	5
X^3	5	10	5
X^4	5	6	5
X^5	1	9	2
X^6	0	5	0

X^0	2	524	262
X^1	2	525	263
X^2	2	527	265
X^3	2	523	255
X^4	2	520	257
X^5	2	261	253
X^6	0	251	240

X^0	1	18	4
X^1	1	17	3
X^2	0	17	3
X^3	1	16	4
X^4	5	26	17
X^5	0	9	7
X^6	0	14	12

X^0	8	38	18
X^1	4	37	16
X^2	2	35	15
X^3	2	35	17
X^4	0	27	11
X^5	0	16	10
X^6	0	26	10

X^0	3	37	26
X^1	3	38	26
X^2	5	40	28
X^3	5	38	25
X^4	3	33	12
X^5	0	19	17
X^6	0	31	16

X^0	2	14	3
X^1	2	10	4
X^2	2	10	4
X^3	3	12	3
X^4	2	8	2
X^5	4	7	4
X^6	3	14	6

X^0	2	29	16
X^1	2	30	18
X^2	2	25	15
X^3	2	25	20
X^4	2	25	2
X^5	3	7	4
X^6	3	26	3

X^0	3	28	16
X^1	3	25	16
X^2	3	26	17
X^3	4	16	5
X^4	1	19	10
X^5	6	24	15
X^6	1	9	1

X^0	3	35	21
X^1	3	36	22
X^2	3	35	19
X^3	3	33	22
X^4	5	27	11
X^5	3	3	3
X^6	1	25	11

X^0	1	28	18
X^1	4	32	20
X^2	0	28	14
X^3	1	29	15
X^4	2	30	17
X^5	1	24	11
X^6	0	9	0

X^0	1	28	24
X^1	1	27	21
X^2	1	31	23
X^3	1	28	20
X^4	1	25	21
X^5	5	27	23
X^6	1	1	1

X^0	2	16	8
X^1	3	16	8
X^2	2	16	5
X^3	0	15	7
X^4	2	10	7
X^5	2	12	7
X^6	0	7	0

X^0	8	28	13
X^1	2	21	11
X^2	1	20	10
X^3	1	15	9
X^4	2	14	4
X^5	1	5	1
X^6	0	14	3

X^0	1	1068	535
X^1	1	1068	535
X^2	3	1070	536
X^3	1	1068	533
X^4	1	1066	535
X^5	0	535	535
X^6	0	533	528

X^0	1	23	14
X^1	3	25	16
X^2	1	19	10
X^3	1	18	9
X^4	3	16	6
X^5	0	9	1
X^6	3	13	4

X^0	3	27	11
X^1	3	25	13
X^2	3	24	13
X^3	3	19	12
X^4	3	13	5
X^5	3	5	3
X^6	1	1	1

X^0	3	157	91
X^1	3	158	89
X^2	3	159	82
X^3	3	162	80
X^4	2	165	80
X^5	2	91	87
X^6	1	105	88

X^0	2	51	43
X^1	3	54	51
X^2	1	52	49
X^3	1	53	50
X^4	1	51	47
X^5	1	48	43
X^6	1	1	1

X^0	2	7	5
X^1	4	9	7
X^2	1	6	1
X^3	0	5	2
X^4	0	4	2
X^5	0	3	1
X^6	2	7	4

X^0	3	90	50
X^1	1	81	43
X^2	1	71	41
X^3	1	59	34
X^4	1	59	30
X^5	1	37	22
X^6	1	44	22

X^0	3	1356	688
X^1	3	1356	688
X^2	3	1356	689
X^3	3	1356	689
X^4	3	1363	704
X^5	3	700	697
X^6	0	755	699

X^0	2	7	5
X^1	3	8	6
X^2	2	6	4
X^3	2	4	2
X^4	2	5	2
X^5	2	2	2
X^6	1	5	3

X^0	1	397	202
X^1	1	396	201
X^2	3	402	206
X^3	1	394	200
X^4	3	391	197
X^5	0	194	188
X^6	2	205	199

X^0	2	112	55
X^1	1	112	55
X^2	2	113	57
X^3	1	109	55
X^4	1	100	53
X^5	3	65	51
X^6	0	9	0

X^0	4	334	162
X^1	4	337	169
X^2	4	338	170
X^3	4	335	167
X^4	4	334	167
X^5	4	169	160
X^6	1	173	164

X^0	1	43	24
X^1	1	43	24
X^2	2	42	24
X^3	1	42	24
X^4	1	40	12
X^5	0	4	0
X^6	0	40	11

X^0	4	42	19
X^1	7	44	20
X^2	5	38	15
X^3	3	32	12
X^4	2	22	11
X^5	2	15	6
X^6	0	20	8

X^0	5	36	23
X^1	5	35	21
X^2	9	41	26
X^3	4	37	18
X^4	4	35	23
X^5	1	30	22
X^6	2	29	14

X^0	2	42	21
X^1	4	45	24
X^2	2	40	18
X^3	2	38	17
X^4	2	39	16
X^5	2	33	5
X^6	2	20	2

X^0	3	26	23
X^1	3	26	20
X^2	3	25	18
X^3	3	26	22
X^4	1	28	20
X^5	0	30	26
X^6	0	24	20

X^0	1	309	142
X^1	1	307	141
X^2	1	284	141
X^3	2	261	140
X^4	2	263	143
X^5	2	147	141
X^6	2	146	115

X^0	1	50	29
X^1	1	50	29
X^2	1	47	29
X^3	1	43	29
X^4	0	33	21
X^5	0	17	14
X^6	0	23	12

X^0	1	40	14
X^1	2	37	15
X^2	3	40	20
X^3	2	35	5
X^4	1	18	1
X^5	0	0	0
X^6	6	40	22

X^0	2	141	121
X^1	2	135	121
X^2	2	135	123
X^3	2	130	120
X^4	2	130	120
X^5	2	131	128
X^6	1	132	114

X^0	6	52	28
X^1	2	50	25
X^2	3	43	21
X^3	3	37	24
X^4	2	33	26
X^5	11	43	38
X^6	1	34	18

X^0	2	15	11
X^1	2	12	4
X^2	2	8	4
X^3	2	8	4
X^4	2	8	5
X^5	2	8	5
X^6	1	7	1

X^0	2	27	25
X^1	7	34	28
X^2	2	27	21
X^3	0	20	17
X^4	0	6	1
X^5	0	20	15
X^6	0	0	0

X^0	3	35	9
X^1	2	33	10
X^2	2	42	22
X^3	2	30	16
X^4	2	30	17
X^5	2	26	22
X^6	1	13	5

X^0	1	23	10
X^1	3	25	12
X^2	1	22	7
X^3	4	24	13
X^4	1	10	8
X^5	1	14	10
X^6	1	1	1

X^0	1	59	30
X^1	1	57	27
X^2	1	57	27
X^3	1	57	23
X^4	1	52	28
X^5	1	30	28
X^6	1	33	22

X^0	3	11	4
X^1	3	10	4
X^2	3	8	3
X^3	2	6	3
X^4	2	3	2
X^5	6	7	6
X^6	0	0	0

X^0	3	38	23
X^1	3	35	21
X^2	3	31	20
X^3	3	24	15
X^4	3	19	7
X^5	3	19	9
X^6	0	17	8

X^0	3	26	16
X^1	1	24	13
X^2	1	20	7
X^3	2	22	12
X^4	1	22	11
X^5	1	17	8
X^6	0	14	7

X^0	3	13	11
X^1	2	8	6
X^2	1	11	7
X^3	0	11	10
X^4	0	3	2
X^5	0	0	0
X^6	0	3	2

X^0	3	5	3
X^1	3	6	3
X^2	1	5	1
X^3	1	3	1
X^4	1	6	4
X^5	1	1	1
X^6	1	1	1

X^0	1	77	42
X^1	1	76	40
X^2	0	76	39
X^3	1	76	39
X^4	0	76	39
X^5	2	37	31
X^6	0	40	37

X^0	3	133	60
X^1	2	139	66
X^2	2	138	64
X^3	3	127	66
X^4	1	101	54
X^5	2	76	49
X^6	0	3	0

X^0	3	10	3
X^1	4	11	4
X^2	2	7	3
X^3	1	9	4
X^4	1	1	1
X^5	0	7	2
X^6	0	0	0

X^0	1	225	113
X^1	2	229	116
X^2	0	225	108
X^3	1	223	118
X^4	4	221	118
X^5	2	115	111
X^6	0	121	113

X^0	1	982	490
X^1	12	984	494
X^2	12	980	494
X^3	12	979	498
X^4	12	868	499
X^5	1	491	484
X^6	3	512	471

X^0	3	54	28
X^1	1	59	26
X^2	1	56	28
X^3	1	49	28
X^4	0	41	24
X^5	0	37	21
X^6	1	36	8

X^0	4	14	8
X^1	3	11	7
X^2	1	11	8
X^3	0	11	6
X^4	3	11	8
X^5	7	16	12
X^6	0	8	2

X^0	2	44	20
X^1	1	43	20
X^2	1	47	20
X^3	1	27	18
X^4	1	10	1
X^5	1	1	1
X^6	0	10	1

X^0	2	22	10
X^1	1	19	5
X^2	1	17	4
X^3	1	18	2
X^4	1	10	1
X^5	1	6	2
X^6	1	18	8

X^0	2	10	6
X^1	1	7	3
X^2	2	7	4
X^3	1	3	1
X^4	1	4	1
X^5	1	1	1
X^6	0	6	3

X^0	1	40	20
X^1	2	42	18
X^2	1	41	17
X^3	3	46	21
X^4	1	39	18
X^5	1	25	23
X^6	0	29	16

X^0	1	465	445
X^1	1	464	445
X^2	1	466	448
X^3	1	463	445
X^4	2	460	448
X^5	1	449	448
X^6	1	435	418

X^0	3	20	9
X^1	2	18	8
X^2	0	10	4
X^3	2	16	9
X^4	0	7	3
X^5	0	11	7
X^6	0	0	0

X^0	2	46	26
X^1	2	52	29
X^2	3	49	26
X^3	4	46	29
X^4	1	38	26
X^5	0	35	22
X^6	0	35	13

X^0	3	50	26
X^1	1	49	24
X^2	4	52	29
X^3	2	50	25
X^4	1	46	26
X^5	1	24	22
X^6	1	25	22

X^0	7	100	60
X^1	3	81	44
X^2	3	70	45
X^3	3	51	41
X^4	1	43	41
X^5	2	48	46
X^6	3	34	26

X^0	4	101	51
X^1	2	103	47
X^2	2	103	47
X^3	2	95	44
X^4	2	95	45
X^5	2	50	37
X^6	2	10	2

X^0	4	31	15
X^1	4	30	13
X^2	3	28	12
X^3	6	27	13
X^4	1	18	11
X^5	0	5	0
X^6	0	0	0

X^0	5	68	40
X^1	9	74	46
X^2	2	51	26
X^3	3	38	9
X^4	3	20	3
X^5	0	24	2
X^6	0	43	21

X^0	2	47	25
X^1	2	50	28
X^2	2	51	29
X^3	2	27	21
X^4	2	5	2
X^5	2	2	2
X^6	0	27	22

X^0	5	89	81
X^1	5	91	81
X^2	5	90	84
X^3	5	88	82
X^4	5	88	74
X^5	0	88	82
X^6	0	3	0

X^0	2	628	310
X^1	3	631	317
X^2	4	625	310
X^3	4	619	307
X^4	3	616	309
X^5	1	311	309
X^6	2	316	303

X^0	2	32	17
X^1	2	33	18
X^2	2	32	16
X^3	3	37	24
X^4	2	20	16
X^5	2	21	15
X^6	2	8	2

X^0	1	5	2
X^1	1	2	1
X^2	0	5	1
X^3	4	8	7
X^4	1	3	3
X^5	0	0	0
X^6	1	1	1

X^0	1	50	27
X^1	3	54	31
X^2	1	49	28
X^3	1	46	29
X^4	1	41	20
X^5	1	33	25
X^6	0	30	11

X^0	1	115	57
X^1	1	115	54
X^2	1	115	54
X^3	5	109	58
X^4	4	118	60
X^5	1	64	58
X^6	4	58	52

X^0	7	50	24
X^1	5	47	16
X^2	1	48	22
X^3	1	45	21
X^4	1	39	19
X^5	1	27	19
X^6	1	24	12

X^0	6	1112	569
X^1	6	1108	561
X^2	6	1107	553
X^3	6	1111	557
X^4	2	1105	551
X^5	2	560	558
X^6	2	570	563

X^0	0	20	7
X^1	0	17	7
X^2	1	16	6
X^3	0	8	6
X^4	1	8	4
X^5	1	11	8
X^6	0	0	0

X^0	3	24	13
X^1	6	31	17
X^2	2	27	15
X^3	2	27	15
X^4	1	25	13
X^5	0	16	8
X^6	0	17	9

X^0	3	110	63
X^1	2	110	63
X^2	4	113	65
X^3	2	103	61
X^4	1	90	64
X^5	6	68	54
X^6	2	65	35

X^0	3	58	26
X^1	3	61	31
X^2	3	60	28
X^3	3	32	27
X^4	1	40	25
X^5	0	16	5
X^6	1	40	25

X^0	3	20	17
X^1	5	21	18
X^2	1	22	19
X^3	3	23	17
X^4	3	24	20
X^5	3	16	15
X^6	1	21	17

X^0	2	20	10
X^1	3	23	14
X^2	1	19	9
X^3	1	16	7
X^4	1	15	1
X^5	1	12	5
X^6	0	10	5

X^0	2	29	22
X^1	1	30	21
X^2	0	29	19
X^3	1	25	20
X^4	3	27	13
X^5	3	29	23
X^6	0	22	12

X^0	5	10	5
X^1	6	7	6
X^2	4	7	4
X^3	7	9	7
X^4	1	7	1
X^5	0	0	0
X^6	1	7	1

X^0	3	31	13
X^1	3	31	13
X^2	4	34	16
X^3	5	33	17
X^4	1	23	10
X^5	4	13	5
X^6	4	7	4

X^0	2	15	7
X^1	4	19	11
X^2	0	17	9
X^3	7	21	13
X^4	0	12	3
X^5	1	8	4
X^6	4	14	6

X^0	4	76	29
X^1	4	77	29
X^2	4	77	31
X^3	4	62	27
X^4	4	71	30
X^5	4	54	27
X^6	1	60	26

X^0	3	13	10
X^1	2	9	5
X^2	2	10	7
X^3	3	5	3
X^4	0	7	0
X^5	0	0	0
X^6	0	8	3

X^0	3	51	23
X^1	2	52	23
X^2	4	53	28
X^3	2	47	28
X^4	0	44	20
X^5	0	33	22
X^6	2	39	19

X^0	2	118	57
X^1	2	119	58
X^2	2	109	63
X^3	2	103	55
X^4	2	102	58
X^5	2	57	51
X^6	1	72	49

X^0	2	74	33
X^1	2	68	27
X^2	2	47	17
X^3	1	59	28
X^4	0	38	13
X^5	0	44	31
X^6	0	0	0

X^0	2	5	2
X^1	2	5	2
X^2	2	4	2
X^3	2	5	2
X^4	2	11	8
X^5	2	10	10
X^6	0	10	10

X^0	7	26	11
X^1	8	21	10
X^2	3	21	13
X^3	12	20	12
X^4	10	24	10
X^5	8	11	8
X^6	0	22	5

X^0	2	65	32
X^1	1	67	27
X^2	1	68	31
X^3	2	62	31
X^4	3	57	30
X^5	1	35	14
X^6	1	14	1

X^0	2	102	97
X^1	3	103	98
X^2	1	95	93
X^3	2	95	93
X^4	1	98	95
X^5	1	95	93
X^6	0	107	104

X^0	5	36	25
X^1	3	34	21
X^2	2	23	17
X^3	2	19	4
X^4	2	26	15
X^5	2	12	6
X^6	2	26	15

X^0	0	40	25
X^1	0	29	15
X^2	0	54	32
X^3	0	37	28
X^4	1	31	21
X^5	1	32	21
X^6	0	10	0

X^0	1	21	15
X^1	1	19	12
X^2	1	19	7
X^3	1	4	1
X^4	1	7	1
X^5	0	1	0
X^6	2	20	11

X^0	1	57	32
X^1	1	63	35
X^2	2	60	30
X^3	1	53	26
X^4	2	34	17
X^5	3	20	6
X^6	7	44	25

X^0	6	142	59
X^1	6	141	60
X^2	6	131	56
X^3	2	115	57
X^4	6	104	44
X^5	0	94	35
X^6	0	47	0

X^0	4	19	7
X^1	1	15	8
X^2	1	13	7
X^3	3	14	8
X^4	2	10	3
X^5	1	7	2
X^6	0	0	0

X^0	2	92	49
X^1	2	87	45
X^2	2	77	33
X^3	2	77	39
X^4	1	71	32
X^5	2	72	63
X^6	0	52	41

X^0	5	43	25
X^1	5	44	26
X^2	5	45	27
X^3	1	40	20
X^4	1	33	17
X^5	0	16	3
X^6	1	30	14

X^0	2	16	7
X^1	0	16	7
X^2	0	15	7
X^3	0	15	7
X^4	0	14	6
X^5	6	20	12
X^6	0	10	2

X^0	4	33	16
X^1	4	34	17
X^2	3	26	16
X^3	3	20	11
X^4	2	20	10
X^5	3	3	3
X^6	0	21	8

X^0	4	36	15
X^1	3	36	15
X^2	1	31	14
X^3	3	29	14
X^4	0	25	11
X^5	0	22	12
X^6	0	22	5

X^0	4	111	50
X^1	4	95	50
X^2	4	74	50
X^3	4	52	28
X^4	3	30	3
X^5	3	8	5
X^6	4	52	21

X^0	2	198	91
X^1	2	197	90
X^2	2	183	87
X^3	2	183	91
X^4	3	164	92
X^5	2	97	89
X^6	3	108	64

X^0	1	72	65
X^1	1	67	62
X^2	0	65	55
X^3	1	67	63
X^4	1	64	62
X^5	0	56	53
X^6	3	66	60

X^0	8	116	63
X^1	4	106	51
X^2	4	95	47
X^3	4	87	40
X^4	4	81	34
X^5	4	59	46
X^6	4	7	4

X^0	3	51	25
X^1	2	48	24
X^2	0	40	17
X^3	0	32	12
X^4	1	17	14
X^5	1	26	18
X^6	0	0	0

X^0	2	38	32
X^1	2	41	33
X^2	2	43	33
X^3	2	41	33
X^4	2	38	28
X^5	2	13	2
X^6	0	36	26

X^0	4	16	10
X^1	4	13	9
X^2	4	12	7
X^3	4	7	4
X^4	4	4	4
X^5	2	2	2
X^6	4	4	4

X^0	3	29	12
X^1	2	27	12
X^2	1	26	12
X^3	2	24	15
X^4	1	22	9
X^5	1	16	8
X^6	1	17	3

X^0	2	19	8
X^1	1	20	8
X^2	4	18	11
X^3	3	20	8
X^4	0	17	0
X^5	0	16	4
X^6	0	0	0

X^0	4	51	24
X^1	4	49	23
X^2	4	47	24
X^3	4	46	21
X^4	4	39	25
X^5	7	31	27
X^6	0	28	21

X^0	3	28	15
X^1	1	28	13
X^2	3	28	14
X^3	1	23	7
X^4	1	20	10
X^5	2	18	14
X^6	1	21	8

X^0	5	251	120
X^1	5	235	114
X^2	5	226	112
X^3	5	243	129
X^4	3	257	142
X^5	3	132	129
X^6	5	146	143

X^0	3	20	9
X^1	5	21	5
X^2	3	21	3
X^3	5	20	5
X^4	7	21	11
X^5	3	14	10
X^6	0	12	6

X^0	4	43	37
X^1	3	45	43
X^2	3	43	33
X^3	3	45	43
X^4	3	41	40
X^5	1	32	31
X^6	2	45	44

X^0	4	62	34
X^1	5	67	35
X^2	3	59	29
X^3	2	55	34
X^4	3	53	35
X^5	1	32	30
X^6	1	41	21

X^0	2	119	76
X^1	2	121	75
X^2	2	109	63
X^3	2	107	61
X^4	2	101	72
X^5	4	59	54
X^6	0	76	55

X^0	3	16	10
X^1	4	13	10
X^2	1	8	5
X^3	1	10	2
X^4	0	4	3
X^5	8	16	14
X^6	0	6	0

X^0	2	57	27
X^1	3	47	30
X^2	1	31	5
X^3	1	6	1
X^4	2	23	2
X^5	0	0	0
X^6	0	43	15

X^0	4	40	13
X^1	3	43	17
X^2	1	41	17
X^3	2	39	24
X^4	3	36	16
X^5	0	17	7
X^6	3	25	16

X^0	4	20	6
X^1	5	16	7
X^2	5	14	5
X^3	5	11	5
X^4	13	19	13
X^5	4	10	4
X^6	0	4	0

X^0	2	44	21
X^1	4	46	22
X^2	4	45	21
X^3	0	40	13
X^4	1	38	15
X^5	1	23	16
X^6	0	25	14

X^0	2	70	30
X^1	1	69	29
X^2	1	67	26
X^3	1	59	29
X^4	1	49	26
X^5	1	38	26
X^6	0	42	17

X^0	2	21	11
X^1	1	21	12
X^2	3	23	14
X^3	1	21	12
X^4	1	19	12
X^5	5	21	16
X^6	1	17	5

X^0	4	127	115
X^1	4	127	117
X^2	4	123	117
X^3	4	117	112
X^4	4	84	77
X^5	1	102	95
X^6	1	81	74

X^0	1	11	7
X^1	1	9	6
X^2	0	10	6
X^3	1	10	5
X^4	0	9	6
X^5	1	10	6
X^6	5	10	6

X^0	2	33	16
X^1	2	26	9
X^2	2	22	7
X^3	2	20	9
X^4	0	15	1
X^5	0	14	4
X^6	0	15	2

X^0	4	681	336
X^1	6	675	330
X^2	6	662	329
X^3	4	659	329
X^4	1	656	324
X^5	1	331	327
X^6	0	341	324

X^0	1	132	65
X^1	1	135	66
X^2	2	136	65
X^3	2	134	66
X^4	0	131	67
X^5	1	68	66
X^6	1	68	64

X^0	2	22	12
X^1	2	20	11
X^2	1	22	12
X^3	1	14	1
X^4	0	13	3
X^5	1	13	4
X^6	1	11	3

X^0	3	9	4
X^1	3	10	3
X^2	3	12	4
X^3	7	15	7
X^4	6	13	7
X^5	3	9	5
X^6	1	8	1

X^0	4	36	19
X^1	1	36	16
X^2	1	36	15
X^3	3	34	18
X^4	2	31	15
X^5	2	22	20
X^6	0	21	10

X^0	2	329	297
X^1	4	328	297
X^2	2	323	297
X^3	2	310	293
X^4	1	297	282
X^5	1	283	282
X^6	1	297	280

X^0	3	33	19
X^1	2	36	18
X^2	2	32	18
X^3	2	18	11
X^4	2	11	4
X^5	2	6	2
X^6	0	11	3

X^0	0	33	15
X^1	0	34	16
X^2	0	24	11
X^3	1	34	19
X^4	0	22	10
X^5	0	21	13
X^6	0	23	13

X^0	1	102	43
X^1	1	94	44
X^2	2	106	50
X^3	1	56	55
X^4	1	57	56
X^5	1	1	1
X^6	1	57	56

X^0	0	44	36
X^1	4	47	41
X^2	2	37	33
X^3	2	23	17
X^4	2	23	16
X^5	0	30	26
X^6	0	19	14

X^0	2	14	9
X^1	2	14	7
X^2	4	17	9
X^3	1	11	5
X^4	0	12	4
X^5	1	8	5
X^6	0	3	1

X^0	3	23	15
X^1	5	24	17
X^2	2	21	12
X^3	3	16	8
X^4	1	15	8
X^5	1	7	2
X^6	1	13	9

X^0	5	82	34
X^1	3	77	32
X^2	3	83	32
X^3	7	72	38
X^4	4	66	35
X^5	1	48	34
X^6	0	53	26

X^0	6	197	95
X^1	4	185	92
X^2	4	175	83
X^3	3	173	83
X^4	3	167	76
X^5	0	91	82
X^6	0	99	86

X^0	2	144	81
X^1	1	142	82
X^2	1	130	76
X^3	1	138	77
X^4	2	92	85
X^5	0	88	82
X^6	0	0	0

X^0	1	46	20
X^1	5	51	29
X^2	1	40	17
X^3	1	22	13
X^4	1	29	20
X^5	0	0	0
X^6	4	32	22

X^0	2	23	12
X^1	2	23	12
X^2	2	22	4
X^3	2	18	9
X^4	2	20	10
X^5	2	18	2
X^6	2	8	2

X^0	3	67	33
X^1	3	67	33
X^2	3	66	33
X^3	3	57	33
X^4	3	55	28
X^5	3	33	25
X^6	0	52	24

X^0	1	182	127
X^1	1	195	128
X^2	1	193	128
X^3	1	190	122
X^4	0	188	123
X^5	0	126	121
X^6	0	128	64

X^0	5	16	6
X^1	3	14	4
X^2	6	14	7
X^3	3	7	3
X^4	5	14	6
X^5	3	7	3
X^6	1	14	1

X^0	1	188	94
X^1	1	189	96
X^2	1	192	98
X^3	1	192	98
X^4	1	192	100
X^5	2	108	107
X^6	1	93	91

X^0	2	132	116
X^1	3	129	116
X^2	2	124	116
X^3	2	119	114
X^4	3	119	117
X^5	2	111	109
X^6	0	118	110

X^0	1	43	23
X^1	1	42	20
X^2	2	42	18
X^3	0	39	19
X^4	0	33	18
X^5	0	23	18
X^6	0	28	11

X^0	5	34	15
X^1	5	31	8
X^2	5	29	9
X^3	5	28	9
X^4	5	24	10
X^5	5	23	11
X^6	5	7	5

X^0	1	12	7
X^1	2	11	7
X^2	1	10	3
X^3	1	8	2
X^4	2	10	4
X^5	0	7	3
X^6	0	7	3

X^0	1	22	11
X^1	3	30	15
X^2	3	28	13
X^3	7	30	15
X^4	1	22	11
X^5	0	17	11
X^6	0	19	9

X^0	2	61	27
X^1	1	50	24
X^2	1	50	23
X^3	1	51	25
X^4	1	41	14
X^5	2	44	23
X^6	0	48	20

X^0	5	36	21
X^1	4	34	20
X^2	2	30	16
X^3	2	28	14
X^4	2	21	6
X^5	2	15	7
X^6	0	12	0

X^0	0	312	155
X^1	1	318	157
X^2	1	317	156
X^3	4	317	159
X^4	0	299	156
X^5	0	162	142
X^6	0	4	0

X^0	2	12	11
X^1	2	13	11
X^2	2	14	11
X^3	2	12	11
X^4	1	9	7
X^5	0	6	4
X^6	0	0	0

X^0	1	17	11
X^1	1	12	2
X^2	1	7	4
X^3	1	5	3
X^4	1	4	1
X^5	1	4	1
X^6	1	2	1

X^0	4	14	9
X^1	1	10	5
X^2	1	7	3
X^3	3	7	3
X^4	3	9	5
X^5	2	8	4
X^6	2	11	4

X^0	3	107	55
X^1	3	107	55
X^2	3	109	55
X^3	3	107	51
X^4	0	105	55
X^5	1	58	50
X^6	1	65	50

X^0	4	13	4
X^1	2	12	4
X^2	3	11	5
X^3	6	14	6
X^4	2	11	7
X^5	0	8	5
X^6	4	10	5

X^0	5	51	26
X^1	5	46	22
X^2	6	48	31
X^3	5	45	21
X^4	5	47	23
X^5	2	32	26
X^6	0	33	19

X^0	1	8	3
X^1	6	12	7
X^2	2	7	2
X^3	2	5	2
X^4	2	2	2
X^5	2	2	2
X^6	0	1	0

X^0	2	32	11
X^1	2	29	11
X^2	1	29	11
X^3	2	24	6
X^4	1	22	12
X^5	2	23	16
X^6	0	18	5

X^0	2	26	16
X^1	2	27	17
X^2	2	22	12
X^3	2	14	4
X^4	2	7	2
X^5	0	10	6
X^6	0	0	0

X^0	3	24	12
X^1	1	21	3
X^2	2	18	14
X^3	1	11	10
X^4	1	1	1
X^5	1	2	1
X^6	0	9	8

X^0	4	32	12
X^1	2	35	16
X^2	1	32	16
X^3	1	30	14
X^4	4	33	20
X^5	1	22	14
X^6	2	24	11

X^0	3	82	60
X^1	3	81	60
X^2	1	80	60
X^3	1	81	62
X^4	1	62	58
X^5	1	64	57
X^6	0	0	0

X^0	2	102	52
X^1	2	100	50
X^2	2	85	47
X^3	0	70	32
X^4	0	54	16
X^5	0	40	2
X^6	0	44	8

X^0	3	15	7
X^1	3	13	7
X^2	1	12	4
X^3	2	12	6
X^4	4	11	4
X^5	1	9	2
X^6	1	6	1

X^0	1	17	8
X^1	1	14	7
X^2	1	12	2
X^3	1	11	2
X^4	1	11	4
X^5	1	11	5
X^6	0	11	4

X^0	3	156	84
X^1	7	159	87
X^2	3	155	81
X^3	3	130	63
X^4	3	137	65
X^5	3	88	72
X^6	3	3	3

X^0	1	28	14
X^1	2	29	15
X^2	1	26	13
X^3	1	26	13
X^4	1	27	15
X^5	1	15	14
X^6	0	0	0

X^0	3	40	19
X^1	3	39	21
X^2	3	32	23
X^3	3	26	20
X^4	3	26	16
X^5	3	17	5
X^6	0	14	2

X^0	2	42	14
X^1	4	46	20
X^2	2	41	16
X^3	3	39	24
X^4	1	35	22
X^5	2	25	18
X^6	0	23	9

X^0	2	6	2
X^1	4	8	4
X^2	2	4	2
X^3	2	4	2
X^4	2	6	2
X^5	2	2	2
X^6	2	6	2

X^0	6	516	263
X^1	6	514	263
X^2	6	515	265
X^3	6	509	259
X^4	6	505	254
X^5	6	262	242
X^6	0	278	252

X^0	1	11	5
X^1	1	10	6
X^2	1	12	7
X^3	1	10	2
X^4	2	12	7
X^5	1	5	1
X^6	5	14	10

X^0	2	62	27
X^1	1	64	30
X^2	2	53	32
X^3	1	40	19
X^4	2	43	22
X^5	1	25	20
X^6	1	33	30

X^0	2	57	28
X^1	2	59	26
X^2	6	64	33
X^3	1	55	27
X^4	5	52	29
X^5	0	28	19
X^6	3	38	21

X^0	2	42	19
X^1	3	40	20
X^2	2	34	14
X^3	2	23	5
X^4	2	14	2
X^5	2	13	2
X^6	0	14	0

X^0	3	176	88
X^1	3	174	89
X^2	1	171	88
X^3	1	171	88
X^4	3	171	90
X^5	3	92	82
X^6	0	6	0

X^0	3	244	119
X^1	2	244	120
X^2	1	243	119
X^3	5	242	114
X^4	1	209	113
X^5	1	118	113
X^6	0	130	114

X^0	1	942	475
X^1	0	941	475
X^2	1	938	473
X^3	1	932	470
X^4	1	932	471
X^5	1	461	457
X^6	0	481	470

X^0	1	22	9
X^1	1	22	9
X^2	1	22	6
X^3	1	20	7
X^4	2	21	9
X^5	1	17	8
X^6	1	15	1

X^0	2	93	50
X^1	0	91	48
X^2	2	91	49
X^3	0	87	46
X^4	0	80	42
X^5	2	51	47
X^6	0	3	0

X^0	1	31	18
X^1	1	33	18
X^2	1	33	15
X^3	1	32	11
X^4	0	31	14
X^5	1	18	17
X^6	1	21	16

X^0	2	60	33
X^1	2	64	33
X^2	2	61	33
X^3	2	60	31
X^4	2	57	33
X^5	2	36	31
X^6	0	41	20

X^0	2	10	7
X^1	2	11	7
X^2	2	14	9
X^3	2	12	7
X^4	2	10	5
X^5	1	7	2
X^6	2	5	2

X^0	2	31	9
X^1	2	31	16
X^2	3	25	11
X^3	4	24	10
X^4	4	23	5
X^5	1	4	1
X^6	0	17	2

X^0	1	17	7
X^1	1	16	7
X^2	2	14	7
X^3	2	12	2
X^4	2	12	5
X^5	2	11	3
X^6	0	10	0

X^0	2	19	10
X^1	2	17	7
X^2	2	15	11
X^3	1	16	13
X^4	4	17	13
X^5	1	16	14
X^6	1	17	11

X^0	4	366	236
X^1	5	368	238
X^2	2	361	241
X^3	2	353	235
X^4	2	249	233
X^5	0	198	180
X^6	1	238	109

X^0	4	31	19
X^1	3	30	18
X^2	2	25	13
X^3	2	21	10
X^4	2	16	7
X^5	1	14	9
X^6	0	6	1

X^0	5	5	5
X^1	5	5	5
X^2	4	4	4
X^3	5	5	5
X^4	3	3	3
X^5	3	3	3
X^6	0	10	7

X^0	3	22	18
X^1	2	17	15
X^2	2	15	2
X^3	2	15	6
X^4	2	15	13
X^5	2	2	2
X^6	1	8	3

X^0	2	39	23
X^1	4	40	25
X^2	0	36	18
X^3	1	36	22
X^4	0	29	22
X^5	2	29	14
X^6	0	8	0

X^0	3	80	39
X^1	0	80	40
X^2	1	80	40
X^3	0	75	31
X^4	1	78	38
X^5	0	40	32
X^6	0	41	37

X^0	3	5	3
X^1	3	3	3
X^2	3	4	3
X^3	6	7	6
X^4	1	1	1
X^5	1	1	1
X^6	1	8	3

X^0	5	78	40
X^1	3	73	33
X^2	3	75	37
X^3	6	74	38
X^4	2	68	32
X^5	1	36	30
X^6	1	40	34

X^0	5	10	6
X^1	1	9	3
X^2	2	10	2
X^3	2	11	6
X^4	1	10	4
X^5	5	9	7
X^6	4	11	9

X^0	7	16	7
X^1	2	12	2
X^2	1	10	1
X^3	1	10	4
X^4	1	8	4
X^5	2	8	5
X^6	1	5	1

X^0	5	73	46
X^1	2	78	42
X^2	2	76	39
X^3	2	74	39
X^4	2	74	40
X^5	2	58	56
X^6	0	40	32

X^0	0	34	12
X^1	2	33	16
X^2	2	32	18
X^3	1	27	19
X^4	2	21	13
X^5	0	20	8
X^6	0	1	0

X^0	3	21	11
X^1	3	22	10
X^2	3	16	8
X^3	3	16	8
X^4	3	15	4
X^5	3	7	3
X^6	0	15	5

X^0	1	25	14
X^1	1	25	13
X^2	1	26	7
X^3	1	29	12
X^4	1	19	4
X^5	0	23	8
X^6	0	0	0

X^0	4	19	10
X^1	1	16	8
X^2	3	16	9
X^3	0	12	7
X^4	2	16	6
X^5	0	12	0
X^6	1	15	6

X^0	1	110	48
X^1	1	111	51
X^2	1	105	53
X^3	1	99	47
X^4	1	90	41
X^5	1	47	32
X^6	0	4	0

X^0	2	50	23
X^1	2	49	22
X^2	4	43	22
X^3	2	29	21
X^4	2	26	13
X^5	6	13	6
X^6	0	31	20

X^0	1	15	8
X^1	1	13	10
X^2	1	15	12
X^3	1	15	12
X^4	1	1	1
X^5	2	16	8
X^6	1	1	1

X^0	1	8	2
X^1	0	6	2
X^2	5	11	7
X^3	1	5	1
X^4	1	3	1
X^5	0	2	0
X^6	1	3	1

X^0	1	22	18
X^1	4	26	18
X^2	0	20	18
X^3	0	18	18
X^4	0	20	18
X^5	0	18	16
X^6	0	20	12

X^0	2	13	5
X^1	2	13	4
X^2	1	8	4
X^3	1	2	1
X^4	1	1	1
X^5	1	1	1
X^6	0	1	0

X^0	1	44	24
X^1	1	45	25
X^2	1	43	23
X^3	8	51	30
X^4	1	41	22
X^5	0	25	25
X^6	9	38	22

X^0	2	16	2
X^1	2	14	3
X^2	0	14	3
X^3	2	14	3
X^4	1	13	2
X^5	3	14	4
X^6	2	13	2

X^0	3	434	215
X^1	3	435	216
X^2	3	430	216
X^3	2	421	210
X^4	1	416	200
X^5	1	220	212
X^6	1	6	1

X^0	6	31	18
X^1	1	31	15
X^2	3	35	16
X^3	2	35	18
X^4	1	36	19
X^5	1	17	14
X^6	5	28	21

X^0	2	42	36
X^1	0	42	24
X^2	1	30	25
X^3	1	27	24
X^4	1	5	1
X^5	1	5	2
X^6	0	0	0

X^0	3	20	8
X^1	2	19	7
X^2	2	15	6
X^3	2	14	2
X^4	2	11	2
X^5	2	14	5
X^6	0	12	3

X^0	3	71	38
X^1	3	65	33
X^2	3	52	24
X^3	3	49	24
X^4	3	44	22
X^5	3	19	14
X^6	1	36	27

X^0	3	9	5
X^1	1	8	4
X^2	2	8	4
X^3	1	7	4
X^4	0	5	2
X^5	0	2	0
X^6	0	5	2

X^0	2	81	33
X^1	2	86	34
X^2	2	81	33
X^3	2	74	33
X^4	3	63	31
X^5	0	42	32
X^6	1	57	25

X^0	2	23	10
X^1	2	21	9
X^2	2	23	12
X^3	2	20	11
X^4	2	18	15
X^5	0	11	7
X^6	0	0	0

X^0	2	150	73
X^1	2	150	73
X^2	2	147	74
X^3	2	141	69
X^4	0	123	65
X^5	0	52	48
X^6	0	78	69

X^0	3	214	97
X^1	5	218	103
X^2	4	216	102
X^3	4	197	102
X^4	2	177	99
X^5	1	103	99
X^6	2	103	72

X^0	3	33	18
X^1	3	34	18
X^2	6	38	21
X^3	2	32	15
X^4	2	23	14
X^5	2	18	11
X^6	2	5	2

X^0	3	18	11
X^1	3	15	10
X^2	2	11	8
X^3	2	3	2
X^4	0	3	0
X^5	0	8	4
X^6	2	17	14

X^0	4	43	16
X^1	4	49	26
X^2	4	51	28
X^3	0	37	17
X^4	0	33	7
X^5	1	25	5
X^6	1	32	11

X^0	4	52	21
X^1	4	52	21
X^2	2	47	17
X^3	2	37	16
X^4	2	39	15
X^5	1	29	16
X^6	0	33	14

X^0	2	23	10
X^1	4	27	10
X^2	1	24	12
X^3	1	22	13
X^4	3	24	15
X^5	0	14	11
X^6	0	15	7

X^0	7	300	158
X^1	3	296	152
X^2	1	286	144
X^3	1	266	130
X^4	4	253	125
X^5	2	125	114
X^6	1	156	136

X^0	4	19	9
X^1	4	17	8
X^2	3	18	8
X^3	1	16	4
X^4	0	14	5
X^5	0	9	2
X^6	0	4	0

X^0	1	220	109
X^1	1	223	113
X^2	2	225	108
X^3	1	214	106
X^4	1	201	103
X^5	3	121	111
X^6	1	109	100

X^0	2	8	2
X^1	2	7	2
X^2	2	6	2
X^3	4	9	4
X^4	2	6	2
X^5	5	9	5
X^6	1	5	1

X^0	2	79	40
X^1	3	79	40
X^2	2	79	38
X^3	3	78	41
X^4	2	76	36
X^5	2	37	31
X^6	0	42	36

X^0	1	279	138
X^1	3	283	142
X^2	3	284	143
X^3	3	277	138
X^4	4	274	136
X^5	1	139	127
X^6	2	150	133

X^0	3	216	130
X^1	3	216	128
X^2	3	214	127
X^3	1	212	130
X^4	2	219	135
X^5	2	137	135
X^6	1	135	81

X^0	2	22	9
X^1	1	21	8
X^2	2	22	8
X^3	1	18	8
X^4	1	15	7
X^5	3	22	15
X^6	0	18	7

X^0	2	21	11
X^1	2	21	10
X^2	2	20	12
X^3	2	21	13
X^4	2	8	4
X^5	1	18	11
X^6	0	0	0

X^0	1	199	109
X^1	2	204	113
X^2	1	205	114
X^3	2	200	106
X^4	1	188	102
X^5	2	92	89
X^6	0	109	98

X^0	6	51	15
X^1	8	52	13
X^2	6	37	10
X^3	6	26	6
X^4	6	22	6
X^5	6	22	6
X^6	0	26	1

X^0	1	40	23
X^1	1	38	17
X^2	1	24	1
X^3	1	18	1
X^4	1	18	7
X^5	1	24	13
X^6	1	18	1

X^0	3	24	9
X^1	5	28	10
X^2	1	20	9
X^3	9	25	10
X^4	0	17	9
X^5	5	21	10
X^6	0	0	0

X^0	0	1278	630
X^1	2	1276	631
X^2	4	1270	636
X^3	4	1270	642
X^4	4	1257	709
X^5	4	634	630
X^6	1	638	622

X^0	1	16	6
X^1	1	15	6
X^2	2	16	4
X^3	0	12	6
X^4	2	13	8
X^5	1	8	5
X^6	0	7	3

X^0	1	35	28
X^1	1	40	31
X^2	1	34	29
X^3	1	30	24
X^4	3	28	25
X^5	0	23	21
X^6	0	29	26

X^0	3	147	74
X^1	3	141	75
X^2	3	139	71
X^3	3	138	76
X^4	5	126	83
X^5	5	88	83
X^6	3	67	38

X^0	3	30	16
X^1	1	29	13
X^2	1	27	10
X^3	2	26	13
X^4	4	30	14
X^5	1	23	10
X^6	0	20	7

X^0	5	25	11
X^1	13	35	20
X^2	1	23	15
X^3	9	25	13
X^4	1	14	3
X^5	1	4	1
X^6	0	2	0

X^0	1	7	4
X^1	1	5	2
X^2	1	6	3
X^3	3	7	3
X^4	1	6	2
X^5	1	5	1
X^6	0	5	2

X^0	2	129	70
X^1	1	122	59
X^2	1	123	61
X^3	1	124	67
X^4	1	119	61
X^5	1	76	75
X^6	0	73	64

X^0	2	177	91
X^1	3	187	95
X^2	8	193	100
X^3	8	190	98
X^4	2	184	93
X^5	2	100	98
X^6	0	106	90

X^0	4	13	4
X^1	2	11	3
X^2	1	9	4
X^3	1	8	5
X^4	1	5	2
X^5	1	3	1
X^6	0	3	1

X^0	2	47	17
X^1	2	45	16
X^2	3	44	19
X^3	1	37	16
X^4	1	32	19
X^5	1	21	18
X^6	1	32	19

X^0	8	54	24
X^1	3	51	18
X^2	5	54	23
X^3	1	42	18
X^4	1	26	22
X^5	1	34	15
X^6	1	1	1

X^0	3	191	68
X^1	3	175	66
X^2	1	171	65
X^3	3	173	71
X^4	1	160	67
X^5	1	93	88
X^6	0	122	99

X^0	4	21	17
X^1	3	17	11
X^2	1	15	7
X^3	1	4	1
X^4	3	4	3
X^5	2	17	8
X^6	0	0	0

X^0	2	33	11
X^1	2	34	12
X^2	2	34	9
X^3	2	27	13
X^4	4	32	11
X^5	0	23	8
X^6	0	23	7

X^0	2	38	17
X^1	2	40	17
X^2	2	37	13
X^3	2	30	13
X^4	2	23	7
X^5	0	16	8
X^6	2	16	4

X^0	5	5	5
X^1	5	5	5
X^2	4	4	4
X^3	6	6	6
X^4	8	8	8
X^5	7	7	7
X^6	1	4	1

X^0	4	115	59
X^1	3	114	58
X^2	3	117	57
X^3	4	121	62
X^4	3	113	58
X^5	0	63	61
X^6	0	66	54

X^0	3	14	10
X^1	1	12	7
X^2	1	11	3
X^3	1	12	5
X^4	1	9	3
X^5	1	13	5
X^6	0	12	4

X^0	1	71	30
X^1	1	71	32
X^2	1	64	31
X^3	1	51	26
X^4	1	27	14
X^5	1	31	20
X^6	2	37	19

X^0	2	57	31
X^1	2	57	29
X^2	2	46	25
X^3	2	42	26
X^4	2	49	27
X^5	0	30	26
X^6	2	42	29

X^0	4	27	15
X^1	2	26	15
X^2	2	27	14
X^3	4	27	13
X^4	4	26	15
X^5	4	16	13
X^6	0	17	8

X^0	2	38	15
X^1	2	39	16
X^2	1	36	14
X^3	1	30	12
X^4	9	33	18
X^5	1	24	11
X^6	1	17	1

X^0	4	35	17
X^1	3	31	15
X^2	2	27	8
X^3	2	24	12
X^4	0	21	9
X^5	1	22	5
X^6	0	14	0

X^0	4	29	21
X^1	3	18	15
X^2	3	11	3
X^3	3	3	3
X^4	6	6	6
X^5	3	3	3
X^6	0	1	0

X^0	7	43	17
X^1	7	43	19
X^2	7	40	15
X^3	7	38	16
X^4	3	40	13
X^5	1	37	9
X^6	0	21	0

X^0	4	173	111
X^1	2	172	107
X^2	2	173	108
X^3	2	182	107
X^4	2	211	127
X^5	0	110	105
X^6	2	124	102

X^0	4	6	4
X^1	2	2	2
X^2	3	3	3
X^3	2	2	2
X^4	1	4	2
X^5	0	2	0
X^6	0	0	0

X^0	6	12	6
X^1	4	11	4
X^2	5	12	5
X^3	3	10	3
X^4	2	7	4
X^5	2	5	3
X^6	0	7	3

X^0	2	10	3
X^1	2	10	7
X^2	6	17	15
X^3	3	15	9
X^4	2	12	9
X^5	1	8	6
X^6	0	9	4

X^0	2	97	48
X^1	2	97	48
X^2	2	97	48
X^3	2	97	49
X^4	2	92	45
X^5	3	51	47
X^6	2	49	46

X^0	2	360	182
X^1	4	360	182
X^2	2	351	176
X^3	2	316	172
X^4	1	281	139
X^5	1	143	101
X^6	0	7	0

X^0	3	88	41
X^1	3	87	40
X^2	3	87	42
X^3	3	76	35
X^4	3	70	40
X^5	0	38	23
X^6	0	51	28

X^0	1	10	3
X^1	2	10	4
X^2	0	9	4
X^3	3	11	7
X^4	0	7	3
X^5	0	10	8
X^6	0	8	6

X^0	4	10	4
X^1	3	7	3
X^2	3	5	3
X^3	2	4	2
X^4	4	6	4
X^5	2	5	2
X^6	1	4	1

X^0	2	15	10
X^1	2	19	16
X^2	1	22	19
X^3	1	19	16
X^4	1	19	16
X^5	0	9	2
X^6	0	1	0

X^0	2	8	2
X^1	4	10	5
X^2	2	7	2
X^3	2	7	2
X^4	2	3	2
X^5	2	3	2
X^6	2	3	2

X^0	1	60	30
X^1	2	61	30
X^2	1	59	27
X^3	1	53	19
X^4	6	47	26
X^5	0	29	11
X^6	0	13	0

X^0	2	9	5
X^1	2	11	4
X^2	4	12	7
X^3	1	11	5
X^4	1	8	5
X^5	0	9	8
X^6	4	9	7

X^0	1	15	8
X^1	1	12	4
X^2	1	10	7
X^3	1	1	1
X^4	0	1	0
X^5	1	1	1
X^6	1	8	4

X^0	1	11	3
X^1	4	11	4
X^2	7	13	7
X^3	0	6	0
X^4	1	2	1
X^5	5	5	5
X^6	0	0	0

X^0	2	19	8
X^1	4	21	10
X^2	1	19	6
X^3	2	16	8
X^4	3	19	9
X^5	0	10	8
X^6	1	10	6

X^0	2	6	2
X^1	2	8	5
X^2	2	9	6
X^3	2	9	6
X^4	1	10	6
X^5	0	8	7
X^6	0	7	4

X^0	1	19	12
X^1	1	16	12
X^2	1	15	12
X^3	1	15	12
X^4	1	9	1
X^5	1	6	3
X^6	0	7	4

X^0	4	20	9
X^1	3	22	10
X^2	3	19	9
X^3	3	23	8
X^4	3	13	9
X^5	3	14	9
X^6	1	16	10

X^0	3	37	15
X^1	3	36	14
X^2	5	30	17
X^3	3	22	9
X^4	3	15	4
X^5	1	19	8
X^6	3	7	3

X^0	1	14	8
X^1	3	15	9
X^2	3	14	9
X^3	2	8	6
X^4	1	5	1
X^5	2	3	2
X^6	1	2	1

X^0	1	8	2
X^1	4	12	9
X^2	1	8	4
X^3	0	9	7
X^4	1	7	5
X^5	0	7	5
X^6	2	7	5

X^0	2	25	17
X^1	2	22	18
X^2	2	21	17
X^3	1	18	15
X^4	2	15	12
X^5	1	7	1
X^6	2	15	13

X^0	7	43	27
X^1	6	46	29
X^2	1	43	24
X^3	2	37	28
X^4	5	37	29
X^5	2	34	8
X^6	0	20	0

X^0	2	19	15
X^1	3	20	13
X^2	1	17	9
X^3	0	17	9
X^4	3	18	7
X^5	3	15	9
X^6	0	8	3

X^0	2	237	118
X^1	1	237	117
X^2	0	240	120
X^3	2	239	118
X^4	3	238	118
X^5	5	125	119
X^6	0	113	107

X^0	1	40	29
X^1	4	36	25
X^2	2	30	19
X^3	0	25	14
X^4	0	30	14
X^5	0	19	8
X^6	0	30	13

X^0	2	92	45
X^1	2	89	42
X^2	2	88	38
X^3	2	71	38
X^4	2	82	40
X^5	2	41	38
X^6	0	55	40

X^0	3	40	18
X^1	2	36	15
X^2	2	34	15
X^3	2	27	16
X^4	2	31	13
X^5	2	20	11
X^6	1	11	1

X^0	3	5	3
X^1	5	6	5
X^2	7	9	7
X^3	6	6	6
X^4	2	2	2
X^5	2	2	2
X^6	1	1	1

X^0	2	33	17
X^1	2	33	17
X^2	4	34	17
X^3	3	20	17
X^4	1	17	13
X^5	0	3	0
X^6	1	17	10

X^0	7	40	20
X^1	2	36	21
X^2	3	38	23
X^3	2	36	20
X^4	2	36	20
X^5	4	29	16
X^6	2	7	2

X^0	2	41	24
X^1	8	47	32
X^2	1	40	24
X^3	1	28	23
X^4	1	25	12
X^5	0	13	8
X^6	0	23	12

X^0	10	28	18
X^1	2	20	10
X^2	1	17	5
X^3	2	15	8
X^4	1	10	2
X^5	0	7	1
X^6	1	10	2

X^0	4	32	20
X^1	4	34	19
X^2	4	34	16
X^3	4	39	19
X^4	4	39	25
X^5	1	21	19
X^6	0	0	0

X^0	4	64	31
X^1	4	65	31
X^2	4	55	28
X^3	4	61	31
X^4	4	59	36
X^5	4	32	28
X^6	0	34	26

X^0	1	25	14
X^1	1	28	13
X^2	1	28	15
X^3	1	26	15
X^4	1	19	13
X^5	0	19	12
X^6	1	19	6

X^0	4	218	107
X^1	1	211	105
X^2	1	205	103
X^3	2	208	107
X^4	1	192	98
X^5	1	103	100
X^6	0	106	97

X^0	3	23	10
X^1	3	21	6
X^2	3	20	7
X^3	1	18	6
X^4	4	16	8
X^5	0	13	4
X^6	0	6	0

X^0	5	87	46
X^1	5	88	46
X^2	5	80	46
X^3	1	72	46
X^4	1	76	42
X^5	1	43	37
X^6	0	37	28

X^0	2	350	174
X^1	2	346	170
X^2	2	341	171
X^3	2	341	170
X^4	3	346	175
X^5	0	174	171
X^6	1	175	170

X^0	2	21	10
X^1	3	19	10
X^2	3	14	7
X^3	3	13	3
X^4	1	13	5
X^5	1	10	2
X^6	1	13	1

X^0	3	28	16
X^1	2	25	15
X^2	1	21	12
X^3	2	19	10
X^4	3	17	8
X^5	1	13	5
X^6	4	17	8

X^0	5	49	29
X^1	5	53	28
X^2	5	51	27
X^3	5	50	25
X^4	5	42	24
X^5	5	33	14
X^6	5	12	5

X^0	2	34	17
X^1	1	34	17
X^2	4	41	18
X^3	3	35	20
X^4	0	30	15
X^5	2	17	10
X^6	0	25	19

X^0	5	150	90
X^1	1	157	90
X^2	1	157	90
X^3	2	160	93
X^4	1	139	71
X^5	1	80	77
X^6	0	81	78

X^0	4	48	23
X^1	4	53	28
X^2	4	47	23
X^3	4	29	20
X^4	4	43	19
X^5	4	24	20
X^6	0	24	19

X^0	3	33	15
X^1	2	30	13
X^2	2	28	13
X^3	1	23	10
X^4	0	17	6
X^5	3	13	8
X^6	1	16	7

X^0	4	181	92
X^1	1	177	91
X^2	11	188	98
X^3	1	175	84
X^4	1	175	86
X^5	0	92	91
X^6	0	92	86

X^0	5	315	169
X^1	6	318	171
X^2	5	312	166
X^3	5	308	160
X^4	5	190	166
X^5	5	24	22
X^6	3	171	166

X^0	3	238	229
X^1	3	235	230
X^2	5	235	227
X^3	2	236	223
X^4	2	218	211
X^5	3	220	213
X^6	0	239	224

X^0	4	41	30
X^1	4	46	37
X^2	4	43	31
X^3	4	41	34
X^4	4	36	27
X^5	4	26	19
X^6	1	35	16

X^0	3	47	23
X^1	3	52	22
X^2	3	51	23
X^3	1	49	24
X^4	1	49	26
X^5	1	29	23
X^6	1	31	22

X^0	3	32	18
X^1	3	32	19
X^2	3	22	18
X^3	3	13	5
X^4	3	14	5
X^5	1	7	1
X^6	2	9	2

X^0	4	45	30
X^1	2	41	22
X^2	4	44	16
X^3	2	39	19
X^4	2	40	17
X^5	2	20	18
X^6	5	29	27

X^0	1	47	37
X^1	3	45	32
X^2	3	49	31
X^3	1	45	26
X^4	2	32	29
X^5	1	26	23
X^6	1	45	33

X^0	2	17	11
X^1	2	17	12
X^2	2	14	9
X^3	0	12	7
X^4	3	15	8
X^5	1	11	8
X^6	6	15	10

X^0	1	53	23
X^1	2	51	22
X^2	2	49	24
X^3	1	29	26
X^4	0	23	19
X^5	0	3	2
X^6	0	27	22

X^0	1	15	3
X^1	1	13	5
X^2	1	10	6
X^3	2	8	2
X^4	1	3	1
X^5	1	1	1
X^6	0	3	0

X^0	2	251	102
X^1	2	250	102
X^2	2	249	103
X^3	2	207	103
X^4	1	205	161
X^5	1	105	98
X^6	0	147	97

X^0	2	28	16
X^1	1	28	18
X^2	1	28	24
X^3	2	26	22
X^4	1	16	14
X^5	2	25	22
X^6	2	28	23

X^0	1	51	26
X^1	1	48	26
X^2	2	44	19
X^3	1	41	19
X^4	2	44	24
X^5	0	28	21
X^6	2	30	16

X^0	3	37	34
X^1	3	35	31
X^2	3	38	35
X^3	3	36	33
X^4	3	3	3
X^5	0	10	6
X^6	0	36	33

X^0	3	43	21
X^1	3	49	25
X^2	3	51	28
X^3	1	46	26
X^4	1	46	27
X^5	5	40	34
X^6	0	27	12

X^0	4	1286	668
X^1	5	1282	669
X^2	1	1279	666
X^3	5	1279	666
X^4	1	1182	601
X^5	0	603	590
X^6	1	750	599

X^0	4	171	85
X^1	1	167	81
X^2	5	172	87
X^3	1	145	81
X^4	1	164	80
X^5	1	86	77
X^6	2	88	83

X^0	1	603	301
X^1	4	606	304
X^2	5	603	303
X^3	2	304	294
X^4	2	6	2
X^5	2	2	2
X^6	1	6	1

X^0	2	29	13
X^1	1	26	15
X^2	1	23	15
X^3	1	21	12
X^4	1	19	11
X^5	1	12	11
X^6	1	19	5

X^0	5	146	143
X^1	1	143	142
X^2	1	142	140
X^3	1	140	135
X^4	0	145	140
X^5	1	139	138
X^6	0	142	141

X^0	4	32	19
X^1	2	30	16
X^2	1	28	10
X^3	1	23	12
X^4	1	18	15
X^5	1	20	12
X^6	2	25	5

X^0	4	39	20
X^1	4	44	24
X^2	3	48	23
X^3	3	43	21
X^4	3	41	21
X^5	0	31	18
X^6	0	31	9

X^0	2	71	68
X^1	2	71	68
X^2	1	81	68
X^3	1	71	68
X^4	0	94	69
X^5	0	71	69
X^6	0	56	54

X^0	4	87	42
X^1	5	90	48
X^2	3	84	42
X^3	6	85	43
X^4	4	76	27
X^5	2	42	27
X^6	5	53	33

X^0	2	17	9
X^1	2	16	9
X^2	3	15	10
X^3	2	9	2
X^4	1	1	1
X^5	1	1	1
X^6	0	0	0

X^0	8	152	97
X^1	1	144	89
X^2	1	141	88
X^3	3	142	91
X^4	1	134	84
X^5	1	98	83
X^6	3	107	48

X^0	1	16	1
X^1	4	16	4
X^2	1	13	1
X^3	3	14	3
X^4	1	9	1
X^5	1	4	1
X^6	0	12	2

X^0	2	51	23
X^1	2	51	23
X^2	4	54	29
X^3	2	47	23
X^4	2	42	21
X^5	0	30	22
X^6	2	22	12

X^0	1	8	4
X^1	2	10	6
X^2	1	7	2
X^3	2	7	3
X^4	0	4	1
X^5	2	4	2
X^6	1	4	1

X^0	6	51	33
X^1	0	45	29
X^2	0	43	26
X^3	0	42	28
X^4	0	34	28
X^5	0	34	28
X^6	0	34	25

X^0	3	24	9
X^1	5	25	13
X^2	3	20	11
X^3	1	17	4
X^4	3	19	14
X^5	1	13	8
X^6	5	17	7

X^0	1	28	15
X^1	4	29	18
X^2	1	23	12
X^3	1	20	7
X^4	0	12	6
X^5	0	21	7
X^6	0	11	0

X^0	7	146	67
X^1	7	147	72
X^2	7	146	71
X^3	7	142	67
X^4	7	140	64
X^5	7	75	61
X^6	1	80	64

X^0	2	577	376
X^1	3	578	377
X^2	2	561	373
X^3	2	546	360
X^4	2	367	349
X^5	0	377	189
X^6	0	92	0

X^0	1	28	15
X^1	5	32	19
X^2	1	29	16
X^3	3	27	11
X^4	3	13	8
X^5	3	19	16
X^6	1	1	1

X^0	3	194	116
X^1	2	194	116
X^2	2	194	114
X^3	1	199	121
X^4	1	214	139
X^5	0	113	110
X^6	0	123	108

X^0	2	19	7
X^1	2	20	3
X^2	1	19	8
X^3	2	13	5
X^4	1	14	3
X^5	1	10	2
X^6	0	11	0

X^0	3	25	17
X^1	2	21	14
X^2	1	21	14
X^3	2	16	9
X^4	1	8	1
X^5	1	8	1
X^6	1	8	1

X^0	0	40	24
X^1	0	36	24
X^2	4	41	24
X^3	1	43	22
X^4	0	32	24
X^5	1	23	22
X^6	0	9	3

X^0	2	14	2
X^1	2	13	3
X^2	1	11	1
X^3	2	12	3
X^4	1	10	1
X^5	3	12	3
X^6	1	10	3

X^0	4	41	31
X^1	2	39	21
X^2	4	39	22
X^3	1	38	20
X^4	1	37	17
X^5	1	34	29
X^6	0	31	17

X^0	2	86	45
X^1	2	86	48
X^2	2	89	51
X^3	2	86	48
X^4	2	63	34
X^5	2	27	3
X^6	1	54	35

X^0	3	21	10
X^1	2	20	9
X^2	2	18	6
X^3	5	21	13
X^4	2	17	3
X^5	2	14	5
X^6	2	19	7

X^0	1	24	7
X^1	1	21	8
X^2	1	17	9
X^3	0	13	9
X^4	0	11	11
X^5	0	12	11
X^6	0	5	1

X^0	2	19	11
X^1	1	18	11
X^2	1	15	11
X^3	4	17	13
X^4	1	11	8
X^5	0	5	0
X^6	0	0	0

X^0	2	31	13
X^1	4	31	8
X^2	6	29	12
X^3	6	24	13
X^4	3	21	7
X^5	0	2	0
X^6	5	25	12

X^0	8	11	11
X^1	5	9	9
X^2	1	7	6
X^3	0	6	6
X^4	2	7	5
X^5	0	0	0
X^6	1	6	6

X^0	3	8	4
X^1	1	6	3
X^2	9	12	9
X^3	1	4	1
X^4	1	6	3
X^5	1	6	1
X^6	1	5	1

X^0	1	24	8
X^1	2	25	12
X^2	0	20	7
X^3	3	21	11
X^4	7	19	15
X^5	0	11	6
X^6	0	9	2

X^0	5	12	10
X^1	2	9	6
X^2	2	9	6
X^3	1	12	5
X^4	2	9	5
X^5	2	7	2
X^6	0	9	4

X^0	2	9	3
X^1	2	9	3
X^2	2	9	4
X^3	4	10	7
X^4	2	8	3
X^5	2	3	2
X^6	0	3	1

X^0	2	64	57
X^1	3	69	62
X^2	2	67	62
X^3	5	69	63
X^4	2	63	57
X^5	2	62	57
X^6	0	63	50

X^0	2	13	3
X^1	2	10	5
X^2	2	9	4
X^3	1	8	1
X^4	2	13	9
X^5	0	0	0
X^6	1	12	6

X^0	2	47	22
X^1	0	47	23
X^2	3	48	24
X^3	0	41	20
X^4	1	37	15
X^5	0	23	12
X^6	0	9	0

X^0	2	214	115
X^1	2	220	113
X^2	2	218	116
X^3	2	217	114
X^4	0	214	193
X^5	1	111	111
X^6	1	134	107

X^0	2	183	179
X^1	1	181	176
X^2	3	184	179
X^3	1	177	173
X^4	1	170	166
X^5	0	177	169
X^6	0	2	0

X^0	2	113	57
X^1	2	110	56
X^2	1	108	55
X^3	1	103	51
X^4	1	103	52
X^5	2	52	47
X^6	0	41	34

X^0	4	8	4
X^1	4	4	4
X^2	4	4	4
X^3	2	4	2
X^4	2	3	2
X^5	1	1	1
X^6	4	9	6

X^0	1	104	46
X^1	1	100	46
X^2	1	98	44
X^3	0	81	53
X^4	0	66	28
X^5	0	53	36
X^6	0	14	0

X^0	1	239	114
X^1	3	245	119
X^2	2	244	117
X^3	0	241	122
X^4	0	234	117
X^5	2	130	127
X^6	0	127	113

X^0	1	18	8
X^1	1	17	2
X^2	1	17	4
X^3	1	17	7
X^4	0	18	7
X^5	1	16	6
X^6	0	9	0

X^0	1	85	39
X^1	1	86	40
X^2	1	87	39
X^3	1	79	36
X^4	0	70	30
X^5	0	37	26
X^6	0	45	30

X^0	10	24	17
X^1	6	16	6
X^2	6	16	8
X^3	3	17	9
X^4	7	21	14
X^5	5	15	13
X^6	6	8	6

X^0	2	88	78
X^1	1	170	88
X^2	1	174	91
X^3	0	166	84
X^4	0	162	77
X^5	0	87	86
X^6	0	87	86

X^0	3	30	15
X^1	3	22	7
X^2	3	19	3
X^3	5	21	6
X^4	3	16	3
X^5	0	19	4
X^6	0	17	0

Average
X^0	2.77154724818276	98.8618899273105	53.9262720664590
X^1	2.69262720664590	98.3271028037383	53.6355140186916
X^2	2.36760124610592	96.0903426791277	52.5950155763240
X^3	2.30737279335410	90.9781931464174	50.8203530633437
X^4	1.96053997923157	85.5638629283489	48.4080996884735
X^5	1.58047767393562	53.0820353063344	45.7850467289720
X^6	1.01142263759086	52.1381100726895	39.6542056074766

Deviation
X^0	1.68856037246655	197.452552580673	108.663120201463
X^1	1.79100604445210	197.426574446373	108.842379702651
X^2	1.62338478200486	196.598433541081	108.613073075301
X^3	1.79042615264233	193.187657390081	106.645217474857
X^4	1.70409698703934	188.063583794874	105.900875579070
X^5	1.63886880049747	106.130440124835	104.674397519288
X^6	1.50694975388486	105.003410078435	95.1164223523378

Ratio of success: 0.963000000000000

----

