	Opt.	CR	FP
X^0	200	198	199
X^1	200	200	200
X^2	199	199	199

X^0	199	196	198
X^1	196	193	195
X^2	199	199	199

X^0	199	199	199
X^1	199	199	199
X^2	199	199	199

X^0	200	196	200
X^1	200	200	200
X^2	200	200	200

X^0	200	200	200
X^1	199	199	199
X^2	200	200	200

X^0	198	198	198
X^1	197	195	197
X^2	199	199	199

X^0	199	199	199
X^1	198	198	198
X^2	200	200	200

X^0	197	197	197
X^1	197	197	197
X^2	198	198	198

X^0	199	190	192
X^1	198	187	189
X^2	199	199	199

X^0	198	196	198
X^1	196	196	196
X^2	200	200	200

X^0	196	194	196
X^1	199	199	199
X^2	198	198	198

X^0	199	111	111
X^1	199	105	105
X^2	200	200	200

X^0	199	193	195
X^1	199	197	197
X^2	200	200	200

X^0	194	192	194
X^1	198	198	198
X^2	189	189	189

X^0	200	198	200
X^1	200	200	200
X^2	199	199	199

X^0	199	199	199
X^1	200	200	200
X^2	199	199	199

X^0	199	199	199
X^1	198	198	198
X^2	199	199	199

X^0	199	187	187
X^1	200	194	194
X^2	200	200	200

X^0	200	196	196
X^1	197	196	197
X^2	200	200	200

X^0	200	198	200
X^1	200	200	200
X^2	199	199	199

X^0	198	198	198
X^1	199	199	199
X^2	200	200	200

X^0	198	198	198
X^1	197	197	197
X^2	200	200	200

X^0	197	197	197
X^1	197	197	197
X^2	199	199	199

X^0	200	200	200
X^1	197	192	192
X^2	200	200	200

X^0	195	194	195
X^1	196	196	196
X^2	200	200	200

X^0	199	197	198
X^1	199	199	199
X^2	200	200	200

X^0	198	198	198
X^1	198	198	198
X^2	200	200	200

X^0	200	200	200
X^1	200	200	200
X^2	198	198	198

X^0	198	198	198
X^1	199	199	199
X^2	200	200	200

X^0	197	196	197
X^1	200	200	200
X^2	200	200	200

X^0	199	199	199
X^1	199	199	199
X^2	198	198	198

X^0	198	198	198
X^1	200	199	200
X^2	198	198	198

X^0	196	183	184
X^1	199	193	195
X^2	199	199	199

X^0	199	199	199
X^1	199	198	199
X^2	199	199	199

X^0	196	196	196
X^1	200	200	200
X^2	200	200	200

X^0	200	200	200
X^1	200	200	200
X^2	200	200	200

X^0	198	197	198
X^1	198	198	198
X^2	199	199	199

X^0	197	196	197
X^1	197	197	197
X^2	200	200	200

X^0	199	199	199
X^1	199	199	199
X^2	200	200	200

X^0	199	199	199
X^1	199	199	199
X^2	197	197	197

X^0	200	197	198
X^1	197	197	197
X^2	200	200	200

X^0	198	196	198
X^1	198	198	198
X^2	199	199	199

X^0	196	196	196
X^1	196	196	196
X^2	200	200	200

X^0	198	198	198
X^1	200	200	200
X^2	200	200	200

X^0	194	194	194
X^1	196	196	196
X^2	198	198	198

X^0	199	199	199
X^1	199	197	197
X^2	200	200	200

X^0	197	196	196
X^1	199	198	198
X^2	200	200	200

X^0	198	198	198
X^1	198	198	198
X^2	199	199	199

X^0	200	199	200
X^1	199	198	199
X^2	200	200	200

X^0	198	198	198
X^1	198	198	198
X^2	198	198	198

X^0	198	194	197
X^1	200	200	200
X^2	199	199	199

X^0	192	190	191
X^1	200	199	200
X^2	200	200	200

X^0	196	194	196
X^1	194	193	194
X^2	198	198	198

X^0	194	194	194
X^1	200	200	200
X^2	200	200	200

X^0	197	197	197
X^1	197	197	197
X^2	199	199	199

X^0	198	198	198
X^1	199	199	199
X^2	198	198	198

X^0	199	198	199
X^1	199	199	199
X^2	199	199	199

X^0	198	198	198
X^1	200	200	200
X^2	198	198	198

X^0	199	199	199
X^1	199	199	199
X^2	200	200	200

X^0	199	198	199
X^1	199	199	199
X^2	199	199	199

X^0	198	197	198
X^1	199	199	199
X^2	200	200	200

X^0	199	198	198
X^1	200	199	199
X^2	200	200	200

X^0	199	199	199
X^1	199	199	199
X^2	200	200	200

X^0	197	197	197
X^1	200	200	200
X^2	198	198	198

X^0	199	197	199
X^1	199	199	199
X^2	199	199	199

X^0	199	199	199
X^1	199	199	199
X^2	200	200	200

X^0	198	198	198
X^1	199	198	199
X^2	198	198	198

X^0	197	195	196
X^1	200	199	199
X^2	200	200	200

X^0	200	197	200
X^1	200	200	200
X^2	198	198	198

X^0	200	198	198
X^1	200	200	200
X^2	200	200	200

X^0	195	195	195
X^1	199	199	199
X^2	200	200	200

X^0	198	198	198
X^1	198	198	198
X^2	197	197	197

X^0	198	198	198
X^1	198	198	198
X^2	199	199	199

X^0	199	172	173
X^1	199	187	192
X^2	199	199	199

X^0	199	197	199
X^1	200	200	200
X^2	200	200	200

X^0	198	198	198
X^1	198	198	198
X^2	199	199	199

X^0	197	193	193
X^1	200	193	193
X^2	200	200	200

X^0	195	195	195
X^1	200	200	200
X^2	200	200	200

X^0	199	197	198
X^1	199	199	199
X^2	200	200	200

X^0	199	196	199
X^1	200	200	200
X^2	200	200	200

X^0	200	200	200
X^1	196	196	196
X^2	198	198	198

X^0	195	151	152
X^1	199	173	175
X^2	200	200	200

X^0	199	199	199
X^1	199	199	199
X^2	200	200	200

X^0	198	193	195
X^1	200	198	200
X^2	200	200	200

X^0	199	199	199
X^1	199	199	199
X^2	200	200	200

X^0	199	199	199
X^1	197	197	197
X^2	200	200	200

X^0	197	196	197
X^1	196	196	196
X^2	198	198	198

X^0	196	184	185
X^1	198	193	194
X^2	199	199	199

X^0	199	197	199
X^1	199	199	199
X^2	200	200	200

X^0	195	194	195
X^1	200	200	200
X^2	199	199	199

X^0	198	197	198
X^1	198	198	198
X^2	197	197	197

X^0	200	200	200
X^1	199	199	199
X^2	197	197	197

X^0	199	199	199
X^1	199	199	199
X^2	199	199	199

X^0	198	198	198
X^1	200	200	200
X^2	198	198	198

X^0	191	128	129
X^1	199	167	168
X^2	199	199	199

X^0	198	198	198
X^1	199	199	199
X^2	200	200	200

X^0	197	197	197
X^1	199	199	199
X^2	194	194	194

X^0	198	195	196
X^1	198	195	196
X^2	200	200	200

X^0	198	198	198
X^1	198	198	198
X^2	200	200	200

X^0	197	197	197
X^1	200	199	200
X^2	199	199	199

X^0	200	200	200
X^1	200	200	200
X^2	200	200	200

X^0	195	195	195
X^1	195	195	195
X^2	199	199	199

X^0	198	196	198
X^1	199	199	199
X^2	200	200	200

X^0	198	197	198
X^1	199	199	199
X^2	200	200	200

X^0	197	197	197
X^1	197	197	197
X^2	198	198	198

X^0	198	187	189
X^1	198	195	197
X^2	198	198	198

X^0	196	7	11
X^1	196	126	131
X^2	196	196	196

X^0	199	197	198
X^1	199	199	199
X^2	199	199	199

X^0	200	200	200
X^1	200	200	200
X^2	200	200	200

X^0	199	199	199
X^1	200	200	200
X^2	200	200	200

X^0	199	199	199
X^1	199	199	199
X^2	200	200	200

X^0	197	197	197
X^1	200	200	200
X^2	200	200	200

X^0	199	197	199
X^1	199	197	199
X^2	199	199	199

X^0	199	199	199
X^1	200	200	200
X^2	199	199	199

X^0	199	199	199
X^1	197	197	197
X^2	200	200	200

X^0	197	197	197
X^1	195	195	195
X^2	200	200	200

X^0	199	199	199
X^1	199	199	199
X^2	197	197	197

X^0	198	198	198
X^1	199	199	199
X^2	195	195	195

X^0	198	197	198
X^1	200	200	200
X^2	199	199	199

X^0	197	193	194
X^1	199	196	197
X^2	199	199	199

X^0	194	194	194
X^1	198	197	198
X^2	200	200	200

X^0	199	199	199
X^1	198	198	198
X^2	199	199	199

X^0	197	195	197
X^1	199	199	199
X^2	200	200	200

X^0	200	200	200
X^1	197	197	197
X^2	200	200	200

X^0	200	195	197
X^1	198	193	195
X^2	200	200	200

X^0	199	198	199
X^1	198	198	198
X^2	200	200	200

X^0	187	187	187
X^1	187	187	187
X^2	200	200	200

X^0	196	194	196
X^1	196	194	196
X^2	196	196	196

X^0	199	199	199
X^1	199	199	199
X^2	200	200	200

X^0	199	198	199
X^1	199	199	199
X^2	200	200	200

X^0	199	199	199
X^1	199	199	199
X^2	200	200	200

X^0	199	197	199
X^1	196	196	196
X^2	199	199	199

X^0	200	187	189
X^1	200	194	194
X^2	200	200	200

X^0	199	199	199
X^1	200	200	200
X^2	200	200	200

X^0	199	196	199
X^1	199	199	199
X^2	200	200	200

X^0	199	199	199
X^1	200	200	200
X^2	200	200	200

X^0	200	200	200
X^1	198	198	198
X^2	200	200	200

X^0	199	199	199
X^1	194	194	194
X^2	200	200	200

X^0	199	199	199
X^1	197	197	197
X^2	199	199	199

X^0	199	193	193
X^1	200	198	200
X^2	200	200	200

X^0	198	196	197
X^1	198	198	198
X^2	199	199	199

X^0	196	196	196
X^1	196	196	196
X^2	200	200	200

X^0	200	200	200
X^1	200	200	200
X^2	200	200	200

X^0	195	195	195
X^1	199	199	199
X^2	199	199	199

X^0	196	196	196
X^1	197	197	197
X^2	200	200	200

X^0	198	198	198
X^1	199	190	191
X^2	200	200	200

X^0	198	198	198
X^1	199	199	199
X^2	199	199	199

X^0	199	199	199
X^1	200	200	200
X^2	200	200	200

X^0	198	198	198
X^1	198	198	198
X^2	199	199	199

X^0	199	199	199
X^1	200	200	200
X^2	197	197	197

X^0	198	198	198
X^1	199	199	199
X^2	199	199	199

X^0	199	199	199
X^1	199	199	199
X^2	199	199	199

X^0	198	195	196
X^1	199	199	199
X^2	198	198	198

X^0	198	196	197
X^1	200	200	200
X^2	199	199	199

X^0	199	197	199
X^1	199	197	199
X^2	199	199	199

X^0	197	166	169
X^1	197	170	173
X^2	197	197	197

X^0	199	197	198
X^1	196	196	196
X^2	199	199	199

X^0	199	199	199
X^1	199	199	199
X^2	198	198	198

X^0	194	192	192
X^1	200	200	200
X^2	200	200	200

X^0	199	198	199
X^1	199	199	199
X^2	200	200	200

X^0	199	197	197
X^1	200	197	197
X^2	200	200	200

X^0	198	192	195
X^1	199	195	195
X^2	200	200	200

X^0	196	196	196
X^1	198	198	198
X^2	200	200	200

X^0	197	197	197
X^1	197	197	197
X^2	197	197	197

X^0	197	191	192
X^1	195	194	195
X^2	200	200	200

X^0	195	195	195
X^1	195	192	192
X^2	200	200	200

X^0	200	200	200
X^1	200	200	200
X^2	197	197	197

X^0	199	199	199
X^1	199	199	199
X^2	200	200	200

X^0	199	199	199
X^1	200	200	200
X^2	200	200	200

X^0	197	195	197
X^1	198	198	198
X^2	198	198	198

X^0	196	193	196
X^1	196	193	196
X^2	196	196	196

X^0	196	196	196
X^1	197	197	197
X^2	200	200	200

X^0	200	197	198
X^1	200	200	200
X^2	199	199	199

X^0	197	197	197
X^1	200	200	200
X^2	196	196	196

X^0	200	199	200
X^1	200	200	200
X^2	200	200	200

X^0	199	178	179
X^1	200	188	191
X^2	200	200	200

X^0	197	190	193
X^1	197	192	195
X^2	197	197	197

X^0	200	197	198
X^1	199	199	199
X^2	199	199	199

X^0	198	198	198
X^1	198	198	198
X^2	200	200	200

X^0	198	198	198
X^1	198	198	198
X^2	200	200	200

X^0	196	159	163
X^1	198	158	162
X^2	198	198	198

X^0	198	198	198
X^1	200	200	200
X^2	198	198	198

X^0	200	200	200
X^1	199	199	199
X^2	200	200	200

X^0	196	196	196
X^1	196	196	196
X^2	198	198	198

X^0	199	196	198
X^1	199	199	199
X^2	198	198	198

X^0	196	196	196
X^1	199	199	199
X^2	198	198	198

X^0	200	200	200
X^1	200	200	200
X^2	199	199	199

X^0	191	191	191
X^1	200	200	200
X^2	199	199	199

X^0	198	196	198
X^1	200	200	200
X^2	199	199	199

X^0	199	197	198
X^1	199	199	199
X^2	200	200	200

X^0	194	194	194
X^1	195	195	195
X^2	198	198	198

X^0	199	199	199
X^1	198	198	198
X^2	198	198	198

X^0	198	198	198
X^1	198	198	198
X^2	199	199	199

X^0	198	192	198
X^1	194	194	194
X^2	200	200	200

X^0	199	197	197
X^1	199	197	199
X^2	200	200	200

X^0	199	198	199
X^1	199	199	199
X^2	200	200	200

X^0	199	199	199
X^1	199	199	199
X^2	199	199	199

X^0	198	198	198
X^1	199	199	199
X^2	200	200	200

X^0	197	197	197
X^1	199	199	199
X^2	198	198	198

X^0	200	198	200
X^1	199	199	199
X^2	200	200	200

X^0	196	196	196
X^1	195	195	195
X^2	200	200	200

X^0	199	198	199
X^1	199	199	199
X^2	200	200	200

X^0	198	198	198
X^1	198	197	198
X^2	198	198	198

X^0	197	197	197
X^1	196	196	196
X^2	199	199	199

X^0	198	195	197
X^1	198	198	198
X^2	199	199	199

X^0	198	198	198
X^1	199	199	199
X^2	200	200	200

X^0	199	199	199
X^1	199	199	199
X^2	200	200	200

X^0	196	196	196
X^1	196	196	196
X^2	198	198	198

X^0	197	197	197
X^1	199	199	199
X^2	199	199	199

X^0	198	197	198
X^1	199	199	199
X^2	200	200	200

X^0	199	199	199
X^1	199	199	199
X^2	199	199	199

X^0	195	195	195
X^1	196	196	196
X^2	197	197	197

X^0	199	189	189
X^1	197	195	195
X^2	200	200	200

X^0	198	198	198
X^1	198	198	198
X^2	200	200	200

X^0	199	197	199
X^1	199	199	199
X^2	200	200	200

X^0	197	194	195
X^1	199	195	196
X^2	199	199	199

X^0	200	198	199
X^1	200	200	200
X^2	199	199	199

X^0	198	198	198
X^1	198	197	198
X^2	199	199	199

X^0	198	190	191
X^1	198	197	197
X^2	200	200	200

X^0	197	197	197
X^1	200	200	200
X^2	199	199	199

X^0	197	136	139
X^1	197	166	170
X^2	197	197	197

X^0	198	198	198
X^1	198	198	198
X^2	200	200	200

X^0	197	197	197
X^1	200	198	200
X^2	198	198	198

X^0	199	199	199
X^1	199	199	199
X^2	200	200	200

X^0	199	198	199
X^1	199	199	199
X^2	199	199	199

X^0	199	162	163
X^1	199	180	181
X^2	199	199	199

X^0	198	198	198
X^1	198	198	198
X^2	198	198	198

X^0	196	193	196
X^1	199	199	199
X^2	195	195	195

X^0	198	198	198
X^1	200	200	200
X^2	199	199	199

X^0	199	199	199
X^1	199	199	199
X^2	199	199	199

X^0	199	199	199
X^1	200	200	200
X^2	200	200	200

X^0	191	190	191
X^1	200	199	200
X^2	200	200	200

X^0	199	199	199
X^1	199	199	199
X^2	198	198	198

X^0	195	193	195
X^1	195	195	195
X^2	199	199	199

X^0	200	200	200
X^1	200	199	200
X^2	200	200	200

X^0	198	103	104
X^1	197	140	141
X^2	200	200	200

X^0	198	198	198
X^1	196	196	196
X^2	199	199	199

X^0	200	200	200
X^1	200	200	200
X^2	199	199	199

X^0	198	198	198
X^1	200	200	200
X^2	198	198	198

X^0	198	195	198
X^1	198	196	196
X^2	200	200	200

X^0	199	199	199
X^1	199	199	199
X^2	200	200	200

X^0	200	199	200
X^1	200	199	200
X^2	198	198	198

X^0	197	189	196
X^1	196	196	196
X^2	199	199	199

X^0	198	198	198
X^1	200	198	199
X^2	200	200	200

X^0	199	199	199
X^1	200	200	200
X^2	200	200	200

X^0	199	199	199
X^1	200	200	200
X^2	199	199	199

X^0	196	181	185
X^1	196	196	196
X^2	200	200	200

X^0	197	197	197
X^1	197	197	197
X^2	200	200	200

X^0	199	198	199
X^1	199	199	199
X^2	200	200	200

X^0	198	197	197
X^1	200	200	200
X^2	200	200	200

X^0	200	200	200
X^1	199	199	199
X^2	200	200	200

X^0	198	198	198
X^1	198	198	198
X^2	196	196	196

X^0	200	200	200
X^1	200	200	200
X^2	200	200	200

X^0	199	199	199
X^1	200	200	200
X^2	199	199	199

X^0	200	183	185
X^1	198	189	190
X^2	200	200	200

X^0	198	198	198
X^1	200	200	200
X^2	198	198	198

X^0	196	196	196
X^1	196	196	196
X^2	199	199	199

X^0	199	199	199
X^1	199	199	199
X^2	200	200	200

X^0	200	192	192
X^1	200	197	197
X^2	200	200	200

X^0	196	196	196
X^1	197	197	197
X^2	200	200	200

X^0	199	197	198
X^1	198	197	197
X^2	200	200	200

X^0	193	193	193
X^1	199	199	199
X^2	200	200	200

X^0	197	197	197
X^1	199	199	199
X^2	197	197	197

X^0	200	199	200
X^1	200	199	200
X^2	200	200	200

X^0	200	148	149
X^1	196	169	169
X^2	200	200	200

X^0	198	195	198
X^1	197	197	197
X^2	200	200	200

X^0	198	198	198
X^1	198	198	198
X^2	199	199	199

X^0	199	197	197
X^1	198	198	198
X^2	200	200	200

X^0	197	197	197
X^1	198	198	198
X^2	197	197	197

X^0	197	197	197
X^1	198	198	198
X^2	200	200	200

X^0	200	200	200
X^1	199	199	199
X^2	200	200	200

X^0	200	200	200
X^1	199	199	199
X^2	199	199	199

X^0	200	200	200
X^1	200	200	200
X^2	200	200	200

X^0	199	198	199
X^1	199	198	199
X^2	200	200	200

X^0	199	199	199
X^1	198	198	198
X^2	200	200	200

X^0	200	200	200
X^1	200	200	200
X^2	200	200	200

X^0	200	200	200
X^1	200	200	200
X^2	200	200	200

X^0	198	191	192
X^1	199	199	199
X^2	198	198	198

X^0	200	199	200
X^1	198	197	198
X^2	200	200	200

X^0	200	200	200
X^1	200	200	200
X^2	200	200	200

X^0	200	182	182
X^1	200	192	193
X^2	200	200	200

X^0	198	197	198
X^1	198	198	198
X^2	199	199	199

X^0	192	192	192
X^1	198	198	198
X^2	200	200	200

X^0	194	194	194
X^1	195	195	195
X^2	198	198	198

X^0	199	199	199
X^1	199	199	199
X^2	195	195	195

X^0	197	197	197
X^1	199	198	199
X^2	197	197	197

X^0	198	198	198
X^1	199	199	199
X^2	198	198	198

X^0	197	195	197
X^1	197	197	197
X^2	199	199	199

X^0	200	195	197
X^1	199	194	194
X^2	200	200	200

X^0	198	195	196
X^1	199	199	199
X^2	200	200	200

X^0	199	197	198
X^1	199	199	199
X^2	200	200	200

X^0	199	193	194
X^1	199	199	199
X^2	200	200	200

X^0	193	193	193
X^1	196	196	196
X^2	196	196	196

X^0	198	198	198
X^1	198	198	198
X^2	197	197	197

X^0	199	196	196
X^1	200	200	200
X^2	197	197	197

X^0	199	193	196
X^1	198	195	198
X^2	199	199	199

X^0	195	195	195
X^1	195	195	195
X^2	198	198	198

X^0	198	194	194
X^1	198	198	198
X^2	200	200	200

X^0	198	185	186
X^1	196	187	188
X^2	199	199	199

X^0	198	198	198
X^1	198	198	198
X^2	200	200	200

X^0	197	197	197
X^1	197	197	197
X^2	198	198	198

X^0	199	199	199
X^1	200	200	200
X^2	199	199	199

X^0	199	199	199
X^1	199	199	199
X^2	200	200	200

X^0	197	197	197
X^1	199	199	199
X^2	191	191	191

X^0	197	197	197
X^1	197	197	197
X^2	198	198	198

X^0	195	192	194
X^1	199	199	199
X^2	200	200	200

X^0	199	199	199
X^1	198	198	198
X^2	200	200	200

X^0	198	198	198
X^1	199	199	199
X^2	198	198	198

X^0	200	198	200
X^1	196	196	196
X^2	198	198	198

X^0	200	196	198
X^1	200	199	200
X^2	198	198	198

X^0	198	195	198
X^1	199	199	199
X^2	200	200	200

X^0	199	199	199
X^1	199	199	199
X^2	198	198	198

X^0	200	198	200
X^1	200	200	200
X^2	197	197	197

X^0	196	196	196
X^1	196	196	196
X^2	198	198	198

X^0	199	198	199
X^1	198	198	198
X^2	200	200	200

X^0	199	199	199
X^1	198	198	198
X^2	196	196	196

X^0	199	199	199
X^1	198	198	198
X^2	200	200	200

X^0	196	196	196
X^1	199	198	199
X^2	199	199	199

X^0	199	193	194
X^1	198	189	190
X^2	200	200	200

X^0	199	197	199
X^1	197	197	197
X^2	198	198	198

X^0	199	196	196
X^1	198	195	195
X^2	200	200	200

X^0	198	195	198
X^1	200	196	197
X^2	199	199	199

X^0	199	199	199
X^1	200	200	200
X^2	199	199	199

X^0	199	199	199
X^1	200	200	200
X^2	199	199	199

X^0	199	191	194
X^1	195	195	195
X^2	199	199	199

X^0	200	200	200
X^1	200	199	199
X^2	200	200	200

X^0	197	195	197
X^1	198	198	198
X^2	198	198	198

X^0	197	197	197
X^1	195	195	195
X^2	200	200	200

X^0	200	200	200
X^1	200	200	200
X^2	200	200	200

X^0	198	198	198
X^1	198	198	198
X^2	199	199	199

X^0	198	198	198
X^1	198	198	198
X^2	199	199	199

X^0	196	194	196
X^1	196	196	196
X^2	196	196	196

X^0	198	148	148
X^1	200	175	175
X^2	200	200	200

X^0	199	190	193
X^1	199	199	199
X^2	200	200	200

X^0	199	199	199
X^1	198	198	198
X^2	200	200	200

X^0	198	194	195
X^1	199	198	199
X^2	199	199	199

X^0	199	199	199
X^1	199	199	199
X^2	197	197	197

X^0	199	199	199
X^1	199	199	199
X^2	200	200	200

X^0	197	196	197
X^1	196	196	196
X^2	197	197	197

X^0	200	178	178
X^1	199	190	191
X^2	200	200	200

X^0	199	197	198
X^1	200	199	200
X^2	200	200	200

X^0	199	199	199
X^1	199	199	199
X^2	200	200	200

X^0	197	197	197
X^1	199	199	199
X^2	200	200	200

X^0	198	198	198
X^1	197	197	197
X^2	196	196	196

X^0	200	200	200
X^1	200	200	200
X^2	198	198	198

X^0	199	199	199
X^1	199	199	199
X^2	199	199	199

X^0	199	199	199
X^1	200	200	200
X^2	196	196	196

X^0	199	199	199
X^1	199	199	199
X^2	200	200	200

X^0	196	194	196
X^1	199	196	199
X^2	199	199	199

X^0	199	199	199
X^1	197	197	197
X^2	200	200	200

X^0	199	198	199
X^1	199	199	199
X^2	193	193	193

X^0	200	199	200
X^1	194	194	194
X^2	199	199	199

X^0	199	199	199
X^1	199	198	199
X^2	198	198	198

X^0	196	196	196
X^1	200	200	200
X^2	196	196	196

X^0	199	198	199
X^1	200	200	200
X^2	199	199	199

X^0	198	198	198
X^1	196	196	196
X^2	200	200	200

X^0	199	199	199
X^1	200	200	200
X^2	196	196	196

X^0	198	195	197
X^1	199	199	199
X^2	200	200	200

X^0	200	198	200
X^1	200	200	200
X^2	199	199	199

X^0	200	200	200
X^1	199	199	199
X^2	199	199	199

X^0	198	198	198
X^1	199	199	199
X^2	199	199	199

X^0	199	199	199
X^1	199	199	199
X^2	199	199	199

X^0	199	196	198
X^1	199	199	199
X^2	200	200	200

X^0	196	192	196
X^1	196	196	196
X^2	200	200	200

X^0	198	198	198
X^1	198	198	198
X^2	199	199	199

X^0	199	197	197
X^1	199	197	197
X^2	200	200	200

X^0	199	199	199
X^1	199	199	199
X^2	195	195	195

X^0	193	193	193
X^1	200	200	200
X^2	200	200	200

X^0	199	197	198
X^1	199	199	199
X^2	200	200	200

X^0	199	199	199
X^1	199	199	199
X^2	199	199	199

X^0	193	185	185
X^1	196	188	188
X^2	200	200	200

X^0	198	187	187
X^1	199	194	194
X^2	200	200	200

X^0	199	198	199
X^1	199	199	199
X^2	200	200	200

X^0	199	196	197
X^1	200	200	200
X^2	200	200	200

X^0	199	199	199
X^1	200	199	199
X^2	200	200	200

X^0	200	200	200
X^1	200	200	200
X^2	199	199	199

X^0	198	198	198
X^1	198	198	198
X^2	200	200	200

X^0	200	200	200
X^1	200	200	200
X^2	200	200	200

X^0	199	187	187
X^1	200	195	195
X^2	200	200	200

X^0	198	198	198
X^1	200	200	200
X^2	198	198	198

X^0	199	199	199
X^1	200	200	200
X^2	200	200	200

X^0	198	185	186
X^1	199	195	195
X^2	200	200	200

X^0	199	199	199
X^1	199	199	199
X^2	200	200	200

X^0	199	197	197
X^1	200	200	200
X^2	198	198	198

X^0	200	200	200
X^1	197	197	197
X^2	200	200	200

X^0	196	196	196
X^1	197	197	197
X^2	198	198	198

X^0	199	199	199
X^1	192	192	192
X^2	199	199	199

X^0	199	199	199
X^1	199	199	199
X^2	200	200	200

X^0	198	198	198
X^1	198	198	198
X^2	198	198	198

X^0	194	194	194
X^1	194	194	194
X^2	200	200	200

X^0	199	197	198
X^1	199	198	198
X^2	200	200	200

X^0	199	199	199
X^1	199	199	199
X^2	200	200	200

X^0	198	194	196
X^1	196	194	196
X^2	198	198	198

X^0	195	194	195
X^1	199	199	199
X^2	200	200	200

X^0	199	195	199
X^1	200	200	200
X^2	195	195	195

X^0	200	200	200
X^1	200	200	200
X^2	200	200	200

X^0	195	195	195
X^1	197	197	197
X^2	199	199	199

X^0	199	199	199
X^1	197	197	197
X^2	199	199	199

X^0	198	198	198
X^1	199	191	194
X^2	199	199	199

X^0	199	199	199
X^1	199	199	199
X^2	199	199	199

X^0	196	196	196
X^1	197	197	197
X^2	200	200	200

X^0	195	195	195
X^1	200	200	200
X^2	199	199	199

X^0	197	195	197
X^1	197	197	197
X^2	200	200	200

X^0	198	198	198
X^1	197	197	197
X^2	200	200	200

X^0	199	199	199
X^1	196	196	196
X^2	199	199	199

X^0	199	199	199
X^1	197	197	197
X^2	197	197	197

X^0	197	195	197
X^1	198	197	198
X^2	199	199	199

X^0	200	200	200
X^1	196	196	196
X^2	199	199	199

X^0	196	196	196
X^1	199	199	199
X^2	200	200	200

X^0	199	199	199
X^1	200	200	200
X^2	198	198	198

X^0	198	198	198
X^1	199	199	199
X^2	200	200	200

X^0	199	198	199
X^1	199	199	199
X^2	196	196	196

X^0	197	197	197
X^1	197	197	197
X^2	197	197	197

X^0	197	196	197
X^1	200	199	199
X^2	200	200	200

X^0	199	111	117
X^1	200	155	155
X^2	200	200	200

X^0	200	198	199
X^1	200	197	198
X^2	200	200	200

X^0	199	199	199
X^1	199	199	199
X^2	198	198	198

X^0	197	196	197
X^1	198	198	198
X^2	198	198	198

X^0	199	199	199
X^1	199	199	199
X^2	200	200	200

X^0	198	198	198
X^1	198	198	198
X^2	198	198	198

X^0	200	200	200
X^1	198	198	198
X^2	200	200	200

X^0	197	197	197
X^1	197	197	197
X^2	200	200	200

X^0	199	199	199
X^1	199	199	199
X^2	200	200	200

X^0	199	195	196
X^1	199	198	199
X^2	199	199	199

X^0	199	199	199
X^1	199	199	199
X^2	200	200	200

X^0	198	154	156
X^1	200	154	156
X^2	200	200	200

X^0	195	193	195
X^1	197	197	197
X^2	200	200	200

X^0	194	189	194
X^1	194	194	194
X^2	200	200	200

X^0	198	198	198
X^1	196	196	196
X^2	200	200	200

X^0	200	200	200
X^1	197	197	197
X^2	196	196	196

X^0	198	175	177
X^1	198	166	168
X^2	198	198	198

X^0	198	198	198
X^1	199	199	199
X^2	196	196	196

X^0	200	199	200
X^1	200	200	200
X^2	198	198	198

X^0	199	199	199
X^1	200	200	200
X^2	200	200	200

X^0	199	196	199
X^1	200	198	200
X^2	198	198	198

X^0	199	199	199
X^1	197	197	197
X^2	197	197	197

X^0	199	199	199
X^1	199	199	199
X^2	199	199	199

X^0	200	199	200
X^1	200	200	200
X^2	200	200	200

X^0	197	197	197
X^1	199	199	199
X^2	199	199	199

X^0	198	198	198
X^1	198	198	198
X^2	200	200	200

X^0	199	199	199
X^1	199	199	199
X^2	198	198	198

X^0	198	163	164
X^1	200	192	193
X^2	200	200	200

X^0	199	197	198
X^1	200	200	200
X^2	200	200	200

X^0	197	191	192
X^1	197	197	197
X^2	200	200	200

X^0	198	118	119
X^1	199	117	118
X^2	199	199	199

X^0	199	199	199
X^1	197	197	197
X^2	200	200	200

X^0	195	193	195
X^1	200	200	200
X^2	200	200	200

X^0	199	198	198
X^1	197	197	197
X^2	200	200	200

X^0	197	195	197
X^1	199	199	199
X^2	195	195	195

X^0	199	199	199
X^1	199	199	199
X^2	200	200	200

X^0	198	194	194
X^1	195	194	194
X^2	200	200	200

X^0	198	198	198
X^1	197	196	197
X^2	200	200	200

X^0	196	196	196
X^1	197	197	197
X^2	198	198	198

X^0	199	196	198
X^1	200	200	200
X^2	192	192	192

X^0	200	200	200
X^1	196	196	196
X^2	200	200	200

X^0	197	197	197
X^1	196	196	196
X^2	199	199	199

X^0	199	199	199
X^1	196	196	196
X^2	200	200	200

X^0	198	188	189
X^1	199	188	189
X^2	199	199	199

X^0	199	193	195
X^1	200	200	200
X^2	200	200	200

X^0	199	199	199
X^1	197	197	197
X^2	196	196	196

X^0	200	200	200
X^1	200	200	200
X^2	200	200	200

X^0	198	198	198
X^1	198	198	198
X^2	199	199	199

X^0	195	195	195
X^1	199	199	199
X^2	199	199	199

X^0	198	149	151
X^1	198	175	178
X^2	198	198	198

X^0	198	198	198
X^1	199	199	199
X^2	199	199	199

X^0	200	199	200
X^1	199	199	199
X^2	200	200	200

X^0	199	183	183
X^1	200	200	200
X^2	200	200	200

X^0	200	192	197
X^1	197	197	197
X^2	200	200	200

X^0	197	197	197
X^1	197	197	197
X^2	198	198	198

X^0	199	198	199
X^1	199	199	199
X^2	199	199	199

X^0	199	199	199
X^1	200	200	200
X^2	200	200	200

X^0	198	173	176
X^1	198	186	190
X^2	198	198	198

X^0	197	197	197
X^1	198	198	198
X^2	200	200	200

X^0	199	199	199
X^1	200	200	200
X^2	200	200	200

X^0	197	197	197
X^1	199	199	199
X^2	199	199	199

X^0	196	196	196
X^1	200	200	200
X^2	200	200	200

X^0	200	199	199
X^1	200	200	200
X^2	198	198	198

X^0	199	199	199
X^1	198	197	198
X^2	198	198	198

X^0	196	196	196
X^1	198	198	198
X^2	200	200	200

X^0	200	200	200
X^1	200	200	200
X^2	200	200	200

X^0	197	197	197
X^1	198	197	198
X^2	199	199	199

X^0	198	198	198
X^1	199	199	199
X^2	199	199	199

X^0	197	195	196
X^1	200	199	199
X^2	200	200	200

X^0	194	194	194
X^1	199	199	199
X^2	196	196	196

X^0	200	199	200
X^1	195	195	195
X^2	200	200	200

X^0	200	200	200
X^1	200	200	200
X^2	200	200	200

X^0	194	194	194
X^1	194	194	194
X^2	199	199	199

X^0	200	198	200
X^1	199	198	199
X^2	200	200	200

X^0	198	196	197
X^1	200	200	200
X^2	199	199	199

X^0	198	198	198
X^1	198	198	198
X^2	200	200	200

X^0	195	195	195
X^1	195	195	195
X^2	200	200	200

X^0	198	193	193
X^1	198	193	193
X^2	200	200	200

X^0	197	196	197
X^1	200	200	200
X^2	198	198	198

X^0	196	190	191
X^1	200	198	198
X^2	200	200	200

X^0	196	196	196
X^1	196	196	196
X^2	198	198	198

X^0	198	191	195
X^1	197	197	197
X^2	199	199	199

X^0	200	196	198
X^1	198	197	197
X^2	200	200	200

X^0	197	195	197
X^1	200	199	200
X^2	200	200	200

X^0	200	197	197
X^1	199	199	199
X^2	200	200	200

X^0	199	199	199
X^1	199	199	199
X^2	199	199	199

X^0	199	198	199
X^1	194	194	194
X^2	200	200	200

X^0	197	197	197
X^1	198	198	198
X^2	200	200	200

X^0	199	199	199
X^1	199	199	199
X^2	197	197	197

X^0	199	199	199
X^1	199	199	199
X^2	199	199	199

X^0	199	199	199
X^1	197	197	197
X^2	198	198	198

X^0	198	198	198
X^1	197	195	197
X^2	198	198	198

X^0	198	171	173
X^1	199	186	187
X^2	199	199	199

X^0	198	197	198
X^1	199	199	199
X^2	200	200	200

X^0	197	195	197
X^1	198	197	198
X^2	198	198	198

X^0	200	200	200
X^1	200	199	200
X^2	199	199	199

X^0	198	198	198
X^1	200	200	200
X^2	199	199	199

X^0	192	190	192
X^1	199	191	195
X^2	198	198	198

X^0	199	199	199
X^1	199	199	199
X^2	198	198	198

X^0	197	195	195
X^1	198	197	197
X^2	200	200	200

X^0	197	197	197
X^1	197	197	197
X^2	199	199	199

X^0	200	200	200
X^1	200	200	200
X^2	195	195	195

X^0	199	196	198
X^1	199	199	199
X^2	198	198	198

X^0	198	198	198
X^1	198	198	198
X^2	198	198	198

X^0	199	199	199
X^1	197	197	197
X^2	200	200	200

X^0	193	188	193
X^1	190	190	190
X^2	200	200	200

X^0	199	199	199
X^1	200	200	200
X^2	200	200	200

X^0	197	196	197
X^1	197	197	197
X^2	197	197	197

X^0	197	196	197
X^1	199	198	199
X^2	199	199	199

X^0	199	199	199
X^1	199	199	199
X^2	200	200	200

X^0	200	180	182
X^1	199	177	179
X^2	200	200	200

X^0	197	197	197
X^1	197	197	197
X^2	200	200	200

X^0	200	-2022	0
X^1	200	-919	0
X^2	196	196	196

X^0	198	198	198
X^1	200	199	200
X^2	200	200	200

X^0	200	200	200
X^1	200	200	200
X^2	199	199	199

X^0	198	198	198
X^1	199	199	199
X^2	195	195	195

X^0	198	198	198
X^1	198	198	198
X^2	199	199	199

X^0	199	198	199
X^1	199	198	199
X^2	199	199	199

X^0	200	200	200
X^1	198	198	198
X^2	200	200	200

X^0	200	200	200
X^1	200	200	200
X^2	198	198	198

X^0	199	195	195
X^1	200	197	197
X^2	200	200	200

X^0	195	195	195
X^1	195	195	195
X^2	198	198	198

X^0	200	200	200
X^1	199	199	199
X^2	200	200	200

X^0	199	199	199
X^1	199	199	199
X^2	200	200	200

X^0	199	198	199
X^1	200	200	200
X^2	199	199	199

X^0	200	187	187
X^1	198	192	192
X^2	200	200	200

X^0	197	196	197
X^1	198	198	198
X^2	200	200	200

X^0	198	198	198
X^1	198	198	198
X^2	198	198	198

X^0	199	195	196
X^1	199	199	199
X^2	200	200	200

X^0	198	198	198
X^1	198	198	198
X^2	196	196	196

X^0	199	199	199
X^1	199	199	199
X^2	200	200	200

X^0	200	200	200
X^1	200	200	200
X^2	200	200	200

X^0	197	195	195
X^1	198	198	198
X^2	200	200	200

X^0	199	199	199
X^1	200	200	200
X^2	200	200	200

X^0	199	199	199
X^1	198	198	198
X^2	196	196	196

X^0	198	185	186
X^1	198	198	198
X^2	200	200	200

X^0	200	200	200
X^1	200	200	200
X^2	200	200	200

X^0	199	194	194
X^1	200	196	196
X^2	200	200	200

X^0	199	199	199
X^1	200	200	200
X^2	197	197	197

X^0	198	198	198
X^1	200	200	200
X^2	199	199	199

X^0	200	199	199
X^1	199	199	199
X^2	200	200	200

X^0	197	197	197
X^1	198	198	198
X^2	196	196	196

X^0	200	200	200
X^1	200	199	199
X^2	200	200	200

X^0	197	195	197
X^1	197	197	197
X^2	200	200	200

X^0	200	189	189
X^1	200	195	198
X^2	200	200	200

X^0	199	199	199
X^1	198	198	198
X^2	199	199	199

X^0	198	198	198
X^1	198	198	198
X^2	196	196	196

X^0	199	198	199
X^1	199	199	199
X^2	200	200	200

X^0	197	196	197
X^1	197	197	197
X^2	200	200	200

X^0	199	198	198
X^1	200	199	199
X^2	200	200	200

X^0	198	194	197
X^1	198	198	198
X^2	200	200	200

X^0	198	197	198
X^1	197	197	197
X^2	199	199	199

X^0	198	198	198
X^1	197	194	197
X^2	198	198	198

X^0	198	198	198
X^1	199	199	199
X^2	194	194	194

X^0	195	195	195
X^1	195	195	195
X^2	199	199	199

X^0	189	189	189
X^1	197	197	197
X^2	190	190	190

X^0	197	197	197
X^1	197	197	197
X^2	199	199	199

X^0	198	197	198
X^1	197	197	197
X^2	199	199	199

X^0	199	198	198
X^1	198	197	197
X^2	200	200	200

X^0	197	197	197
X^1	199	199	199
X^2	200	200	200

X^0	199	199	199
X^1	199	199	199
X^2	200	200	200

X^0	198	197	198
X^1	193	193	193
X^2	199	199	199

X^0	199	195	198
X^1	200	200	200
X^2	200	200	200

X^0	197	192	193
X^1	198	198	198
X^2	200	200	200

X^0	197	195	197
X^1	197	197	197
X^2	198	198	198

X^0	200	190	194
X^1	196	192	196
X^2	196	196	196

X^0	200	200	200
X^1	196	196	196
X^2	196	196	196

X^0	199	199	199
X^1	198	198	198
X^2	199	199	199

X^0	199	199	199
X^1	199	199	199
X^2	200	200	200

X^0	197	197	197
X^1	196	191	194
X^2	197	197	197

X^0	193	192	193
X^1	198	198	198
X^2	200	200	200

X^0	197	121	124
X^1	197	158	161
X^2	197	197	197

X^0	198	198	198
X^1	198	198	198
X^2	199	199	199

X^0	193	193	193
X^1	199	198	199
X^2	200	200	200

X^0	199	197	198
X^1	200	200	200
X^2	199	199	199

X^0	197	191	192
X^1	199	197	199
X^2	199	199	199

X^0	199	197	199
X^1	199	199	199
X^2	200	200	200

X^0	199	199	199
X^1	198	198	198
X^2	196	196	196

X^0	196	192	194
X^1	195	195	195
X^2	200	200	200

X^0	196	196	196
X^1	200	200	200
X^2	200	200	200

X^0	198	198	198
X^1	199	199	199
X^2	199	199	199

X^0	199	189	189
X^1	200	194	194
X^2	200	200	200

X^0	199	199	199
X^1	198	198	198
X^2	200	200	200

X^0	196	196	196
X^1	200	200	200
X^2	194	194	194

X^0	200	195	195
X^1	200	198	198
X^2	200	200	200

X^0	196	195	196
X^1	198	198	198
X^2	198	198	198

X^0	198	197	198
X^1	198	198	198
X^2	197	197	197

X^0	199	199	199
X^1	199	199	199
X^2	200	200	200

X^0	197	197	197
X^1	198	198	198
X^2	200	200	200

X^0	198	198	198
X^1	197	197	197
X^2	198	198	198

X^0	200	200	200
X^1	200	200	200
X^2	200	200	200

X^0	200	200	200
X^1	197	197	197
X^2	200	200	200

X^0	194	194	194
X^1	200	200	200
X^2	199	199	199

X^0	199	199	199
X^1	199	199	199
X^2	200	200	200

X^0	199	195	199
X^1	199	199	199
X^2	200	200	200

X^0	200	200	200
X^1	200	200	200
X^2	200	200	200

X^0	199	199	199
X^1	199	199	199
X^2	194	194	194

X^0	199	181	182
X^1	199	192	193
X^2	199	199	199

X^0	200	200	200
X^1	200	200	200
X^2	194	194	194

X^0	200	200	200
X^1	200	200	200
X^2	199	199	199

X^0	197	196	197
X^1	199	199	199
X^2	197	197	197

X^0	199	199	199
X^1	199	199	199
X^2	200	200	200

X^0	200	196	199
X^1	200	200	200
X^2	197	197	197

X^0	199	196	199
X^1	200	198	200
X^2	198	198	198

X^0	194	194	194
X^1	200	200	200
X^2	199	199	199

X^0	199	199	199
X^1	195	195	195
X^2	200	200	200

X^0	196	196	196
X^1	199	199	199
X^2	199	199	199

X^0	198	198	198
X^1	198	198	198
X^2	197	197	197

X^0	197	197	197
X^1	198	198	198
X^2	200	200	200

X^0	200	199	199
X^1	200	200	200
X^2	200	200	200

X^0	200	195	195
X^1	198	193	193
X^2	200	200	200

X^0	194	193	194
X^1	198	198	198
X^2	198	198	198

X^0	197	155	157
X^1	198	160	162
X^2	198	198	198

X^0	199	199	199
X^1	197	197	197
X^2	199	199	199

X^0	198	198	198
X^1	198	198	198
X^2	199	199	199

X^0	199	199	199
X^1	197	197	197
X^2	200	200	200

X^0	199	199	199
X^1	199	199	199
X^2	195	195	195

X^0	200	197	199
X^1	200	200	200
X^2	200	200	200

X^0	200	199	200
X^1	197	197	197
X^2	199	199	199

X^0	199	199	199
X^1	200	199	200
X^2	198	198	198

X^0	196	196	196
X^1	197	197	197
X^2	200	200	200

X^0	200	200	200
X^1	200	200	200
X^2	200	200	200

X^0	200	200	200
X^1	200	200	200
X^2	200	200	200

X^0	197	194	196
X^1	200	200	200
X^2	199	199	199

X^0	198	198	198
X^1	200	200	200
X^2	200	200	200

X^0	195	195	195
X^1	198	198	198
X^2	197	197	197

X^0	200	200	200
X^1	199	198	198
X^2	200	200	200

X^0	198	196	198
X^1	199	199	199
X^2	198	198	198

X^0	198	196	198
X^1	198	198	198
X^2	200	200	200

X^0	200	200	200
X^1	200	200	200
X^2	200	200	200

X^0	198	198	198
X^1	198	198	198
X^2	198	198	198

X^0	198	196	198
X^1	198	198	198
X^2	192	192	192

X^0	197	148	148
X^1	199	175	175
X^2	200	200	200

X^0	197	197	197
X^1	197	197	197
X^2	197	197	197

X^0	199	190	190
X^1	200	192	192
X^2	200	200	200

X^0	198	186	186
X^1	198	190	190
X^2	200	200	200

X^0	197	197	197
X^1	197	197	197
X^2	199	199	199

X^0	196	196	196
X^1	198	195	198
X^2	198	198	198

X^0	199	199	199
X^1	199	199	199
X^2	190	190	190

X^0	200	200	200
X^1	197	197	197
X^2	200	200	200

X^0	197	196	197
X^1	198	193	193
X^2	200	200	200

X^0	199	199	199
X^1	199	199	199
X^2	199	199	199

X^0	200	200	200
X^1	200	200	200
X^2	197	197	197

X^0	199	199	199
X^1	199	199	199
X^2	195	195	195

X^0	196	196	196
X^1	196	196	196
X^2	195	195	195

X^0	200	137	137
X^1	200	153	153
X^2	200	200	200

X^0	198	198	198
X^1	200	200	200
X^2	200	200	200

X^0	199	199	199
X^1	199	199	199
X^2	199	199	199

X^0	198	198	198
X^1	200	200	200
X^2	196	196	196

X^0	200	198	199
X^1	199	199	199
X^2	200	200	200

X^0	199	199	199
X^1	199	199	199
X^2	199	199	199

X^0	194	192	194
X^1	198	198	198
X^2	200	200	200

X^0	200	200	200
X^1	196	196	196
X^2	198	198	198

X^0	199	199	199
X^1	196	196	196
X^2	198	198	198

X^0	198	176	176
X^1	198	177	177
X^2	200	200	200

X^0	199	199	199
X^1	199	199	199
X^2	200	200	200

X^0	199	199	199
X^1	199	199	199
X^2	200	200	200

X^0	200	199	200
X^1	200	200	200
X^2	200	200	200

X^0	199	199	199
X^1	200	200	200
X^2	197	197	197

X^0	200	200	200
X^1	200	200	200
X^2	200	200	200

X^0	197	172	172
X^1	197	170	170
X^2	200	200	200

X^0	197	197	197
X^1	199	199	199
X^2	198	198	198

X^0	199	199	199
X^1	198	198	198
X^2	198	198	198

X^0	194	178	184
X^1	194	178	184
X^2	194	194	194

X^0	199	195	196
X^1	197	196	196
X^2	200	200	200

X^0	200	200	200
X^1	199	199	199
X^2	199	199	199

X^0	199	198	199
X^1	200	198	198
X^2	200	200	200

X^0	199	199	199
X^1	199	199	199
X^2	199	199	199

X^0	190	190	190
X^1	195	195	195
X^2	200	200	200

X^0	199	199	199
X^1	199	199	199
X^2	200	200	200

X^0	199	199	199
X^1	200	200	200
X^2	195	195	195

X^0	199	198	199
X^1	199	199	199
X^2	200	200	200

X^0	199	199	199
X^1	199	199	199
X^2	198	198	198

X^0	199	188	188
X^1	199	193	196
X^2	200	200	200

X^0	199	198	199
X^1	199	199	199
X^2	199	199	199

X^0	199	199	199
X^1	200	200	200
X^2	199	199	199

X^0	200	200	200
X^1	199	198	198
X^2	200	200	200

X^0	199	199	199
X^1	198	198	198
X^2	199	199	199

X^0	200	200	200
X^1	198	198	198
X^2	200	200	200

X^0	199	189	190
X^1	199	195	196
X^2	199	199	199

X^0	199	199	199
X^1	200	200	200
X^2	200	200	200

X^0	198	191	194
X^1	200	200	200
X^2	200	200	200

X^0	199	199	199
X^1	200	200	200
X^2	200	200	200

X^0	199	199	199
X^1	199	199	199
X^2	200	200	200

X^0	199	194	194
X^1	199	199	199
X^2	200	200	200

X^0	198	195	196
X^1	200	200	200
X^2	200	200	200

X^0	198	171	172
X^1	199	121	122
X^2	200	200	200

X^0	191	187	191
X^1	192	191	192
X^2	195	195	195

X^0	200	200	200
X^1	199	199	199
X^2	200	200	200

X^0	199	199	199
X^1	199	199	199
X^2	200	200	200

X^0	200	200	200
X^1	200	200	200
X^2	200	200	200

X^0	196	196	196
X^1	199	199	199
X^2	199	199	199

X^0	199	199	199
X^1	198	198	198
X^2	197	197	197

X^0	199	195	198
X^1	199	199	199
X^2	200	200	200

X^0	198	159	160
X^1	199	197	197
X^2	200	200	200

X^0	199	198	199
X^1	199	199	199
X^2	200	200	200

X^0	198	197	198
X^1	193	193	193
X^2	200	200	200

X^0	199	199	199
X^1	199	199	199
X^2	200	200	200

X^0	196	194	196
X^1	198	198	198
X^2	200	200	200

X^0	195	193	195
X^1	197	197	197
X^2	197	197	197

X^0	199	199	199
X^1	198	198	198
X^2	199	199	199

X^0	199	199	199
X^1	199	199	199
X^2	199	199	199

X^0	199	199	199
X^1	199	199	199
X^2	199	199	199

X^0	199	199	199
X^1	199	199	199
X^2	198	198	198

X^0	200	186	187
X^1	200	192	193
X^2	200	200	200

X^0	199	199	199
X^1	195	194	195
X^2	199	199	199

X^0	199	162	163
X^1	199	182	183
X^2	199	199	199

X^0	199	192	193
X^1	199	186	187
X^2	199	199	199

X^0	200	196	196
X^1	199	198	199
X^2	200	200	200

X^0	200	200	200
X^1	197	197	197
X^2	199	199	199

X^0	199	199	199
X^1	199	199	199
X^2	200	200	200

X^0	199	197	198
X^1	200	199	200
X^2	200	200	200

X^0	199	198	198
X^1	200	200	200
X^2	200	200	200

X^0	197	195	197
X^1	196	196	196
X^2	199	199	199

X^0	199	195	197
X^1	200	200	200
X^2	200	200	200

X^0	198	198	198
X^1	196	196	196
X^2	200	200	200

X^0	196	196	196
X^1	196	196	196
X^2	198	198	198

X^0	197	186	189
X^1	197	197	197
X^2	200	200	200

X^0	196	196	196
X^1	200	200	200
X^2	200	200	200

X^0	199	199	199
X^1	200	200	200
X^2	200	200	200

X^0	198	198	198
X^1	200	200	200
X^2	199	199	199

X^0	199	198	199
X^1	199	199	199
X^2	199	199	199

X^0	199	198	198
X^1	196	195	195
X^2	200	200	200

X^0	199	199	199
X^1	200	200	200
X^2	200	200	200

X^0	200	200	200
X^1	200	200	200
X^2	200	200	200

X^0	199	199	199
X^1	199	199	199
X^2	199	199	199

X^0	197	197	197
X^1	199	199	199
X^2	199	199	199

X^0	197	197	197
X^1	199	199	199
X^2	197	197	197

X^0	198	198	198
X^1	200	200	200
X^2	198	198	198

X^0	199	199	199
X^1	200	200	200
X^2	197	197	197

X^0	196	196	196
X^1	196	196	196
X^2	200	200	200

X^0	200	199	200
X^1	199	199	199
X^2	198	198	198

X^0	199	199	199
X^1	197	197	197
X^2	192	192	192

X^0	199	198	199
X^1	196	196	196
X^2	200	200	200

X^0	199	199	199
X^1	198	198	198
X^2	197	197	197

X^0	197	195	197
X^1	197	197	197
X^2	200	200	200

X^0	198	198	198
X^1	198	198	198
X^2	199	199	199

X^0	199	199	199
X^1	200	200	200
X^2	195	195	195

X^0	192	188	190
X^1	199	198	199
X^2	199	199	199

X^0	199	199	199
X^1	200	187	188
X^2	200	200	200

X^0	198	198	198
X^1	199	197	198
X^2	199	199	199

X^0	197	196	197
X^1	197	197	197
X^2	199	199	199

X^0	196	193	193
X^1	199	194	194
X^2	200	200	200

X^0	200	200	200
X^1	200	200	200
X^2	197	197	197

X^0	196	165	169
X^1	196	185	186
X^2	199	199	199

X^0	198	198	198
X^1	198	198	198
X^2	199	199	199

X^0	196	195	196
X^1	192	192	192
X^2	200	200	200

X^0	198	198	198
X^1	198	198	198
X^2	200	200	200

X^0	200	200	200
X^1	200	200	200
X^2	199	199	199

X^0	199	199	199
X^1	199	199	199
X^2	200	200	200

X^0	200	200	200
X^1	199	199	199
X^2	199	199	199

X^0	197	196	197
X^1	199	197	199
X^2	198	198	198

X^0	199	198	198
X^1	198	198	198
X^2	200	200	200

X^0	196	196	196
X^1	195	195	195
X^2	200	200	200

X^0	198	198	198
X^1	197	196	197
X^2	198	198	198

X^0	199	197	199
X^1	199	199	199
X^2	200	200	200

X^0	198	196	198
X^1	194	194	194
X^2	198	198	198

X^0	200	200	200
X^1	200	200	200
X^2	199	199	199

X^0	199	199	199
X^1	199	199	199
X^2	192	192	192

X^0	199	199	199
X^1	198	179	180
X^2	199	199	199

X^0	200	200	200
X^1	200	200	200
X^2	200	200	200

X^0	197	197	197
X^1	199	199	199
X^2	200	200	200

X^0	195	193	194
X^1	200	200	200
X^2	199	199	199

X^0	198	195	197
X^1	196	195	196
X^2	200	200	200

X^0	198	177	178
X^1	200	177	178
X^2	200	200	200

X^0	198	198	198
X^1	200	199	199
X^2	200	200	200

X^0	196	196	196
X^1	199	199	199
X^2	200	200	200

X^0	196	193	196
X^1	200	200	200
X^2	200	200	200

X^0	198	198	198
X^1	200	200	200
X^2	200	200	200

X^0	197	197	197
X^1	198	198	198
X^2	198	198	198

X^0	199	196	197
X^1	199	199	199
X^2	196	196	196

X^0	199	199	199
X^1	198	198	198
X^2	200	200	200

X^0	199	180	181
X^1	197	185	188
X^2	200	200	200

X^0	198	198	198
X^1	200	200	200
X^2	199	199	199

X^0	197	197	197
X^1	200	200	200
X^2	199	199	199

X^0	196	194	196
X^1	196	196	196
X^2	198	198	198

X^0	196	196	196
X^1	197	197	197
X^2	200	200	200

X^0	195	163	169
X^1	198	167	173
X^2	198	198	198

X^0	195	194	195
X^1	196	195	196
X^2	198	198	198

X^0	195	195	195
X^1	197	197	197
X^2	200	200	200

X^0	198	189	196
X^1	198	194	196
X^2	198	198	198

X^0	198	198	198
X^1	200	200	200
X^2	191	191	191

X^0	194	194	194
X^1	200	200	200
X^2	200	200	200

X^0	198	198	198
X^1	198	198	198
X^2	198	198	198

X^0	200	192	193
X^1	200	196	198
X^2	200	200	200

X^0	200	198	198
X^1	200	198	198
X^2	200	200	200

X^0	198	198	198
X^1	200	200	200
X^2	198	198	198

X^0	198	160	163
X^1	198	184	186
X^2	198	198	198

X^0	200	200	200
X^1	200	200	200
X^2	198	198	198

X^0	199	198	199
X^1	199	199	199
X^2	200	200	200

X^0	200	200	200
X^1	200	200	200
X^2	198	198	198

X^0	198	198	198
X^1	198	198	198
X^2	198	198	198

X^0	199	196	198
X^1	199	199	199
X^2	198	198	198

X^0	199	199	199
X^1	199	199	199
X^2	199	199	199

X^0	200	200	200
X^1	198	198	198
X^2	198	198	198

X^0	200	199	199
X^1	198	194	194
X^2	200	200	200

X^0	198	194	195
X^1	198	194	195
X^2	199	199	199

X^0	197	197	197
X^1	197	197	197
X^2	200	200	200

X^0	198	196	198
X^1	199	199	199
X^2	200	200	200

X^0	199	199	199
X^1	197	197	197
X^2	200	200	200

X^0	199	199	199
X^1	200	200	200
X^2	200	200	200

X^0	200	198	198
X^1	199	197	197
X^2	200	200	200

X^0	197	197	197
X^1	197	197	197
X^2	199	199	199

X^0	198	192	193
X^1	200	197	199
X^2	199	199	199

X^0	199	192	193
X^1	199	198	199
X^2	199	199	199

X^0	199	196	196
X^1	198	197	197
X^2	200	200	200

X^0	199	199	199
X^1	199	199	199
X^2	200	200	200

X^0	197	197	197
X^1	197	197	197
X^2	200	200	200

X^0	200	200	200
X^1	200	200	200
X^2	200	200	200

X^0	196	193	196
X^1	196	196	196
X^2	197	197	197

X^0	200	200	200
X^1	196	196	196
X^2	200	200	200

X^0	197	195	197
X^1	196	196	196
X^2	200	200	200

X^0	196	195	196
X^1	196	196	196
X^2	195	195	195

X^0	198	198	198
X^1	200	200	200
X^2	200	200	200

X^0	196	196	196
X^1	199	199	199
X^2	199	199	199

X^0	198	195	198
X^1	199	196	197
X^2	200	200	200

X^0	198	198	198
X^1	200	200	200
X^2	199	199	199

X^0	194	194	194
X^1	199	199	199
X^2	196	196	196

X^0	200	200	200
X^1	198	197	198
X^2	200	200	200

X^0	200	199	200
X^1	197	197	197
X^2	198	198	198

X^0	193	173	174
X^1	200	192	192
X^2	200	200	200

X^0	199	199	199
X^1	199	199	199
X^2	198	198	198

X^0	195	195	195
X^1	198	198	198
X^2	200	200	200

X^0	199	199	199
X^1	200	200	200
X^2	200	200	200

X^0	199	197	199
X^1	197	197	197
X^2	199	199	199

X^0	196	194	196
X^1	196	196	196
X^2	196	196	196

X^0	196	196	196
X^1	196	196	196
X^2	197	197	197

X^0	200	200	200
X^1	200	196	196
X^2	200	200	200

X^0	195	195	195
X^1	199	199	199
X^2	196	196	196

X^0	197	197	197
X^1	198	197	198
X^2	199	199	199

X^0	198	198	198
X^1	198	198	198
X^2	199	199	199

X^0	198	196	197
X^1	200	200	200
X^2	199	199	199

X^0	199	198	199
X^1	198	198	198
X^2	200	200	200

X^0	200	200	200
X^1	200	200	200
X^2	200	200	200

X^0	197	174	179
X^1	197	184	187
X^2	197	197	197

X^0	200	200	200
X^1	199	199	199
X^2	199	199	199

X^0	199	199	199
X^1	199	199	199
X^2	200	200	200

X^0	199	199	199
X^1	199	199	199
X^2	197	197	197

X^0	197	197	197
X^1	197	197	197
X^2	199	199	199

X^0	197	193	196
X^1	197	197	197
X^2	196	196	196

X^0	199	196	199
X^1	197	197	197
X^2	199	199	199

X^0	196	196	196
X^1	199	199	199
X^2	200	200	200

X^0	199	199	199
X^1	199	199	199
X^2	195	195	195

X^0	199	199	199
X^1	200	200	200
X^2	200	200	200

X^0	197	197	197
X^1	197	197	197
X^2	199	199	199

X^0	200	199	200
X^1	200	200	200
X^2	200	200	200

X^0	200	131	131
X^1	200	168	168
X^2	200	200	200

X^0	196	196	196
X^1	196	196	196
X^2	200	200	200

X^0	197	186	189
X^1	197	189	192
X^2	197	197	197

X^0	198	198	198
X^1	200	200	200
X^2	200	200	200

X^0	197	193	194
X^1	199	198	199
X^2	200	200	200

X^0	199	199	199
X^1	197	197	197
X^2	200	200	200

X^0	198	198	198
X^1	188	188	188
X^2	199	199	199

X^0	197	197	197
X^1	197	197	197
X^2	200	200	200

X^0	199	199	199
X^1	199	199	199
X^2	199	199	199

X^0	197	197	197
X^1	198	198	198
X^2	198	198	198

X^0	197	196	197
X^1	199	199	199
X^2	200	200	200

X^0	198	198	198
X^1	200	200	200
X^2	198	198	198

X^0	196	195	196
X^1	199	195	196
X^2	200	200	200

X^0	198	198	198
X^1	198	198	198
X^2	200	200	200

X^0	199	187	187
X^1	200	185	185
X^2	200	200	200

X^0	199	199	199
X^1	200	200	200
X^2	200	200	200

X^0	198	198	198
X^1	196	191	193
X^2	199	199	199

X^0	199	198	199
X^1	199	199	199
X^2	200	200	200

X^0	199	199	199
X^1	197	196	197
X^2	200	200	200

X^0	200	200	200
X^1	200	200	200
X^2	200	200	200

X^0	198	194	196
X^1	198	193	195
X^2	198	198	198

X^0	199	199	199
X^1	199	199	199
X^2	200	200	200

X^0	199	198	199
X^1	199	198	199
X^2	199	199	199

X^0	198	198	198
X^1	198	198	198
X^2	197	197	197

X^0	199	192	193
X^1	199	199	199
X^2	199	199	199

X^0	195	169	172
X^1	198	183	185
X^2	198	198	198

X^0	199	195	197
X^1	200	195	197
X^2	200	200	200

X^0	199	199	199
X^1	199	199	199
X^2	200	200	200

X^0	200	200	200
X^1	200	200	200
X^2	199	199	199

X^0	198	198	198
X^1	198	198	198
X^2	198	198	198

X^0	199	199	199
X^1	199	199	199
X^2	200	200	200

X^0	198	197	198
X^1	199	198	199
X^2	199	199	199

X^0	200	199	199
X^1	200	200	200
X^2	200	200	200

X^0	198	198	198
X^1	198	198	198
X^2	200	200	200

X^0	201	-436	0
X^1	199	-117	0
X^2	199	199	199

X^0	198	198	198
X^1	196	196	196
X^2	200	200	200

X^0	197	193	196
X^1	200	198	199
X^2	200	200	200

X^0	195	195	195
X^1	200	200	200
X^2	198	198	198

X^0	199	198	199
X^1	199	199	199
X^2	200	200	200

X^0	194	192	194
X^1	194	194	194
X^2	200	200	200

X^0	199	197	199
X^1	199	199	199
X^2	199	199	199

X^0	199	97	97
X^1	200	81	81
X^2	200	200	200

X^0	200	200	200
X^1	200	200	200
X^2	200	200	200

X^0	199	199	199
X^1	199	199	199
X^2	198	198	198

X^0	196	134	136
X^1	199	140	142
X^2	199	199	199

X^0	200	200	200
X^1	199	199	199
X^2	200	200	200

X^0	200	198	200
X^1	196	191	195
X^2	199	199	199

X^0	199	199	199
X^1	195	195	195
X^2	198	198	198

X^0	198	198	198
X^1	198	198	198
X^2	200	200	200

X^0	199	199	199
X^1	199	199	199
X^2	200	200	200

X^0	197	195	197
X^1	199	199	199
X^2	200	200	200

X^0	199	199	199
X^1	199	199	199
X^2	197	197	197

X^0	199	198	199
X^1	197	197	197
X^2	200	200	200

X^0	198	197	198
X^1	199	199	199
X^2	196	196	196

X^0	198	196	197
X^1	198	197	198
X^2	199	199	199

X^0	198	194	195
X^1	199	199	199
X^2	200	200	200

X^0	200	200	200
X^1	200	200	200
X^2	200	200	200

X^0	196	195	196
X^1	196	196	196
X^2	197	197	197

X^0	200	199	200
X^1	200	200	200
X^2	200	200	200

X^0	199	199	199
X^1	199	199	199
X^2	198	198	198

X^0	199	197	198
X^1	199	199	199
X^2	199	199	199

X^0	196	192	196
X^1	193	193	193
X^2	199	199	199

X^0	199	196	197
X^1	199	198	199
X^2	199	199	199

X^0	199	199	199
X^1	200	199	200
X^2	199	199	199

X^0	198	198	198
X^1	199	199	199
X^2	198	198	198

X^0	196	196	196
X^1	199	197	197
X^2	200	200	200

X^0	198	198	198
X^1	198	198	198
X^2	200	200	200

X^0	195	195	195
X^1	200	200	200
X^2	200	200	200

X^0	198	198	198
X^1	200	200	200
X^2	191	191	191

X^0	193	188	189
X^1	198	193	194
X^2	199	199	199

X^0	197	196	197
X^1	199	199	199
X^2	198	198	198

X^0	195	191	192
X^1	199	196	197
X^2	199	199	199

X^0	199	199	199
X^1	199	199	199
X^2	200	200	200

X^0	196	196	196
X^1	196	196	196
X^2	199	199	199

X^0	197	162	165
X^1	197	183	186
X^2	197	197	197

X^0	200	194	195
X^1	200	200	200
X^2	199	199	199

X^0	198	198	198
X^1	200	199	199
X^2	200	200	200

X^0	197	197	197
X^1	200	200	200
X^2	198	198	198

X^0	195	195	195
X^1	197	197	197
X^2	200	200	200

X^0	199	199	199
X^1	198	198	198
X^2	200	200	200

X^0	199	198	199
X^1	195	195	195
X^2	200	200	200

X^0	195	195	195
X^1	198	198	198
X^2	198	198	198

X^0	197	197	197
X^1	196	194	196
X^2	197	197	197

X^0	196	195	196
X^1	197	197	197
X^2	199	199	199

X^0	199	198	198
X^1	200	200	200
X^2	200	200	200

X^0	198	198	198
X^1	199	199	199
X^2	200	200	200

X^0	199	199	199
X^1	198	198	198
X^2	200	200	200

X^0	200	199	200
X^1	200	200	200
X^2	200	200	200

X^0	199	199	199
X^1	199	199	199
X^2	198	198	198

X^0	199	191	195
X^1	197	188	192
X^2	197	197	197

X^0	199	199	199
X^1	198	198	198
X^2	200	200	200

X^0	199	196	199
X^1	199	199	199
X^2	200	200	200

X^0	198	194	197
X^1	198	198	198
X^2	200	200	200

X^0	199	199	199
X^1	194	194	194
X^2	195	195	195

X^0	199	199	199
X^1	200	200	200
X^2	198	198	198

X^0	198	198	198
X^1	199	199	199
X^2	198	198	198

X^0	196	196	196
X^1	196	195	196
X^2	199	199	199

X^0	199	199	199
X^1	200	200	200
X^2	196	196	196

X^0	199	198	199
X^1	199	199	199
X^2	200	200	200

X^0	200	200	200
X^1	197	197	197
X^2	200	200	200

X^0	198	198	198
X^1	199	199	199
X^2	200	200	200

X^0	196	193	196
X^1	200	200	200
X^2	200	200	200

X^0	198	198	198
X^1	200	200	200
X^2	200	200	200

X^0	199	198	199
X^1	199	199	199
X^2	200	200	200

X^0	198	198	198
X^1	198	198	198
X^2	199	199	199

X^0	200	197	199
X^1	198	198	198
X^2	200	200	200

X^0	200	200	200
X^1	200	200	200
X^2	200	200	200

X^0	198	198	198
X^1	200	200	200
X^2	198	198	198

X^0	199	199	199
X^1	199	199	199
X^2	199	199	199

X^0	199	195	197
X^1	200	200	200
X^2	200	200	200

X^0	197	197	197
X^1	198	198	198
X^2	198	198	198

X^0	200	200	200
X^1	200	200	200
X^2	198	198	198

X^0	200	199	200
X^1	198	198	198
X^2	200	200	200

X^0	197	197	197
X^1	197	197	197
X^2	199	199	199

X^0	199	195	199
X^1	199	199	199
X^2	199	199	199

X^0	199	199	199
X^1	199	199	199
X^2	199	199	199

X^0	196	196	196
X^1	200	199	200
X^2	199	199	199

X^0	198	198	198
X^1	199	199	199
X^2	199	199	199

X^0	199	199	199
X^1	198	198	198
X^2	195	195	195

X^0	197	197	197
X^1	199	199	199
X^2	198	198	198

X^0	199	196	199
X^1	197	197	197
X^2	200	200	200

X^0	199	199	199
X^1	198	198	198
X^2	199	199	199

X^0	196	196	196
X^1	199	199	199
X^2	197	197	197

X^0	199	197	198
X^1	198	197	198
X^2	199	199	199

X^0	198	196	198
X^1	193	193	193
X^2	199	199	199

X^0	199	196	196
X^1	199	197	197
X^2	200	200	200

X^0	193	193	193
X^1	197	195	197
X^2	197	197	197

X^0	199	195	196
X^1	199	195	196
X^2	199	199	199

X^0	199	191	193
X^1	199	197	197
X^2	200	200	200

X^0	198	196	198
X^1	198	196	198
X^2	198	198	198

X^0	199	199	199
X^1	199	199	199
X^2	200	200	200

X^0	200	199	200
X^1	200	200	200
X^2	198	198	198

X^0	199	198	199
X^1	199	199	199
X^2	199	199	199

X^0	197	192	193
X^1	200	200	200
X^2	200	200	200

X^0	199	199	199
X^1	199	199	199
X^2	199	199	199

X^0	200	200	200
X^1	200	200	200
X^2	200	200	200

X^0	197	197	197
X^1	199	199	199
X^2	200	200	200

X^0	200	196	196
X^1	200	199	199
X^2	200	200	200

X^0	200	197	200
X^1	200	200	200
X^2	198	198	198

X^0	197	197	197
X^1	197	197	197
X^2	199	199	199

Average
X^0	198.093000000000	191.866000000000	194.956000000000
X^1	198.431000000000	194.982000000000	196.291000000000
X^2	198.950000000000	198.950000000000	198.950000000000
Deviation
X^0	1.70714703526071	73.7898505487035	14.5129619306330
X^1	1.58342634814234	37.6030540780932	12.1007569597938
X^2	1.50781298575220	1.50781298575220	1.50781298575220
Ratio of success: 1.00000000000000

----

